"Date","Location","jumlah_positif","jumlah_sembuh","jumlah_dirawat","jumlah_meninggal","jumlah_positif_kum","jumlah_sembuh_kum","jumlah_dirawat_kum","jumlah_meninggal_kum"
"2020-03-03","National",0,0,0,0,0,0,0,0
"2020-03-04","National",0,0,0,0,0,0,0,0
"2020-03-05","National",0,0,0,0,0,0,0,0
"2020-03-06","National",0,0,0,0,0,0,0,0
"2020-03-07","National",0,0,0,0,0,0,0,0
"2020-03-08","National",0,0,0,0,0,0,0,0
"2020-03-09","National",13,0,13,0,13,0,13,0
"2020-03-10","National",8,2,6,0,21,2,19,0
"2020-03-11","National",7,0,6,1,28,2,25,1
"2020-03-12","National",0,0,0,0,28,2,25,1
"2020-03-13","National",35,0,32,3,63,2,57,4
"2020-03-14","National",27,6,20,1,90,8,77,5
"2020-03-15","National",21,0,21,0,111,8,98,5
"2020-03-16","National",17,0,17,0,128,8,115,5
"2020-03-17","National",38,1,37,0,166,9,152,5
"2020-03-18","National",0,0,0,0,166,9,152,5
"2020-03-19","National",82,4,72,6,248,13,224,11
"2020-03-20","National",60,2,51,7,308,15,275,18
"2020-03-21","National",81,3,72,6,389,18,347,24
"2020-03-22","National",64,9,45,10,453,27,392,34
"2020-03-23","National",0,0,0,0,453,27,392,34
"2020-03-24","National",106,0,100,6,559,27,492,40
"2020-03-25","National",105,1,101,3,664,28,593,43
"2020-03-26","National",103,4,79,20,767,32,672,63
"2020-03-27","National",153,11,133,9,920,43,805,72
"2020-03-28","National",109,13,81,15,1029,56,886,87
"2020-03-29","National",130,5,113,12,1159,61,999,99
"2020-03-30","National",129,11,110,8,1288,72,1109,107
"2020-03-31","National",0,0,0,0,1288,72,1109,107
"2020-04-01","National",149,22,106,21,1437,94,1215,128
"2020-04-02","National",113,9,91,13,1550,103,1306,141
"2020-04-03","National",196,22,163,11,1746,125,1469,152
"2020-04-04","National",106,16,80,10,1852,141,1549,162
"2020-04-05","National",181,14,160,7,2033,155,1709,169
"2020-04-06","National",218,28,179,11,2251,183,1888,180
"2020-04-07","National",0,0,0,0,2251,183,1888,180
"2020-04-08","National",218,18,181,19,2469,201,2069,199
"2020-04-09","National",337,30,267,40,2806,231,2336,239
"2020-04-10","National",219,30,163,26,3025,261,2499,265
"2020-04-11","National",0,0,0,0,3025,261,2499,265
"2020-04-12","National",0,0,0,0,3025,261,2499,265
"2020-04-13","National",316,21,269,26,3341,282,2768,291
"2020-04-14","National",0,0,0,0,3341,282,2768,291
"2020-04-15","National",297,20,267,10,3638,302,3035,301
"2020-04-16","National",380,102,251,27,4018,404,3286,328
"2020-04-17","National",407,59,324,24,4425,463,3610,352
"2020-04-18","National",325,24,286,15,4750,487,3896,367
"2020-04-19","National",327,55,225,47,5077,542,4121,414
"2020-04-20","National",185,61,116,8,5262,603,4237,422
"2020-04-21","National",375,95,254,26,5637,698,4491,448
"2020-04-22","National",283,71,193,19,5920,769,4684,467
"2020-04-23","National",357,47,298,12,6277,816,4982,479
"2020-04-24","National",0,0,0,0,6277,816,4982,479
"2020-04-25","National",0,0,0,0,6277,816,4982,479
"2020-04-26","National",275,65,187,23,6552,881,5169,502
"2020-04-27","National",214,44,148,22,6766,925,5317,524
"2020-04-28","National",0,0,0,0,6766,925,5317,524
"2020-04-29","National",260,137,112,11,7026,1062,5429,535
"2020-04-30","National",347,131,208,8,7373,1193,5637,543
"2020-05-01","National",433,69,356,8,7806,1262,5993,551
"2020-05-02","National",292,74,187,31,8098,1336,6180,582
"2020-05-03","National",349,211,124,14,8447,1547,6304,596
"2020-05-04","National",395,78,298,19,8842,1625,6602,615
"2020-05-05","National",484,243,233,8,9326,1868,6835,623
"2020-05-06","National",367,120,224,23,9693,1988,7059,646
"2020-05-07","National",338,64,239,35,10031,2052,7298,681
"2020-05-08","National",336,113,210,13,10367,2165,7508,694
"2020-05-09","National",533,113,404,16,10900,2278,7912,710
"2020-05-10","National",387,91,282,14,11287,2369,8194,724
"2020-05-11","National",0,0,0,0,11287,2369,8194,724
"2020-05-12","National",484,182,286,16,11771,2551,8480,740
"2020-05-13","National",689,224,444,21,12460,2775,8924,761
"2020-05-14","National",568,231,322,15,13028,3006,9246,776
"2020-05-15","National",490,285,172,33,13518,3291,9418,809
"2020-05-16","National",529,108,408,13,14047,3399,9826,822
"2020-05-17","National",489,218,212,59,14536,3617,10038,881
"2020-05-18","National",496,195,258,43,15032,3812,10296,924
"2020-05-19","National",486,143,313,30,15518,3955,10609,954
"2020-05-20","National",693,108,564,21,16211,4063,11173,975
"2020-05-21","National",973,263,674,36,17184,4326,11847,1011
"2020-05-22","National",634,219,367,48,17818,4545,12214,1059
"2020-05-23","National",949,192,732,25,18767,4737,12946,1084
"2020-05-24","National",526,153,352,21,19293,4890,13298,1105
"2020-05-25","National",479,240,220,19,19772,5130,13518,1124
"2020-05-26","National",415,235,153,27,20187,5365,13671,1151
"2020-05-27","National",0,0,0,0,20187,5365,13671,1151
"2020-05-28","National",687,183,481,23,20874,5548,14152,1174
"2020-05-29","National",0,0,0,0,20874,5548,14152,1174
"2020-05-30","National",557,523,-19,53,21431,6071,14133,1227
"2020-05-31","National",0,0,0,0,21431,6071,14133,1227
"2020-06-01","National",467,329,110,28,21898,6400,14243,1255
"2020-06-02","National",609,298,289,22,22507,6698,14532,1277
"2020-06-03","National",0,0,0,0,22507,6698,14532,1277
"2020-06-04","National",585,486,76,23,23092,7184,14608,1300
"2020-06-05","National",703,551,103,49,23795,7735,14711,1349
"2020-06-06","National",993,464,498,31,24788,8199,15209,1380
"2020-06-07","National",672,591,31,50,25460,8790,15240,1430
"2020-06-08","National",847,406,409,32,26307,9196,15649,1462
"2020-06-09","National",1042,510,492,40,27349,9706,16141,1502
"2020-06-10","National",1241,715,490,36,28590,10421,16631,1538
"2020-06-11","National",979,507,431,41,29569,10928,17062,1579
"2020-06-12","National",1111,577,486,48,30680,11505,17548,1627
"2020-06-13","National",1014,563,408,43,31694,12068,17956,1670
"2020-06-14","National",857,755,59,43,32551,12823,18015,1713
"2020-06-15","National",0,0,0,0,32551,12823,18015,1713
"2020-06-16","National",1106,580,493,33,33657,13403,18508,1746
"2020-06-17","National",1031,540,446,45,34688,13943,18954,1791
"2020-06-18","National",1331,555,713,63,36019,14498,19667,1854
"2020-06-19","National",1041,551,456,34,37060,15049,20123,1888
"2020-06-20","National",1226,534,636,56,38286,15583,20759,1944
"2020-06-21","National",862,521,305,36,39148,16104,21064,1980
"2020-06-22","National",954,331,588,35,40102,16435,21652,2015
"2020-06-23","National",1051,506,510,35,41153,16941,22162,2050
"2020-06-24","National",1113,417,658,38,42266,17358,22820,2088
"2020-06-25","National",1178,791,340,47,43444,18149,23160,2135
"2020-06-26","National",1240,884,293,63,44684,19033,23453,2198
"2020-06-27","National",1385,576,772,37,46069,19609,24225,2235
"2020-06-28","National",1198,1027,137,34,47267,20636,24362,2269
"2020-06-29","National",1082,864,167,51,48349,21500,24529,2320
"2020-06-30","National",1293,1006,216,71,49642,22506,24745,2391
"2020-07-01","National",1385,789,538,58,51027,23295,25283,2449
"2020-07-02","National",1624,1072,499,53,52651,24367,25782,2502
"2020-07-03","National",1301,901,351,49,53952,25268,26133,2551
"2020-07-04","National",1447,651,743,53,55399,25919,26876,2604
"2020-07-05","National",1607,886,639,82,57006,26805,27515,2686
"2020-07-06","National",0,0,0,0,57006,26805,27515,2686
"2020-07-07","National",1268,866,334,68,58274,27671,27849,2754
"2020-07-08","National",1853,800,1003,50,60127,28471,28852,2804
"2020-07-09","National",2657,1066,1533,58,62784,29537,30385,2862
"2020-07-10","National",1611,878,681,52,64395,30415,31066,2914
"2020-07-11","National",1671,1190,415,66,66066,31605,31481,2980
"2020-07-12","National",1681,919,691,71,67747,32524,32172,3051
"2020-07-13","National",1282,1051,181,50,69029,33575,32353,3101
"2020-07-14","National",0,0,0,0,69029,33575,32353,3101
"2020-07-15","National",0,0,0,0,69029,33575,32353,3101
"2020-07-16","National",1574,1295,203,76,70603,34870,32556,3177
"2020-07-17","National",1462,1489,-111,84,72065,36359,32445,3261
"2020-07-18","National",1752,1434,259,59,73817,37793,32704,3320
"2020-07-19","National",1639,2133,-621,127,75456,39926,32083,3447
"2020-07-20","National",1693,1576,21,96,77149,41502,32104,3543
"2020-07-21","National",1655,1489,85,81,78804,42991,32189,3624
"2020-07-22","National",1882,1789,-46,139,80686,44780,32143,3763
"2020-07-23","National",0,0,0,0,80686,44780,32143,3763
"2020-07-24","National",1761,1781,-109,89,82447,46561,32034,3852
"2020-07-25","National",0,0,0,0,82447,46561,32034,3852
"2020-07-26","National",1492,1301,124,67,83939,47862,32158,3919
"2020-07-27","National",1525,1518,-50,57,85464,49380,32108,3976
"2020-07-28","National",1748,2366,-681,63,87212,51746,31427,4039
"2020-07-29","National",2381,1599,708,74,89593,53345,32135,4113
"2020-07-30","National",1904,2154,-333,83,91497,55499,31802,4196
"2020-07-31","National",2040,1615,352,73,93537,57114,32154,4269
"2020-08-01","National",0,0,0,0,93537,57114,32154,4269
"2020-08-02","National",1519,1056,420,43,95056,58170,32574,4312
"2020-08-03","National",1679,1262,351,66,96735,59432,32925,4378
"2020-08-04","National",1922,1813,23,86,98657,61245,32948,4464
"2020-08-05","National",1815,1839,-88,64,100472,63084,32860,4528
"2020-08-06","National",1882,1756,57,69,102354,64840,32917,4597
"2020-08-07","National",2473,1912,489,72,104827,66752,33406,4669
"2020-08-08","National",2277,1749,463,65,107104,68501,33869,4734
"2020-08-09","National",1893,1646,182,65,108997,70147,34051,4799
"2020-08-10","National",1687,1284,361,42,110684,71431,34412,4841
"2020-08-11","National",0,0,0,0,110684,71431,34412,4841
"2020-08-12","National",1942,2088,-225,79,112626,73519,34187,4920
"2020-08-13","National",2098,1760,273,65,114724,75279,34460,4985
"2020-08-14","National",2307,2060,194,53,117031,77339,34654,5038
"2020-08-15","National",2345,1703,592,50,119376,79042,35246,5088
"2020-08-16","National",2081,1782,220,79,121457,80824,35466,5167
"2020-08-17","National",1821,1355,409,57,123278,82179,35875,5224
"2020-08-18","National",1673,1848,-245,70,124951,84027,35630,5294
"2020-08-19","National",1902,2351,-518,69,126853,86378,35112,5363
"2020-08-20","National",0,0,0,0,126853,86378,35112,5363
"2020-08-21","National",2197,2317,-202,82,129050,88695,34910,5445
"2020-08-22","National",2090,2207,-211,94,131140,90902,34699,5539
"2020-08-23","National",2037,2302,-351,86,133177,93204,34348,5625
"2020-08-24","National",1877,3560,-1762,79,135054,96764,32586,5704
"2020-08-25","National",2447,1807,541,99,137501,98571,33127,5803
"2020-08-26","National",0,0,0,0,137501,98571,33127,5803
"2020-08-27","National",0,0,0,0,137501,98571,33127,5803
"2020-08-28","National",3003,2325,573,105,140504,100896,33700,5908
"2020-08-29","National",3308,1902,1314,92,143812,102798,35014,6000
"2020-08-30","National",0,0,0,0,143812,102798,35014,6000
"2020-08-31","National",0,0,0,0,143812,102798,35014,6000
"2020-09-01","National",2775,2098,589,88,146587,104896,35603,6088
"2020-09-02","National",0,0,0,0,146587,104896,35603,6088
"2020-09-03","National",3622,2084,1404,134,150209,106980,37007,6222
"2020-09-04","National",0,0,0,0,150209,106980,37007,6222
"2020-09-05","National",3128,2220,800,108,153337,109200,37807,6330
"2020-09-06","National",3444,2174,1185,85,156781,111374,38992,6415
"2020-09-07","National",2880,2077,698,105,159661,113451,39690,6520
"2020-09-08","National",3046,2306,640,100,162707,115757,40330,6620
"2020-09-09","National",3307,2242,959,106,166014,117999,41289,6726
"2020-09-10","National",3861,2310,1431,120,169875,120309,42720,6846
"2020-09-11","National",3737,2707,942,88,173612,123016,43662,6934
"2020-09-12","National",3806,2241,1459,106,177418,125257,45121,7040
"2020-09-13","National",3636,2552,1011,73,181054,127809,46132,7113
"2020-09-14","National",3141,3395,-372,118,184195,131204,45760,7231
"2020-09-15","National",3507,2660,723,124,187702,133864,46483,7355
"2020-09-16","National",3963,3036,792,135,191665,136900,47275,7490
"2020-09-17","National",3635,2585,928,122,195300,139485,48203,7612
"2020-09-18","National",3891,4088,-311,114,199191,143573,47892,7726
"2020-09-19","National",4168,3576,480,112,203359,147149,48372,7838
"2020-09-20","National",3989,2977,907,105,207348,150126,49279,7943
"2020-09-21","National",4176,3470,582,124,211524,153596,49861,8067
"2020-09-22","National",4071,3501,410,160,215595,157097,50271,8227
"2020-09-23","National",4465,3660,665,140,220060,160757,50936,8367
"2020-09-24","National",4634,3895,611,128,224694,164652,51547,8495
"2020-09-25","National",4823,4343,367,113,229517,168995,51914,8608
"2020-09-26","National",4494,3207,1197,90,234011,172202,53111,8698
"2020-09-27","National",3874,3611,185,78,237885,175813,53296,8776
"2020-09-28","National",0,0,0,0,237885,175813,53296,8776
"2020-09-29","National",4002,3567,307,128,241887,179380,53603,8904
"2020-09-30","National",4284,4510,-365,139,246171,183890,53238,9043
"2020-10-01","National",0,0,0,0,246171,183890,53238,9043
"2020-10-02","National",4317,2853,1348,116,250488,186743,54586,9159
"2020-10-03","National",4007,3712,212,83,254495,190455,54798,9242
"2020-10-04","National",0,0,0,0,254495,190455,54798,9242
"2020-10-05","National",3622,4140,-620,102,258117,194595,54178,9344
"2020-10-06","National",0,0,0,0,258117,194595,54178,9344
"2020-10-07","National",4538,3854,586,98,262655,198449,54764,9442
"2020-10-08","National",0,0,0,0,262655,198449,54764,9442
"2020-10-09","National",0,0,0,0,262655,198449,54764,9442
"2020-10-10","National",4294,3814,392,88,266949,202263,55156,9530
"2020-10-11","National",4497,3546,872,79,271446,205809,56028,9609
"2020-10-12","National",3267,3492,-316,91,274713,209301,55712,9700
"2020-10-13","National",3906,4777,-963,92,278619,214078,54749,9792
"2020-10-14","National",4127,4555,-557,129,282746,218633,54192,9921
"2020-10-15","National",4411,5810,-1511,112,287157,224443,52681,10033
"2020-10-16","National",4301,3883,339,79,291458,228326,53020,10112
"2020-10-17","National",4301,4048,169,84,295759,232374,53189,10196
"2020-10-18","National",0,0,0,0,295759,232374,53189,10196
"2020-10-19","National",3373,3919,-652,106,299132,236293,52537,10302
"2020-10-20","National",3602,4410,-925,117,302734,240703,51612,10419
"2020-10-21","National",4267,3856,288,123,307001,244559,51900,10542
"2020-10-22","National",4432,3497,833,102,311433,248056,52733,10644
"2020-10-23","National",4369,4094,157,118,315802,252150,52890,10762
"2020-10-24","National",4070,4119,-177,128,319872,256269,52713,10890
"2020-10-25","National",3732,4545,-907,94,323604,260814,51806,10984
"2020-10-26","National",3222,3908,-798,112,326826,264722,51008,11096
"2020-10-27","National",3520,4576,-1157,101,330346,269298,49851,11197
"2020-10-28","National",4029,3545,384,100,334375,272843,50235,11297
"2020-10-29","National",3565,3985,-509,89,337940,276828,49726,11386
"2020-10-30","National",2897,4517,-1701,81,340837,281345,48025,11467
"2020-10-31","National",0,0,0,0,340837,281345,48025,11467
"2020-11-01","National",2696,4141,-1519,74,343533,285486,46506,11541
"2020-11-02","National",2618,3624,-1107,101,346151,289110,45399,11642
"2020-11-03","National",2973,3931,-1060,102,349124,293041,44339,11744
"2020-11-04","National",3356,3785,-542,113,352480,296826,43797,11857
"2020-11-05","National",4065,3860,116,89,356545,300686,43913,11946
"2020-11-06","National",3778,3563,121,94,360323,304249,44034,12040
"2020-11-07","National",4262,3712,452,98,364585,307961,44486,12138
"2020-11-08","National",3880,3881,-75,74,368465,311842,44411,12212
"2020-11-09","National",2853,3968,-1190,75,371318,315810,43221,12287
"2020-11-10","National",3779,3475,232,72,375097,319285,43453,12359
"2020-11-11","National",0,0,0,0,375097,319285,43453,12359
"2020-11-12","National",4173,3102,974,97,379270,322387,44427,12456
"2020-11-13","National",0,0,0,0,379270,322387,44427,12456
"2020-11-14","National",0,0,0,0,379270,322387,44427,12456
"2020-11-15","National",0,0,0,0,379270,322387,44427,12456
"2020-11-16","National",3535,3452,-2,85,382805,325839,44425,12541
"2020-11-17","National",3807,3193,517,97,386612,329032,44942,12638
"2020-11-18","National",0,0,0,0,386612,329032,44942,12638
"2020-11-19","National",4798,4265,436,97,391410,333297,45378,12735
"2020-11-20","National",4792,3940,774,78,396202,337237,46152,12813
"2020-11-21","National",4998,3403,1499,96,401200,340640,47651,12909
"2020-11-22","National",4360,4233,17,110,405560,344873,47668,13019
"2020-11-23","National",4442,4198,126,118,410002,349071,47794,13137
"2020-11-24","National",4192,2927,1156,109,414194,351998,48950,13246
"2020-11-25","National",5534,4494,926,114,419728,356492,49876,13360
"2020-11-26","National",4917,3842,948,127,424645,360334,50824,13487
"2020-11-27","National",5828,3807,1852,169,430473,364141,52676,13656
"2020-11-28","National",0,0,0,0,430473,364141,52676,13656
"2020-11-29","National",0,0,0,0,430473,364141,52676,13656
"2020-11-30","National",4617,4725,-238,130,435090,368866,52438,13786
"2020-12-01","National",0,0,0,0,435090,368866,52438,13786
"2020-12-02","National",5533,4001,1414,118,440623,372867,53852,13904
"2020-12-03","National",8369,3673,4540,156,448992,376540,58392,14060
"2020-12-04","National",0,0,0,0,448992,376540,58392,14060
"2020-12-05","National",6027,4271,1646,110,455019,380811,60038,14170
"2020-12-06","National",0,0,0,0,455019,380811,60038,14170
"2020-12-07","National",5754,4431,1196,127,460773,385242,61234,14297
"2020-12-08","National",5292,4295,864,133,466065,389537,62098,14430
"2020-12-09","National",6058,3948,1939,171,472123,393485,64037,14601
"2020-12-10","National",6033,4530,1338,165,478156,398015,65375,14766
"2020-12-11","National",6310,4911,1224,175,484466,402926,66599,14941
"2020-12-12","National",6388,4490,1756,142,490854,407416,68355,15083
"2020-12-13","National",6189,4460,1563,166,497043,411876,69918,15249
"2020-12-14","National",5489,5121,231,137,502532,416997,70149,15386
"2020-12-15","National",6120,5699,266,155,508652,422696,70415,15541
"2020-12-16","National",6725,5328,1260,137,515377,428024,71675,15678
"2020-12-17","National",7354,4995,2217,142,522731,433019,73892,15820
"2020-12-18","National",6689,5016,1549,124,529420,438035,75441,15944
"2020-12-19","National",7751,4265,3341,145,537171,442300,78782,16089
"2020-12-20","National",6982,5551,1210,221,544153,447851,79992,16310
"2020-12-21","National",6848,5073,1570,205,551001,452924,81562,16515
"2020-12-22","National",6347,5838,337,172,557348,458762,81899,16687
"2020-12-23","National",7514,5981,1382,151,564862,464743,83281,16838
"2020-12-24","National",0,0,0,0,564862,464743,83281,16838
"2020-12-25","National",7259,6324,677,258,572121,471067,83958,17096
"2020-12-26","National",0,0,0,0,572121,471067,83958,17096
"2020-12-27","National",6528,6983,-698,243,578649,478050,83260,17339
"2020-12-28","National",5854,6302,-663,215,584503,484352,82597,17554
"2020-12-29","National",7903,6805,847,251,592406,491157,83444,17805
"2020-12-30","National",8002,6958,803,241,600408,498115,84247,18046
"2020-12-31","National",8074,7356,524,194,608482,505471,84771,18240
"2021-01-01","National",0,0,0,0,608482,505471,84771,18240
"2021-01-02","National",7203,7582,-605,226,615685,513053,84166,18466
"2021-01-03","National",6877,6419,279,179,622562,519472,84445,18645
"2021-01-04","National",0,0,0,0,622562,519472,84445,18645
"2021-01-05","National",7445,6643,604,198,630007,526115,85049,18843
"2021-01-06","National",8854,6767,1900,187,638861,532882,86949,19030
"2021-01-07","National",9321,6924,2173,224,648182,539806,89122,19254
"2021-01-08","National",0,0,0,0,648182,539806,89122,19254
"2021-01-09","National",10046,6628,3224,194,658228,546434,92346,19448
"2021-01-10","National",9640,7513,1945,182,667868,553947,94291,19630
"2021-01-11","National",0,0,0,0,667868,553947,94291,19630
"2021-01-12","National",10047,7068,2677,302,677915,561015,96968,19932
"2021-01-13","National",11278,7657,3315,306,689193,568672,100283,20238
"2021-01-14","National",11557,7741,3521,295,700750,576413,103804,20533
"2021-01-15","National",12818,7491,5089,238,713568,583904,108893,20771
"2021-01-16","National",14224,8662,5279,283,727792,592566,114172,21054
"2021-01-17","National",11287,9102,1965,220,739079,601668,116137,21274
"2021-01-18","National",9086,9475,-684,295,748165,611143,115453,21569
"2021-01-19","National",10365,8013,2044,308,758530,619156,117497,21877
"2021-01-20","National",0,0,0,0,758530,619156,117497,21877
"2021-01-21","National",11703,9087,2270,346,770233,628243,119767,22223
"2021-01-22","National",13632,8357,5025,250,783865,636600,124792,22473
"2021-01-23","National",0,0,0,0,783865,636600,124792,22473
"2021-01-24","National",11788,7751,3866,171,795653,644351,128658,22644
"2021-01-25","National",9994,10678,-981,297,805647,655029,127677,22941
"2021-01-26","National",13094,10868,1890,336,818741,665897,129567,23277
"2021-01-27","National",11948,10974,587,387,830689,676871,130154,23664
"2021-01-28","National",13695,10792,2427,476,844384,687663,132581,24140
"2021-01-29","National",13802,10138,3477,187,858186,697801,136058,24327
"2021-01-30","National",14518,10242,4066,210,872704,708043,140124,24537
"2021-01-31","National",12001,10719,1012,270,884705,718762,141136,24807
"2021-02-01","National",0,0,0,0,884705,718762,141136,24807
"2021-02-02","National",10379,12848,-2773,304,895084,731610,138363,25111
"2021-02-03","National",11984,9135,2660,189,907068,740745,141023,25300
"2021-02-04","National",11434,11641,-438,231,918502,752386,140585,25531
"2021-02-05","National",11749,9674,1874,201,930251,762060,142459,25732
"2021-02-06","National",12156,12204,-239,191,942407,774264,142220,25923
"2021-02-07","National",10827,10806,-142,163,953234,785070,142078,26086
"2021-02-08","National",8242,13038,-5003,207,961476,798108,137075,26293
"2021-02-09","National",0,0,0,0,961476,798108,137075,26293
"2021-02-10","National",8776,9520,-935,191,970252,807628,136140,26484
"2021-02-11","National",8435,10145,-1924,214,978687,817773,134216,26698
"2021-02-12","National",0,0,0,0,978687,817773,134216,26698
"2021-02-13","National",8844,11919,-3355,280,987531,829692,130861,26978
"2021-02-14","National",6765,9237,-2719,247,994296,838929,128142,27225
"2021-02-15","National",0,0,0,0,994296,838929,128142,27225
"2021-02-16","National",0,0,0,0,994296,838929,128142,27225
"2021-02-17","National",0,0,0,0,994296,838929,128142,27225
"2021-02-18","National",9039,10546,-1688,181,1003335,849475,126454,27406
"2021-02-19","National",10614,10783,-352,183,1013949,860258,126102,27589
"2021-02-20","National",8054,9835,-1945,164,1022003,870093,124157,27753
"2021-02-21","National",7300,8236,-1109,173,1029303,878329,123048,27926
"2021-02-22","National",10180,9918,60,202,1039483,888247,123108,28128
"2021-02-23","National",0,0,0,0,1039483,888247,123108,28128
"2021-02-24","National",7533,7735,-442,240,1047016,895982,122666,28368
"2021-02-25","National",8493,8686,-457,264,1055509,904668,122209,28632
"2021-02-26","National",8232,7261,703,268,1063741,911929,122912,28900
"2021-02-27","National",6208,7382,-1369,195,1069949,919311,121543,29095
"2021-02-28","National",5560,6649,-1274,185,1075509,925960,120269,29280
"2021-03-01","National",0,0,0,0,1075509,925960,120269,29280
"2021-03-02","National",5712,8948,-3429,193,1081221,934908,116840,29473
"2021-03-03","National",0,0,0,0,1081221,934908,116840,29473
"2021-03-04","National",7264,6440,648,176,1088485,941348,117488,29649
"2021-03-05","National",0,0,0,0,1088485,941348,117488,29649
"2021-03-06","National",5767,6823,-1184,128,1094252,948171,116304,29777
"2021-03-07","National",5826,5146,568,112,1100078,953317,116872,29889
"2021-03-08","National",6894,8725,-2112,281,1106972,962042,114760,30170
"2021-03-09","National",6389,7496,-1317,210,1113361,969538,113443,30380
"2021-03-10","National",5633,5556,-98,175,1118994,975094,113345,30555
"2021-03-11","National",5144,8170,-3143,117,1124138,983264,110202,30672
"2021-03-12","National",6412,6851,-619,180,1130550,990115,109583,30852
"2021-03-13","National",4607,6016,-1509,100,1135157,996131,108074,30952
"2021-03-14","National",4714,5647,-1030,97,1139871,1001778,107044,31049
"2021-03-15","National",0,0,0,0,1139871,1001778,107044,31049
"2021-03-16","National",5414,7716,-2482,180,1145285,1009494,104562,31229
"2021-03-17","National",6825,9010,-2347,162,1152110,1018504,102215,31391
"2021-03-18","National",6570,6285,58,227,1158680,1024789,102273,31618
"2021-03-19","National",0,0,0,0,1158680,1024789,102273,31618
"2021-03-20","National",0,0,0,0,1158680,1024789,102273,31618
"2021-03-21","National",0,0,0,0,1158680,1024789,102273,31618
"2021-03-22","National",5744,7177,-1594,161,1164424,1031966,100679,31779
"2021-03-23","National",5297,6954,-1811,154,1169721,1038920,98868,31933
"2021-03-24","National",5227,7622,-2513,118,1174948,1046542,96355,32051
"2021-03-25","National",0,0,0,0,1174948,1046542,96355,32051
"2021-03-26","National",4982,5679,-782,85,1179930,1052221,95573,32136
"2021-03-27","National",4461,4243,20,198,1184391,1056464,95593,32334
"2021-03-28","National",4083,4279,-281,85,1188474,1060743,95312,32419
"2021-03-29","National",5008,5418,-542,132,1193482,1066161,94770,32551
"2021-03-30","National",4682,5877,-1368,173,1198164,1072038,93402,32724
"2021-03-31","National",5937,5635,198,104,1204101,1077673,93600,32828
"2021-04-01","National",6142,7248,-1302,196,1210243,1084921,92298,33024
"2021-04-02","National",5325,5439,-211,97,1215568,1090360,92087,33121
"2021-04-03","National",4345,5197,-943,91,1219913,1095557,91144,33212
"2021-04-04","National",6731,9663,-3359,427,1226644,1105220,87785,33639
"2021-04-05","National",3712,5800,-2234,146,1230356,1111020,85551,33785
"2021-04-06","National",4549,4296,91,162,1234905,1115316,85642,33947
"2021-04-07","National",4860,5769,-996,87,1239765,1121085,84646,34034
"2021-04-08","National",0,0,0,0,1239765,1121085,84646,34034
"2021-04-09","National",5265,6277,-1133,121,1245030,1127362,83513,34155
"2021-04-10","National",0,0,0,0,1245030,1127362,83513,34155
"2021-04-11","National",4127,5219,-1179,87,1249157,1132581,82334,34242
"2021-04-12","National",4829,5289,-586,126,1253986,1137870,81748,34368
"2021-04-13","National",5702,6349,-773,126,1259688,1144219,80975,34494
"2021-04-14","National",5656,5747,-215,124,1265344,1149966,80760,34618
"2021-04-15","National",6177,6362,-352,167,1271521,1156328,80408,34785
"2021-04-16","National",0,0,0,0,1271521,1156328,80408,34785
"2021-04-17","National",5041,5963,-1054,132,1276562,1162291,79354,34917
"2021-04-18","National",4585,4873,-384,96,1281147,1167164,78970,35013
"2021-04-19","National",4952,6349,-1540,143,1286099,1173513,77430,35156
"2021-04-20","National",5549,6728,-1389,210,1291648,1180241,76041,35366
"2021-04-21","National",0,0,0,0,1291648,1180241,76041,35366
"2021-04-22","National",0,0,0,0,1291648,1180241,76041,35366
"2021-04-23","National",5436,5920,-658,174,1297084,1186161,75383,35540
"2021-04-24","National",4544,4953,-563,154,1301628,1191114,74820,35694
"2021-04-25","National",4402,3804,504,94,1306030,1194918,75324,35788
"2021-04-26","National",5944,5589,178,177,1311974,1200507,75502,35965
"2021-04-27","National",4656,4884,-396,168,1316630,1205391,75106,36133
"2021-04-28","National",5241,4818,246,177,1321871,1210209,75352,36310
"2021-04-29","National",0,0,0,0,1321871,1210209,75352,36310
"2021-04-30","National",5500,5202,111,187,1327371,1215411,75463,36497
"2021-05-01","National",4512,4344,37,131,1331883,1219755,75500,36628
"2021-05-02","National",4394,3740,510,144,1336277,1223495,76010,36772
"2021-05-03","National",4730,4773,-196,153,1341007,1228268,75814,36925
"2021-05-04","National",4369,5658,-1477,188,1345376,1233926,74337,37113
"2021-05-05","National",5285,5943,-870,212,1350661,1239869,73467,37325
"2021-05-06","National",5647,5440,60,147,1356308,1245309,73527,37472
"2021-05-07","National",6327,5891,269,167,1362635,1251200,73796,37639
"2021-05-08","National",0,0,0,0,1362635,1251200,73796,37639
"2021-05-09","National",0,0,0,0,1362635,1251200,73796,37639
"2021-05-10","National",4891,6338,-1653,206,1367526,1257538,72143,37845
"2021-05-11","National",5021,5592,-818,247,1372547,1263130,71325,38092
"2021-05-12","National",4608,4671,-215,152,1377155,1267801,71110,38244
"2021-05-13","National",3448,4201,-852,99,1380603,1272002,70258,38343
"2021-05-14","National",2633,3807,-1281,107,1383236,1275809,68977,38450
"2021-05-15","National",2385,4181,-1940,144,1385621,1279990,67037,38594
"2021-05-16","National",3080,3790,-836,126,1388701,1283780,66201,38720
"2021-05-17","National",4295,5754,-1671,212,1392996,1289534,64530,38932
"2021-05-18","National",0,0,0,0,1392996,1289534,64530,38932
"2021-05-19","National",0,0,0,0,1392996,1289534,64530,38932
"2021-05-20","National",5797,4969,610,218,1398793,1294503,65140,39150
"2021-05-21","National",5746,4570,990,186,1404539,1299073,66130,39336
"2021-05-22","National",5296,3353,1811,132,1409835,1302426,67941,39468
"2021-05-23","National",5280,3550,1607,123,1415115,1305976,69548,39591
"2021-05-24","National",5907,5234,546,127,1421022,1311210,70094,39718
"2021-05-25","National",0,0,0,0,1421022,1311210,70094,39718
"2021-05-26","National",5034,3189,1701,144,1426056,1314399,71795,39862
"2021-05-27","National",6278,3924,2218,136,1432334,1318323,74013,39998
"2021-05-28","National",0,0,0,0,1432334,1318323,74013,39998
"2021-05-29","National",6565,5417,986,162,1438899,1323740,74999,40160
"2021-05-30","National",6115,4024,1949,142,1445014,1327764,76948,40302
"2021-05-31","National",5662,5121,367,174,1450676,1332885,77315,40476
"2021-06-01","National",4824,5360,-681,145,1455500,1338245,76634,40621
