"Date","Location","KASUS","SEMBUH","DIRAWAT_OR_ISOLASI","MENINGGAL","AKUMULASI_KASUS","AKUMULASI_SEMBUH","AKUMULASI_DIRAWAT_OR_ISOLASI","AKUMULASI_MENINGGAL"
"2020-08-06","ACEH",41,0,41,0,41,0,41,0
"2020-08-07","ACEH",53,0,53,0,94,0,94,0
"2020-08-08","ACEH",0,0,0,0,94,0,94,0
"2020-08-09","ACEH",44,0,43,1,138,0,137,1
"2020-08-10","ACEH",96,0,96,0,234,0,233,1
"2020-08-11","ACEH",0,0,-1,1,234,0,232,2
"2020-08-12","ACEH",72,0,70,2,306,0,302,4
"2020-08-13","ACEH",1,0,0,1,307,0,302,5
"2020-08-14","ACEH",92,0,92,0,399,0,394,5
"2020-08-15","ACEH",25,0,23,2,424,0,417,7
"2020-08-16","ACEH",11,0,11,0,435,0,428,7
"2020-08-17","ACEH",168,0,168,0,603,0,596,7
"2020-08-18","ACEH",25,0,23,2,628,0,619,9
"2020-08-19","ACEH",63,0,63,0,691,0,682,9
"2020-08-20","ACEH",4,0,4,0,695,0,686,9
"2020-08-21","ACEH",4,0,2,2,699,0,688,11
"2020-08-22","ACEH",70,0,70,0,769,0,758,11
"2020-08-23","ACEH",0,0,-2,2,769,0,756,13
"2020-08-24","ACEH",30,0,27,3,799,0,783,16
"2020-08-25","ACEH",20,0,17,3,819,0,800,19
"2020-08-26","ACEH",30,0,30,0,849,0,830,19
"2020-08-27","ACEH",108,0,108,0,957,0,938,19
"2020-08-28","ACEH",50,0,39,11,1007,0,977,30
"2020-08-29","ACEH",97,0,91,6,1104,0,1068,36
"2020-08-30","ACEH",54,41,10,3,1158,41,1078,39
"2020-08-31","ACEH",33,62,-31,2,1191,103,1047,41
"2020-09-01","ACEH",16,43,-30,3,1207,146,1017,44
"2020-09-02","ACEH",48,1,44,3,1255,147,1061,47
"2020-09-03","ACEH",97,5,89,3,1352,152,1150,50
"2020-09-04","ACEH",90,17,70,3,1442,169,1220,53
"2020-09-05","ACEH",61,0,60,1,1503,169,1280,54
"2020-09-06","ACEH",78,0,76,2,1581,169,1356,56
"2020-09-07","ACEH",19,0,16,3,1600,169,1372,59
"2020-09-08","ACEH",12,56,-46,2,1612,225,1326,61
"2020-09-09","ACEH",98,6,91,1,1710,231,1417,62
"2020-09-10","ACEH",106,1,103,2,1816,232,1520,64
"2020-09-11","ACEH",145,2,141,2,1961,234,1661,66
"2020-09-12","ACEH",124,1,123,0,2085,235,1784,66
"2020-09-13","ACEH",212,0,207,5,2297,235,1991,71
"2020-09-14","ACEH",153,38,110,5,2450,273,2101,76
"2020-09-15","ACEH",140,124,10,6,2590,397,2111,82
"2020-09-16","ACEH",95,382,-299,12,2685,779,1812,94
"2020-09-17","ACEH",109,1,96,12,2794,780,1908,106
"2020-09-18","ACEH",116,145,-33,4,2910,925,1875,110
"2020-09-19","ACEH",175,39,136,0,3085,964,2011,110
"2020-09-20","ACEH",68,0,64,4,3153,964,2075,114
"2020-09-21","ACEH",99,315,-218,2,3252,1279,1857,116
"2020-09-22","ACEH",90,71,12,7,3342,1350,1869,123
"2020-09-23","ACEH",50,3,44,3,3392,1353,1913,126
"2020-09-24","ACEH",56,115,-60,1,3448,1468,1853,127
"2020-09-25","ACEH",91,1,88,2,3539,1469,1941,129
"2020-09-26","ACEH",191,1,187,3,3730,1470,2128,132
"2020-09-27","ACEH",73,145,-77,5,3803,1615,2051,137
"2020-09-28","ACEH",79,158,-92,13,3882,1773,1959,150
"2020-09-29","ACEH",146,118,21,7,4028,1891,1980,157
"2020-09-30","ACEH",83,2,79,2,4111,1893,2059,159
"2020-10-01","ACEH",112,157,-48,3,4223,2050,2011,162
"2020-10-02","ACEH",188,0,182,6,4411,2050,2193,168
"2020-10-03","ACEH",0,148,-150,2,4411,2198,2043,170
"2020-10-04","ACEH",1,187,-192,6,4412,2385,1851,176
"2020-10-05","ACEH",70,173,-108,5,4482,2558,1743,181
"2020-10-06","ACEH",119,99,16,4,4601,2657,1759,185
"2020-10-07","ACEH",72,211,-141,2,4673,2868,1618,187
"2020-10-08","ACEH",168,165,1,2,4841,3033,1619,189
"2020-10-09","ACEH",123,93,26,4,4964,3126,1645,193
"2020-10-10","ACEH",98,1,95,2,5062,3127,1740,195
"2020-10-11","ACEH",123,0,122,1,5185,3127,1862,196
"2020-10-12","ACEH",77,157,-82,2,5262,3284,1780,198
"2020-10-13","ACEH",51,105,-55,1,5313,3389,1725,199
"2020-10-14","ACEH",65,58,6,1,5378,3447,1731,200
"2020-10-15","ACEH",117,148,-32,1,5495,3595,1699,201
"2020-10-16","ACEH",177,130,41,6,5672,3725,1740,207
"2020-10-17","ACEH",182,130,51,1,5854,3855,1791,208
"2020-10-18","ACEH",115,212,-103,6,5969,4067,1688,214
"2020-10-19","ACEH",116,168,-54,2,6085,4235,1634,216
"2020-10-20","ACEH",98,215,-119,2,6183,4450,1515,218
"2020-10-21","ACEH",80,0,77,3,6263,4450,1592,221
"2020-10-22","ACEH",102,0,99,3,6365,4450,1691,224
"2020-10-23","ACEH",0,3,-7,4,6365,4453,1684,228
"2020-10-24","ACEH",0,0,-4,4,6365,4453,1680,232
"2020-10-25","ACEH",87,0,85,2,6452,4453,1765,234
"2020-10-26","ACEH",40,0,35,5,6492,4453,1800,239
"2020-10-27","ACEH",13,0,10,3,6505,4453,1810,242
"2020-10-28","ACEH",74,0,70,4,6579,4453,1880,246
"2020-10-29","ACEH",34,1,33,0,6613,4454,1913,246
"2020-10-30","ACEH",21,0,19,2,6634,4454,1932,248
"2020-10-31","ACEH",11,0,10,1,6645,4454,1942,249
"2020-11-01","ACEH",20,0,20,0,6665,4454,1962,249
"2020-11-02","ACEH",30,137,-107,0,6695,4591,1855,249
"2020-11-03","ACEH",24,175,-154,3,6719,4766,1701,252
"2020-11-04","ACEH",44,174,-135,5,6763,4940,1566,257
"2020-11-05","ACEH",35,1,33,1,6798,4941,1599,258
"2020-11-06","ACEH",71,185,-114,0,6869,5126,1485,258
"2020-11-07","ACEH",27,80,-56,3,6896,5206,1429,261
"2020-11-08","ACEH",26,251,-225,0,6922,5457,1204,261
"2020-11-09","ACEH",3,201,-198,0,6925,5658,1006,261
"2020-11-10","ACEH",29,3,25,1,6954,5661,1031,262
"2020-11-11","ACEH",51,0,50,1,7005,5661,1081,263
"2020-11-12","ACEH",32,0,32,0,7037,5661,1113,263
"2020-11-13","ACEH",45,0,45,0,7082,5661,1158,263
"2020-11-14","ACEH",20,2,18,0,7102,5663,1176,263
"2020-11-15","ACEH",49,0,49,0,7151,5663,1225,263
"2020-11-16","ACEH",21,9,12,0,7172,5672,1237,263
"2020-11-17","ACEH",43,22,20,1,7215,5694,1257,264
"2020-11-18","ACEH",18,106,-107,19,7233,5800,1150,283
"2020-11-19","ACEH",50,0,49,1,7283,5800,1199,284
"2020-11-20","ACEH",21,0,21,0,7304,5800,1220,284
"2020-11-21","ACEH",42,0,42,0,7346,5800,1262,284
"2020-11-22","ACEH",18,0,18,0,7364,5800,1280,284
"2020-11-23","ACEH",30,2,28,0,7394,5802,1308,284
"2020-11-24","ACEH",6,0,6,0,7400,5802,1314,284
"2020-11-25","ACEH",39,75,-41,5,7439,5877,1273,289
"2020-11-26","ACEH",24,27,-7,4,7463,5904,1266,293
"2020-11-27","ACEH",21,4,16,1,7484,5908,1282,294
"2020-11-28","ACEH",11,0,10,1,7495,5908,1292,295
"2020-11-29","ACEH",27,25,-2,4,7522,5933,1290,299
"2020-11-30","ACEH",10,9,0,1,7532,5942,1290,300
"2020-12-01","ACEH",9,14,-7,2,7541,5956,1283,302
"2020-12-02","ACEH",0,27,-27,0,7541,5983,1256,302
"2020-12-03","ACEH",0,4,-4,0,7541,5987,1252,302
"2020-12-04","ACEH",14,3,6,5,7555,5990,1258,307
"2020-12-05","ACEH",15,8,7,0,7570,5998,1265,307
"2020-12-06","ACEH",38,113,-75,0,7608,6111,1190,307
"2020-12-07","ACEH",4,5,-1,0,7612,6116,1189,307
"2020-12-08","ACEH",18,7,10,1,7630,6123,1199,308
"2020-12-09","ACEH",6,3,3,0,7636,6126,1202,308
"2020-12-10","ACEH",8,7,0,1,7644,6133,1202,309
"2020-12-11","ACEH",20,56,-40,4,7664,6189,1162,313
"2020-12-12","ACEH",29,11,18,0,7693,6200,1180,313
"2020-12-13","ACEH",15,4,11,0,7708,6204,1191,313
"2020-12-14","ACEH",4,50,-48,2,7712,6254,1143,315
"2020-12-15","ACEH",12,76,-66,2,7724,6330,1077,317
"2020-12-16","ACEH",0,6,-6,0,7724,6336,1071,317
"2020-12-17","ACEH",0,5,-5,0,7724,6341,1066,317
"2020-12-18","ACEH",0,54,-54,0,7724,6395,1012,317
"2020-12-19","ACEH",0,4,-4,0,7724,6399,1008,317
"2020-12-20","ACEH",0,10,-11,1,7724,6409,997,318
"2020-12-21","ACEH",0,3,-3,0,7724,6412,994,318
"2020-12-22","ACEH",0,7,-7,0,7724,6419,987,318
"2020-12-23","ACEH",0,7,-8,1,7724,6426,979,319
"2020-12-24","ACEH",14,13,1,0,7738,6439,980,319
"2020-12-25","ACEH",15,1,14,0,7753,6440,994,319
"2020-12-26","ACEH",19,5,14,0,7772,6445,1008,319
"2020-12-27","ACEH",13,0,13,0,7785,6445,1021,319
"2020-12-28","ACEH",16,3,13,0,7801,6448,1034,319
"2020-12-29","ACEH",9,2,7,0,7810,6450,1041,319
"2020-12-30","ACEH",6,2,4,0,7816,6452,1045,319
"2020-12-31","ACEH",4,7,-3,0,7820,6459,1042,319
"2021-01-01","ACEH",7,9,-2,0,7827,6468,1040,319
"2021-01-02","ACEH",8,3,5,0,7835,6471,1045,319
"2021-01-03","ACEH",0,0,0,0,7835,6471,1045,319
"2021-01-04","ACEH",0,8,-8,0,7835,6479,1037,319
"2021-01-05","ACEH",0,17,-19,2,7835,6496,1018,321
"2021-01-06","ACEH",0,4,-4,0,7835,6500,1014,321
"2021-01-07","ACEH",0,69,-70,1,7835,6569,944,322
"2021-01-08","ACEH",0,5,-5,0,7835,6574,939,322
"2021-01-09","ACEH",0,4,-4,0,7835,6578,935,322
"2021-01-10","ACEH",0,8,-8,0,7835,6586,927,322
"2021-01-11","ACEH",0,1,-1,0,7835,6587,926,322
"2021-01-12","ACEH",0,0,-3,3,7835,6587,923,325
"2021-01-13","ACEH",24,1,23,0,7859,6588,946,325
"2021-01-14","ACEH",11,9,1,1,7870,6597,947,326
"2021-01-15","ACEH",16,30,-15,1,7886,6627,932,327
"2021-01-16","ACEH",17,1,15,1,7903,6628,947,328
"2021-01-17","ACEH",18,0,18,0,7921,6628,965,328
"2021-01-18","ACEH",2,22,-23,3,7923,6650,942,331
"2021-01-19","ACEH",0,126,-126,0,7923,6776,816,331
"2021-01-20","ACEH",0,13,-14,1,7923,6789,802,332
"2021-01-21","ACEH",0,18,-18,0,7923,6807,784,332
"2021-01-22","ACEH",0,1,-1,0,7923,6808,783,332
"2021-01-23","ACEH",0,1,-1,0,7923,6809,782,332
"2021-01-24","ACEH",0,0,0,0,7923,6809,782,332
"2021-01-25","ACEH",0,1,-1,0,7923,6810,781,332
"2021-01-26","ACEH",0,1,-1,0,7923,6811,780,332
"2021-01-27","ACEH",0,6,-6,0,7923,6817,774,332
"2021-01-28","ACEH",0,0,0,0,7923,6817,774,332
"2021-01-29","ACEH",0,8,-8,0,7923,6825,766,332
"2021-01-30","ACEH",0,5,-5,0,7923,6830,761,332
"2021-01-31","ACEH",0,3,-3,0,7923,6833,758,332
"2021-02-01","ACEH",0,5,-5,0,7923,6838,753,332
"2021-02-02","ACEH",22,8,13,1,7945,6846,766,333
"2021-02-03","ACEH",14,18,-4,0,7959,6864,762,333
"2021-02-04","ACEH",10,0,10,0,7969,6864,772,333
"2021-02-05","ACEH",9,0,9,0,7978,6864,781,333
"2021-02-06","ACEH",13,2,11,0,7991,6866,792,333
"2021-02-07","ACEH",14,0,14,0,8005,6866,806,333
"2021-02-08","ACEH",0,13,-13,0,8005,6879,793,333
"2021-02-09","ACEH",0,0,0,0,8005,6879,793,333
"2021-02-10","ACEH",0,1,-1,0,8005,6880,792,333
"2021-02-11","ACEH",0,0,0,0,8005,6880,792,333
"2021-02-12","ACEH",0,0,0,0,8005,6880,792,333
"2021-02-13","ACEH",0,1,-2,1,8005,6881,790,334
"2021-02-14","ACEH",0,0,0,0,8005,6881,790,334
"2021-02-15","ACEH",0,0,0,0,8005,6881,790,334
"2021-02-16","ACEH",0,0,0,0,8005,6881,790,334
"2021-02-17","ACEH",0,0,0,0,8005,6881,790,334
"2021-02-18","ACEH",0,3,-3,0,8005,6884,787,334
"2021-02-19","ACEH",0,4,-4,0,8005,6888,783,334
"2021-02-20","ACEH",0,10,-10,0,8005,6898,773,334
"2021-02-21","ACEH",0,0,0,0,8005,6898,773,334
"2021-02-22","ACEH",1,1,0,0,8006,6899,773,334
"2021-02-23","ACEH",29,4,25,0,8035,6903,798,334
"2021-02-24","ACEH",26,6,20,0,8061,6909,818,334
"2021-02-25","ACEH",10,0,9,1,8071,6909,827,335
"2021-02-26","ACEH",8,19,-11,0,8079,6928,816,335
"2021-02-27","ACEH",3,3,0,0,8082,6931,816,335
"2021-02-28","ACEH",7,0,7,0,8089,6931,823,335
"2021-03-01","ACEH",2,8,-6,0,8091,6939,817,335
"2021-03-02","ACEH",0,3,-3,0,8091,6942,814,335
"2021-03-03","ACEH",0,1,-2,1,8091,6943,812,336
"2021-03-04","ACEH",0,1,-1,0,8091,6944,811,336
"2021-03-05","ACEH",0,2,-2,0,8091,6946,809,336
"2021-03-06","ACEH",0,11,-11,0,8091,6957,798,336
"2021-03-07","ACEH",0,0,0,0,8091,6957,798,336
"2021-03-08","ACEH",0,3,-3,0,8091,6960,795,336
"2021-03-09","ACEH",0,2,-2,0,8091,6962,793,336
"2021-03-10","ACEH",0,1,-1,0,8091,6963,792,336
"2021-03-11","ACEH",0,0,0,0,8091,6963,792,336
"2021-03-12","ACEH",0,5,-5,0,8091,6968,787,336
"2021-03-13","ACEH",0,0,0,0,8091,6968,787,336
"2021-03-14","ACEH",5,17,-12,0,8096,6985,775,336
"2021-03-15","ACEH",0,1,-1,0,8096,6986,774,336
"2021-03-16","ACEH",8,20,-12,0,8104,7006,762,336
"2021-03-17","ACEH",6,1,5,0,8110,7007,767,336
"2021-03-18","ACEH",10,2,8,0,8120,7009,775,336
"2021-03-19","ACEH",16,0,16,0,8136,7009,791,336
"2021-03-20","ACEH",15,18,-3,0,8151,7027,788,336
"2021-03-21","ACEH",0,0,0,0,8151,7027,788,336
"2021-03-22","ACEH",20,0,20,0,8171,7027,808,336
"2021-03-23","ACEH",15,3,11,1,8186,7030,819,337
"2021-03-24","ACEH",13,0,12,1,8199,7030,831,338
"2021-03-25","ACEH",0,1,-1,0,8199,7031,830,338
"2021-03-26","ACEH",0,15,-15,0,8199,7046,815,338
"2021-03-27","ACEH",0,2,-4,2,8199,7048,811,340
"2021-03-28","ACEH",0,16,-16,0,8199,7064,795,340
"2021-03-29","ACEH",0,2,-2,0,8199,7066,793,340
"2021-03-30","ACEH",0,0,0,0,8199,7066,793,340
"2021-03-31","ACEH",0,1,-1,0,8199,7067,792,340
"2021-04-01","ACEH",0,1,-1,0,8199,7068,791,340
"2021-04-02","ACEH",0,6,-6,0,8199,7074,785,340
"2021-04-03","ACEH",6,6,0,0,8205,7080,785,340
"2021-04-04","ACEH",4,1,3,0,8209,7081,788,340
"2021-04-05","ACEH",11,0,11,0,8220,7081,799,340
"2021-04-06","ACEH",13,22,-10,1,8233,7103,789,341
"2021-04-07","ACEH",39,15,24,0,8272,7118,813,341
"2021-04-08","ACEH",42,0,41,1,8314,7118,854,342
"2021-04-09","ACEH",28,2,25,1,8342,7120,879,343
"2021-04-10","ACEH",20,0,17,3,8362,7120,896,346
"2021-04-11","ACEH",7,0,7,0,8369,7120,903,346
"2021-04-12","ACEH",24,9,13,2,8393,7129,916,348
"2021-04-13","ACEH",28,30,-2,0,8421,7159,914,348
"2021-04-14","ACEH",26,21,5,0,8447,7180,919,348
"2021-04-15","ACEH",0,75,-76,1,8447,7255,843,349
"2021-04-16","ACEH",0,85,-85,0,8447,7340,758,349
"2021-04-17","ACEH",0,104,-104,0,8447,7444,654,349
"2021-04-18","ACEH",0,100,-100,0,8447,7544,554,349
"2021-04-19","ACEH",0,78,-78,0,8447,7622,476,349
"2021-04-20","ACEH",0,57,-60,3,8447,7679,416,352
"2021-04-21","ACEH",0,20,-21,1,8447,7699,395,353
"2021-04-22","ACEH",0,32,-32,0,8447,7731,363,353
"2021-04-23","ACEH",91,7,83,1,8538,7738,446,354
"2021-04-24","ACEH",46,38,3,5,8584,7776,449,359
"2021-04-25","ACEH",24,47,-23,0,8608,7823,426,359
"2021-04-26","ACEH",67,32,32,3,8675,7855,458,362
"2021-04-27","ACEH",70,8,62,0,8745,7863,520,362
"2021-04-28","ACEH",71,1,66,4,8816,7864,586,366
"2021-04-29","ACEH",82,40,39,3,8898,7904,625,369
"2021-04-30","ACEH",78,37,40,1,8976,7941,665,370
"2021-05-01","ACEH",124,88,35,1,9100,8029,700,371
"2021-05-02","ACEH",68,17,45,6,9168,8046,745,377
"2021-05-03","ACEH",56,5,50,1,9224,8051,795,378
"2021-05-04","ACEH",98,3,90,5,9322,8054,885,383
"2021-05-05","ACEH",0,13,-18,5,9322,8067,867,388
"2021-05-06","ACEH",0,15,-15,0,9322,8082,852,388
"2021-05-07","ACEH",0,69,-71,2,9322,8151,781,390
"2021-05-08","ACEH",0,5,-5,0,9322,8156,776,390
"2021-05-09","ACEH",0,25,-25,0,9322,8181,751,390
"2021-05-10","ACEH",0,24,-25,1,9322,8205,726,391
"2021-05-11","ACEH",0,28,-28,0,9322,8233,698,391
"2021-05-12","ACEH",0,31,-31,0,9322,8264,667,391
"2021-05-13","ACEH",26,16,9,1,9348,8280,676,392
"2021-05-14","ACEH",5,10,-7,2,9353,8290,669,394
"2021-05-15","ACEH",57,11,44,2,9410,8301,713,396
"2021-05-16","ACEH",35,7,28,0,9445,8308,741,396
"2021-05-17","ACEH",91,5,85,1,9536,8313,826,397
"2021-05-18","ACEH",128,69,55,4,9664,8382,881,401
"2021-05-19","ACEH",147,10,128,9,9811,8392,1009,410
"2021-05-20","ACEH",199,1,195,3,10010,8393,1204,413
"2021-05-21","ACEH",176,51,116,9,10186,8444,1320,422
"2021-05-22","ACEH",135,6,124,5,10321,8450,1444,427
"2021-05-23","ACEH",104,60,39,5,10425,8510,1483,432
"2021-05-24","ACEH",167,246,-87,8,10592,8756,1396,440
"2021-05-25","ACEH",185,142,38,5,10777,8898,1434,445
"2021-05-26","ACEH",267,30,233,4,11044,8928,1667,449
"2021-05-27","ACEH",0,105,-111,6,11044,9033,1556,455
"2021-05-28","ACEH",0,27,-33,6,11044,9060,1523,461
"2021-05-29","ACEH",0,26,-30,4,11044,9086,1493,465
"2021-05-30","ACEH",2,39,-38,1,11046,9125,1455,466
"2021-05-31","ACEH",0,24,-30,6,11046,9149,1425,472
"2021-06-01","ACEH",0,60,-60,0,11046,9209,1365,472
"2021-06-02","ACEH",101,1,99,1,11147,9210,1464,473
"2021-06-03","ACEH",214,42,167,5,11361,9252,1631,478
"2021-06-04","ACEH",209,35,166,8,11570,9287,1797,486
"2021-06-05","ACEH",206,120,85,1,11776,9407,1882,487
"2021-06-06","ACEH",196,122,73,1,11972,9529,1955,488
"2021-06-07","ACEH",130,148,-25,7,12102,9677,1930,495
"2021-06-08","ACEH",157,41,114,2,12259,9718,2044,497
"2021-06-09","ACEH",226,38,176,12,12485,9756,2220,509
"2021-06-10","ACEH",247,12,228,7,12732,9768,2448,516
"2021-06-11","ACEH",0,54,-59,5,12732,9822,2389,521
"2021-06-12","ACEH",1,131,-139,9,12733,9953,2250,530
"2021-06-13","ACEH",0,25,-27,2,12733,9978,2223,532
"2021-06-14","ACEH",1,30,-31,2,12734,10008,2192,534
"2021-06-15","ACEH",0,202,-206,4,12734,10210,1986,538
"2021-06-16","ACEH",0,36,-40,4,12734,10246,1946,542
"2021-06-17","ACEH",0,66,-67,1,12734,10312,1879,543
"2021-06-18","ACEH",0,52,-52,0,12734,10364,1827,543
"2021-06-19","ACEH",0,34,-35,1,12734,10398,1792,544
"2021-06-20","ACEH",0,6,-6,0,12734,10404,1786,544
"2021-06-21","ACEH",0,158,-163,5,12734,10562,1623,549
"2021-06-22","ACEH",63,38,23,2,12797,10600,1646,551
"2021-06-23","ACEH",156,136,18,2,12953,10736,1664,553
"2021-06-24","ACEH",73,53,17,3,13026,10789,1681,556
"2021-06-25","ACEH",103,28,73,2,13129,10817,1754,558
"2021-06-26","ACEH",0,44,-48,4,13129,10861,1706,562
"2021-06-27","ACEH",0,12,-15,3,13129,10873,1691,565
"2021-06-28","ACEH",0,2,-10,8,13129,10875,1681,573
"2021-06-29","ACEH",0,36,-39,3,13129,10911,1642,576
"2021-06-30","ACEH",0,60,-61,1,13129,10971,1581,577
"2021-07-01","ACEH",1,7,-8,2,13130,10978,1573,579
"2021-07-02","ACEH",0,217,-219,2,13130,11195,1354,581
"2021-07-03","ACEH",1,69,-72,4,13131,11264,1282,585
"2021-07-04","ACEH",72,18,54,0,13203,11282,1336,585
"2021-07-05","ACEH",34,18,15,1,13237,11300,1351,586
"2021-07-06","ACEH",174,29,145,0,13411,11329,1496,586
"2021-07-07","ACEH",114,2,108,4,13525,11331,1604,590
"2021-07-08","ACEH",162,15,143,4,13687,11346,1747,594
"2021-07-09","ACEH",80,42,30,8,13767,11388,1777,602
"2021-07-10","ACEH",133,6,125,2,13900,11394,1902,604
"2021-07-11","ACEH",67,21,44,2,13967,11415,1946,606
"2021-07-12","ACEH",34,49,-19,4,14001,11464,1927,610
"2021-07-13","ACEH",89,68,17,4,14090,11532,1944,614
"2021-07-14","ACEH",43,5,34,4,14133,11537,1978,618
"2021-07-15","ACEH",39,26,9,4,14172,11563,1987,622
"2021-07-16","ACEH",21,18,-1,4,14193,11581,1986,626
"2021-07-17","ACEH",44,24,15,5,14237,11605,2001,631
"2021-07-18","ACEH",63,39,19,5,14300,11644,2020,636
"2021-07-19","ACEH",11,40,-32,3,14311,11684,1988,639
"2021-07-20","ACEH",47,11,36,0,14358,11695,2024,639
"2021-07-21","ACEH",48,27,17,4,14406,11722,2041,643
"2021-07-22","ACEH",89,40,48,1,14495,11762,2089,644
"2021-07-23","ACEH",129,23,104,2,14624,11785,2193,646
"2021-07-24","ACEH",189,15,171,3,14813,11800,2364,649
"2021-07-25","ACEH",187,26,158,3,15000,11826,2522,652
"2021-07-26","ACEH",152,31,117,4,15152,11857,2639,656
"2021-07-27","ACEH",196,43,145,8,15348,11900,2784,664
"2021-07-28","ACEH",212,27,180,5,15560,11927,2964,669
"2021-07-29","ACEH",212,28,176,8,15772,11955,3140,677
"2021-07-30","ACEH",224,33,181,10,15996,11988,3321,687
"2021-07-31","ACEH",203,88,107,8,16199,12076,3428,695
"2021-08-01","ACEH",188,48,135,5,16387,12124,3563,700
"2021-08-02","ACEH",54,108,-56,2,16441,12232,3507,702
"2021-08-03","ACEH",139,130,-3,12,16580,12362,3504,714
"2021-08-04","ACEH",115,74,33,8,16695,12436,3537,722
"2021-08-05","ACEH",67,101,-45,11,16762,12537,3492,733
"2021-08-06","ACEH",103,62,39,2,16865,12599,3531,735
"2021-08-07","ACEH",61,117,-59,3,16926,12716,3472,738
"2021-08-08","ACEH",64,221,-161,4,16990,12937,3311,742
"2021-08-09","ACEH",139,108,22,9,17129,13045,3333,751
"2021-08-10","ACEH",339,67,268,4,17468,13112,3601,755
"2021-08-11","ACEH",330,124,202,4,17798,13236,3803,759
"2021-08-12","ACEH",164,151,-11,24,17962,13387,3792,783
"2021-08-13","ACEH",334,328,-1,7,18296,13715,3791,790
"2021-08-14","ACEH",331,156,165,10,18627,13871,3956,800
"2021-08-15","ACEH",244,822,-588,10,18871,14693,3368,810
"2021-08-16","ACEH",329,93,214,22,19200,14786,3582,832
"2021-08-17","ACEH",323,137,175,11,19523,14923,3757,843
"2021-08-18","ACEH",326,135,185,6,19849,15058,3942,849
"2021-08-19","ACEH",301,140,151,10,20150,15198,4093,859
"2021-08-20","ACEH",384,123,243,18,20534,15321,4336,877
"2021-08-21","ACEH",328,141,162,25,20862,15462,4498,902
"2021-08-22","ACEH",289,107,159,23,21151,15569,4657,925
"2021-08-23","ACEH",49,190,-156,15,21200,15759,4501,940
"2021-08-24","ACEH",86,258,-181,9,21286,16017,4320,949
"2021-08-25","ACEH",100,149,-60,11,21386,16166,4260,960
"2021-08-26","ACEH",94,102,-11,3,21480,16268,4249,963
"2021-08-27","ACEH",102,79,19,4,21582,16347,4268,967
"2021-08-28","ACEH",85,225,-151,11,21667,16572,4117,978
"2021-08-29","ACEH",97,124,-33,6,21764,16696,4084,984
"2021-08-30","ACEH",48,143,-103,8,21812,16839,3981,992
"2021-08-31","ACEH",92,274,-197,15,21904,17113,3784,1007
"2021-09-01","ACEH",203,195,5,3,22107,17308,3789,1010
"2021-09-02","ACEH",320,134,182,4,22427,17442,3971,1014
"2021-09-03","ACEH",337,159,171,7,22764,17601,4142,1021
"2021-09-04","ACEH",231,246,-25,10,22995,17847,4117,1031
"2021-09-05","ACEH",259,182,69,8,23254,18029,4186,1039
"2021-09-06","ACEH",162,217,-64,9,23416,18246,4122,1048
"2021-09-07","ACEH",277,278,-16,15,23693,18524,4106,1063
"2021-09-08","ACEH",249,141,88,20,23942,18665,4194,1083
"2021-09-09","ACEH",226,94,124,8,24168,18759,4318,1091
"2021-09-10","ACEH",247,134,96,17,24415,18893,4414,1108
"2021-09-11","ACEH",204,252,-68,20,24619,19145,4346,1128
"2021-09-12","ACEH",123,124,-9,8,24742,19269,4337,1136
"2021-09-13","ACEH",129,211,-86,4,24871,19480,4251,1140
"2021-09-14","ACEH",141,111,24,6,25012,19591,4275,1146
"2021-09-15","ACEH",124,111,3,10,25136,19702,4278,1156
"2021-09-16","ACEH",133,184,-66,15,25269,19886,4212,1171
"2021-09-17","ACEH",143,166,-35,12,25412,20052,4177,1183
"2021-09-18","ACEH",133,304,-187,16,25545,20356,3990,1199
"2021-09-19","ACEH",100,215,-125,10,25645,20571,3865,1209
"2021-09-20","ACEH",57,205,-164,16,25702,20776,3701,1225
"2021-09-21","ACEH",144,468,-338,14,25846,21244,3363,1239
"2021-09-22","ACEH",110,491,-394,13,25956,21735,2969,1252
"2021-09-23","ACEH",67,127,-76,16,26023,21862,2893,1268
"2021-09-24","ACEH",77,834,-764,7,26100,22696,2129,1275
"2021-09-25","ACEH",50,448,-406,8,26150,23144,1723,1283
"2021-09-26","ACEH",6,114,-111,3,26156,23258,1612,1286
"2021-09-27","ACEH",8,75,-70,3,26164,23333,1542,1289
"2021-09-28","ACEH",5,134,-137,8,26169,23467,1405,1297
"2021-09-29","ACEH",23,63,-46,6,26192,23530,1359,1303
"2021-09-30","ACEH",25,85,-66,6,26217,23615,1293,1309
"2021-10-01","ACEH",52,103,-57,6,26269,23718,1236,1315
"2021-10-02","ACEH",12,105,-100,7,26281,23823,1136,1322
"2021-10-03","ACEH",33,84,-57,6,26314,23907,1079,1328
"2021-10-04","ACEH",23,75,-60,8,26337,23982,1019,1336
"2021-10-05","ACEH",46,93,-53,6,26383,24075,966,1342
"2021-10-06","ACEH",35,100,-73,8,26418,24175,893,1350
"2021-10-07","ACEH",28,115,-93,6,26446,24290,800,1356
"2021-10-08","ACEH",42,196,-163,9,26488,24486,637,1365
"2021-10-09","ACEH",16,42,-30,4,26504,24528,607,1369
"2021-10-10","ACEH",22,24,-4,2,26526,24552,603,1371
"2021-10-11","ACEH",9,91,-83,1,26535,24643,520,1372
"2021-10-12","ACEH",21,60,-39,0,26556,24703,481,1372
"2021-10-13","ACEH",22,35,-16,3,26578,24738,465,1375
"2021-10-14","ACEH",8,29,-23,2,26586,24767,442,1377
"2021-10-15","ACEH",23,48,-28,3,26609,24815,414,1380
"2021-10-16","ACEH",26,51,-28,3,26635,24866,386,1383
"2021-10-17","ACEH",14,17,-4,1,26649,24883,382,1384
"2021-10-18","ACEH",14,42,-28,0,26663,24925,354,1384
"2021-10-19","ACEH",18,77,-61,2,26681,25002,293,1386
"2021-10-20","ACEH",10,73,-64,1,26691,25075,229,1387
"2021-10-21","ACEH",2,23,-25,4,26693,25098,204,1391
"2021-10-22","ACEH",15,21,-7,1,26708,25119,197,1392
"2021-10-23","ACEH",11,14,-5,2,26719,25133,192,1394
"2021-10-24","ACEH",10,21,-12,1,26729,25154,180,1395
"2021-10-25","ACEH",6,8,-3,1,26735,25162,177,1396
"2021-10-26","ACEH",5,13,-10,2,26740,25175,167,1398
"2021-10-27","ACEH",5,12,-9,2,26745,25187,158,1400
"2021-10-28","ACEH",6,15,-11,2,26751,25202,147,1402
"2021-10-29","ACEH",4,14,-10,0,26755,25216,137,1402
"2021-10-30","ACEH",4,17,-14,1,26759,25233,123,1403
"2021-10-31","ACEH",7,14,-9,2,26766,25247,114,1405
"2021-11-01","ACEH",2,10,-8,0,26768,25257,106,1405
"2021-11-02","ACEH",13,13,-2,2,26781,25270,104,1407
"2021-11-03","ACEH",3,11,-9,1,26784,25281,95,1408
"2021-11-04","ACEH",6,9,-4,1,26790,25290,91,1409
"2021-11-05","ACEH",6,13,-8,1,26796,25303,83,1410
"2021-11-06","ACEH",8,10,-3,1,26804,25313,80,1411
"2021-11-07","ACEH",2,6,-5,1,26806,25319,75,1412
"2021-11-08","ACEH",4,7,-3,0,26810,25326,72,1412
"2021-11-09","ACEH",2,12,-10,0,26812,25338,62,1412
"2021-11-10","ACEH",3,6,-4,1,26815,25344,58,1413
"2021-11-11","ACEH",2,7,-6,1,26817,25351,52,1414
"2021-11-12","ACEH",4,10,-6,0,26821,25361,46,1414
"2021-11-13","ACEH",4,8,-4,0,26825,25369,42,1414
"2021-11-14","ACEH",5,3,2,0,26830,25372,44,1414
"2021-11-15","ACEH",1,5,-4,0,26831,25377,40,1414
"2021-11-16","ACEH",5,11,-6,0,26836,25388,34,1414
"2021-11-17","ACEH",4,4,0,0,26840,25392,34,1414
"2021-11-18","ACEH",3,5,-2,0,26843,25397,32,1414
"2021-11-19","ACEH",3,5,-2,0,26846,25402,30,1414
"2021-11-20","ACEH",4,5,-1,0,26850,25407,29,1414
"2021-11-21","ACEH",0,1,-1,0,26850,25408,28,1414
"2021-11-22","ACEH",0,2,-2,0,26850,25410,26,1414
"2021-11-23","ACEH",1,3,-2,0,26851,25413,24,1414
"2021-11-24","ACEH",1,3,-2,0,26852,25416,22,1414
"2021-11-25","ACEH",1,0,1,0,26853,25416,23,1414
"2021-11-26","ACEH",2,5,-3,0,26855,25421,20,1414
"2021-11-27","ACEH",0,1,-1,0,26855,25422,19,1414
"2021-11-28","ACEH",0,1,-1,0,26855,25423,18,1414
"2021-11-29","ACEH",0,3,-3,0,26855,25426,15,1414
"2021-11-30","ACEH",1,4,-3,0,26856,25430,12,1414
"2021-12-01","ACEH",0,3,-3,0,26856,25433,9,1414
"2021-12-02","ACEH",2,3,-1,0,26858,25436,8,1414
"2021-12-03","ACEH",1,1,0,0,26859,25437,8,1414
"2021-12-04","ACEH",1,2,-1,0,26860,25439,7,1414
"2021-12-05","ACEH",1,0,1,0,26861,25439,8,1414
"2021-12-06","ACEH",0,1,-1,0,26861,25440,7,1414
"2021-12-07","ACEH",0,1,-1,0,26861,25441,6,1414
"2021-12-08","ACEH",3,2,1,0,26864,25443,7,1414
"2021-12-09","ACEH",0,1,-1,0,26864,25444,6,1414
"2021-12-10","ACEH",0,1,-1,0,26864,25445,5,1414
"2021-12-11","ACEH",0,1,-1,0,26864,25446,4,1414
"2021-12-12","ACEH",0,0,0,0,26864,25446,4,1414
"2021-12-13","ACEH",0,1,-1,0,26864,25447,3,1414
"2021-12-14","ACEH",0,1,-1,0,26864,25448,2,1414
"2021-12-15","ACEH",1,0,1,0,26865,25448,3,1414
"2021-12-16","ACEH",1,2,-1,0,26866,25450,2,1414
"2021-12-17","ACEH",1,1,0,0,26867,25451,2,1414
"2021-12-18","ACEH",0,0,0,0,26867,25451,2,1414
"2021-12-19","ACEH",0,0,0,0,26867,25451,2,1414
"2021-12-20","ACEH",0,0,0,0,26867,25451,2,1414
"2021-12-21","ACEH",0,0,0,0,26867,25451,2,1414
"2021-12-22","ACEH",0,0,0,0,26867,25451,2,1414
"2021-12-23","ACEH",0,0,0,0,26867,25451,2,1414
"2021-12-24","ACEH",1,2,-1,0,26868,25453,1,1414
"2021-12-25","ACEH",0,0,0,0,26868,25453,1,1414
"2021-12-26","ACEH",0,1,-1,0,26868,25454,0,1414
"2021-12-27","ACEH",1,0,1,0,26869,25454,1,1414
"2021-12-28","ACEH",0,0,0,0,26869,25454,1,1414
"2021-12-29","ACEH",0,0,0,0,26869,25454,1,1414
"2021-12-30","ACEH",1,0,1,0,26870,25454,2,1414
"2021-12-31","ACEH",1,0,1,0,26871,25454,3,1414
"2022-01-01","ACEH",0,0,0,0,26871,25454,3,1414
"2022-01-02","ACEH",1,0,1,0,26872,25454,4,1414
"2022-01-03","ACEH",0,0,0,0,26872,25454,4,1414
"2022-01-04","ACEH",0,1,-1,0,26872,25455,3,1414
"2022-01-05","ACEH",0,1,-1,0,26872,25456,2,1414
"2022-01-06","ACEH",0,0,0,0,26872,25456,2,1414
"2022-01-07","ACEH",1,1,0,0,26873,25457,2,1414
"2022-01-08","ACEH",0,0,0,0,26873,25457,2,1414
"2022-01-09","ACEH",0,0,0,0,26873,25457,2,1414
"2022-01-10","ACEH",1,1,0,0,26874,25458,2,1414
"2022-01-11","ACEH",0,0,-1,1,26874,25458,1,1415
"2022-01-12","ACEH",2,0,2,0,26876,25458,3,1415
"2022-01-13","ACEH",0,0,0,0,26876,25458,3,1415
"2022-01-14","ACEH",1,0,1,0,26877,25458,4,1415
"2022-01-15","ACEH",0,0,0,0,26877,25458,4,1415
"2022-01-16","ACEH",0,1,-1,0,26877,25459,3,1415
"2022-01-17","ACEH",0,0,0,0,26877,25459,3,1415
"2022-01-18","ACEH",0,0,0,0,26877,25459,3,1415
"2022-01-19","ACEH",0,0,0,0,26877,25459,3,1415
"2022-01-20","ACEH",0,1,-1,0,26877,25460,2,1415
"2022-01-21","ACEH",0,0,0,0,26877,25460,2,1415
"2022-01-22","ACEH",1,0,1,0,26878,25460,3,1415
"2022-01-23","ACEH",0,1,-1,0,26878,25461,2,1415
"2022-01-24","ACEH",2,0,2,0,26880,25461,4,1415
"2022-01-25","ACEH",1,0,1,0,26881,25461,5,1415
"2022-01-26","ACEH",3,0,3,0,26884,25461,8,1415
"2022-01-27","ACEH",2,0,2,0,26886,25461,10,1415
"2022-01-28","ACEH",2,0,2,0,26888,25461,12,1415
"2022-01-29","ACEH",1,0,1,0,26889,25461,13,1415
"2022-01-30","ACEH",6,0,6,0,26895,25461,19,1415
"2022-01-31","ACEH",3,4,-1,0,26898,25465,18,1415
"2022-02-01","ACEH",7,1,6,0,26905,25466,24,1415
"2022-02-02","ACEH",7,0,7,0,26912,25466,31,1415
"2022-02-03","ACEH",14,0,14,0,26926,25466,45,1415
"2022-02-04","ACEH",17,2,15,0,26943,25468,60,1415
"2022-02-05","ACEH",12,2,10,0,26955,25470,70,1415
"2022-02-06","ACEH",9,1,7,1,26964,25471,77,1416
"2022-02-07","ACEH",16,1,15,0,26980,25472,92,1416
"2022-02-08","ACEH",87,3,83,1,27067,25475,175,1417
"2022-02-09","ACEH",41,1,39,1,27108,25476,214,1418
"2022-02-10","ACEH",41,8,33,0,27149,25484,247,1418
"2022-02-11","ACEH",34,3,30,1,27183,25487,277,1419
"2022-02-12","ACEH",46,5,40,1,27229,25492,317,1420
"2022-02-13","ACEH",44,5,39,0,27273,25497,356,1420
"2022-02-14","ACEH",29,1,28,0,27302,25498,384,1420
"2022-02-15","ACEH",75,13,62,0,27377,25511,446,1420
"2022-02-16","ACEH",122,13,109,0,27499,25524,555,1420
"2022-02-17","ACEH",86,10,75,1,27585,25534,630,1421
"2022-02-18","ACEH",94,73,20,1,27679,25607,650,1422
"2022-02-19","ACEH",87,26,59,2,27766,25633,709,1424
"2022-02-20","ACEH",58,33,25,0,27824,25666,734,1424
"2022-02-21","ACEH",59,5,54,0,27883,25671,788,1424
"2022-02-22","ACEH",114,62,51,1,27997,25733,839,1425
"2022-02-23","ACEH",126,53,70,3,28123,25786,909,1428
"2022-02-24","ACEH",130,32,94,4,28253,25818,1003,1432
"2022-02-25","ACEH",171,37,134,0,28424,25855,1137,1432
"2022-02-26","ACEH",193,56,135,2,28617,25911,1272,1434
"2022-02-27","ACEH",125,59,65,1,28742,25970,1337,1435
"2022-02-28","ACEH",25,37,-13,1,28767,26007,1324,1436
"2022-03-01","ACEH",144,40,103,1,28911,26047,1427,1437
"2022-03-02","ACEH",231,78,151,2,29142,26125,1578,1439
"2022-03-03","ACEH",216,93,121,2,29358,26218,1699,1441
"2022-03-04","ACEH",145,80,62,3,29503,26298,1761,1444
"2022-03-05","ACEH",178,109,66,3,29681,26407,1827,1447
"2022-03-06","ACEH",152,70,79,3,29833,26477,1906,1450
"2022-03-07","ACEH",129,91,35,3,29962,26568,1941,1453
"2022-03-08","ACEH",2,28,-28,2,29964,26596,1913,1455
"2020-08-06","SUMATERA UTARA",86,0,86,0,86,0,86,0
"2020-08-07","SUMATERA UTARA",216,0,215,1,302,0,301,1
"2020-08-08","SUMATERA UTARA",101,0,101,0,403,0,402,1
"2020-08-09","SUMATERA UTARA",25,0,23,2,428,0,425,3
"2020-08-10","SUMATERA UTARA",129,0,128,1,557,0,553,4
"2020-08-11","SUMATERA UTARA",207,1,203,3,764,1,756,7
"2020-08-12","SUMATERA UTARA",109,11,98,0,873,12,854,7
"2020-08-13","SUMATERA UTARA",94,5,87,2,967,17,941,9
"2020-08-14","SUMATERA UTARA",69,3,64,2,1036,20,1005,11
"2020-08-15","SUMATERA UTARA",195,17,177,1,1231,37,1182,12
"2020-08-16","SUMATERA UTARA",51,24,26,1,1282,61,1208,13
"2020-08-17","SUMATERA UTARA",17,4,10,3,1299,65,1218,16
"2020-08-18","SUMATERA UTARA",130,56,67,7,1429,121,1285,23
"2020-08-19","SUMATERA UTARA",78,55,20,3,1507,176,1305,26
"2020-08-20","SUMATERA UTARA",59,53,2,4,1566,229,1307,30
"2020-08-21","SUMATERA UTARA",21,13,7,1,1587,242,1314,31
"2020-08-22","SUMATERA UTARA",73,23,48,2,1660,265,1362,33
"2020-08-23","SUMATERA UTARA",78,47,29,2,1738,312,1391,35
"2020-08-24","SUMATERA UTARA",37,21,12,4,1775,333,1403,39
"2020-08-25","SUMATERA UTARA",134,15,117,2,1909,348,1520,41
"2020-08-26","SUMATERA UTARA",137,38,97,2,2046,386,1617,43
"2020-08-27","SUMATERA UTARA",104,49,49,6,2150,435,1666,49
"2020-08-28","SUMATERA UTARA",86,56,26,4,2236,491,1692,53
"2020-08-29","SUMATERA UTARA",103,50,47,6,2339,541,1739,59
"2020-08-30","SUMATERA UTARA",39,8,28,3,2378,549,1767,62
"2020-08-31","SUMATERA UTARA",58,27,28,3,2436,576,1795,65
"2020-09-01","SUMATERA UTARA",115,16,95,4,2551,592,1890,69
"2020-09-02","SUMATERA UTARA",182,52,128,2,2733,644,2018,71
"2020-09-03","SUMATERA UTARA",141,79,59,3,2874,723,2077,74
"2020-09-04","SUMATERA UTARA",125,33,88,4,2999,756,2165,78
"2020-09-05","SUMATERA UTARA",162,45,111,6,3161,801,2276,84
"2020-09-06","SUMATERA UTARA",81,54,25,2,3242,855,2301,86
"2020-09-07","SUMATERA UTARA",92,70,18,4,3334,925,2319,90
"2020-09-08","SUMATERA UTARA",107,59,45,3,3441,984,2364,93
"2020-09-09","SUMATERA UTARA",132,43,88,1,3573,1027,2452,94
"2020-09-10","SUMATERA UTARA",146,34,109,3,3719,1061,2561,97
"2020-09-11","SUMATERA UTARA",131,67,61,3,3850,1128,2622,100
"2020-09-12","SUMATERA UTARA",121,77,38,6,3971,1205,2660,106
"2020-09-13","SUMATERA UTARA",103,17,86,0,4074,1222,2746,106
"2020-09-14","SUMATERA UTARA",94,27,62,5,4168,1249,2808,111
"2020-09-15","SUMATERA UTARA",249,85,158,6,4417,1334,2966,117
"2020-09-16","SUMATERA UTARA",126,65,57,4,4543,1399,3023,121
"2020-09-17","SUMATERA UTARA",117,58,51,8,4660,1457,3074,129
"2020-09-18","SUMATERA UTARA",125,68,47,10,4785,1525,3121,139
"2020-09-19","SUMATERA UTARA",97,74,18,5,4882,1599,3139,144
"2020-09-20","SUMATERA UTARA",95,60,30,5,4977,1659,3169,149
"2020-09-21","SUMATERA UTARA",100,75,23,2,5077,1734,3192,151
"2020-09-22","SUMATERA UTARA",98,44,53,1,5175,1778,3245,152
"2020-09-23","SUMATERA UTARA",87,28,54,5,5262,1806,3299,157
"2020-09-24","SUMATERA UTARA",96,114,-21,3,5358,1920,3278,160
"2020-09-25","SUMATERA UTARA",94,83,6,5,5452,2003,3284,165
"2020-09-26","SUMATERA UTARA",98,152,-56,2,5550,2155,3228,167
"2020-09-27","SUMATERA UTARA",97,156,-62,3,5647,2311,3166,170
"2020-09-28","SUMATERA UTARA",85,180,-98,3,5732,2491,3068,173
"2020-09-29","SUMATERA UTARA",88,171,-85,2,5820,2662,2983,175
"2020-09-30","SUMATERA UTARA",102,170,-72,4,5922,2832,2911,179
"2020-10-01","SUMATERA UTARA",111,153,-46,4,6033,2985,2865,183
"2020-10-02","SUMATERA UTARA",89,180,-93,2,6122,3165,2772,185
"2020-10-03","SUMATERA UTARA",0,129,-130,1,6122,3294,2642,186
"2020-10-04","SUMATERA UTARA",0,109,-113,4,6122,3403,2529,190
"2020-10-05","SUMATERA UTARA",89,120,-34,3,6211,3523,2495,193
"2020-10-06","SUMATERA UTARA",98,203,-107,2,6309,3726,2388,195
"2020-10-07","SUMATERA UTARA",96,178,-87,5,6405,3904,2301,200
"2020-10-08","SUMATERA UTARA",99,189,-96,6,6504,4093,2205,206
"2020-10-09","SUMATERA UTARA",95,163,-70,2,6599,4256,2135,208
"2020-10-10","SUMATERA UTARA",88,149,-61,0,6687,4405,2074,208
"2020-10-11","SUMATERA UTARA",85,157,-78,6,6772,4562,1996,214
"2020-10-12","SUMATERA UTARA",87,174,-92,5,6859,4736,1904,219
"2020-10-13","SUMATERA UTARA",89,134,-52,7,6948,4870,1852,226
"2020-10-14","SUMATERA UTARA",88,95,-12,5,7036,4965,1840,231
"2020-10-15","SUMATERA UTARA",90,106,-20,4,7126,5071,1820,235
"2020-10-16","SUMATERA UTARA",89,106,-19,2,7215,5177,1801,237
"2020-10-17","SUMATERA UTARA",86,97,-16,5,7301,5274,1785,242
"2020-10-18","SUMATERA UTARA",83,104,-23,2,7384,5378,1762,244
"2020-10-19","SUMATERA UTARA",91,87,0,4,7475,5465,1762,248
"2020-10-20","SUMATERA UTARA",90,84,2,4,7565,5549,1764,252
"2020-10-21","SUMATERA UTARA",87,80,4,3,7652,5629,1768,255
"2020-10-22","SUMATERA UTARA",83,82,-2,3,7735,5711,1766,258
"2020-10-23","SUMATERA UTARA",0,71,-72,1,7735,5782,1694,259
"2020-10-24","SUMATERA UTARA",0,64,-64,0,7735,5846,1630,259
"2020-10-25","SUMATERA UTARA",90,75,13,2,7825,5921,1643,261
"2020-10-26","SUMATERA UTARA",93,85,4,4,7918,6006,1647,265
"2020-10-27","SUMATERA UTARA",90,91,-1,0,8008,6097,1646,265
"2020-10-28","SUMATERA UTARA",92,88,3,1,8100,6185,1649,266
"2020-10-29","SUMATERA UTARA",83,81,0,2,8183,6266,1649,268
"2020-10-30","SUMATERA UTARA",89,73,15,1,8272,6339,1664,269
"2020-10-31","SUMATERA UTARA",93,88,1,4,8365,6427,1665,273
"2020-11-01","SUMATERA UTARA",91,72,16,3,8456,6499,1681,276
"2020-11-02","SUMATERA UTARA",79,67,6,6,8535,6566,1687,282
"2020-11-03","SUMATERA UTARA",78,61,13,4,8613,6627,1700,286
"2020-11-04","SUMATERA UTARA",79,48,25,6,8692,6675,1725,292
"2020-11-05","SUMATERA UTARA",77,53,20,4,8769,6728,1745,296
"2020-11-06","SUMATERA UTARA",78,53,22,3,8847,6781,1767,299
"2020-11-07","SUMATERA UTARA",76,61,14,1,8923,6842,1781,300
"2020-11-08","SUMATERA UTARA",78,39,37,2,9001,6881,1818,302
"2020-11-09","SUMATERA UTARA",75,46,27,2,9076,6927,1845,304
"2020-11-10","SUMATERA UTARA",72,63,6,3,9148,6990,1851,307
"2020-11-11","SUMATERA UTARA",80,58,21,1,9228,7048,1872,308
"2020-11-12","SUMATERA UTARA",79,65,12,2,9307,7113,1884,310
"2020-11-13","SUMATERA UTARA",88,60,22,6,9395,7173,1906,316
"2020-11-14","SUMATERA UTARA",77,59,17,1,9472,7232,1923,317
"2020-11-15","SUMATERA UTARA",85,66,19,0,9557,7298,1942,317
"2020-11-16","SUMATERA UTARA",118,90,24,4,9675,7388,1966,321
"2020-11-17","SUMATERA UTARA",101,101,-1,1,9776,7489,1965,322
"2020-11-18","SUMATERA UTARA",85,69,14,2,9861,7558,1979,324
"2020-11-19","SUMATERA UTARA",79,75,2,2,9940,7633,1981,326
"2020-11-20","SUMATERA UTARA",79,69,9,1,10019,7702,1990,327
"2020-11-21","SUMATERA UTARA",76,77,-3,2,10095,7779,1987,329
"2020-11-22","SUMATERA UTARA",74,69,2,3,10169,7848,1989,332
"2020-11-23","SUMATERA UTARA",84,81,3,0,10253,7929,1992,332
"2020-11-24","SUMATERA UTARA",81,75,4,2,10334,8004,1996,334
"2020-11-25","SUMATERA UTARA",84,79,2,3,10418,8083,1998,337
"2020-11-26","SUMATERA UTARA",82,74,8,0,10500,8157,2006,337
"2020-11-27","SUMATERA UTARA",92,85,3,4,10592,8242,2009,341
"2020-11-28","SUMATERA UTARA",93,90,-1,4,10685,8332,2008,345
"2020-11-29","SUMATERA UTARA",88,70,15,3,10773,8402,2023,348
"2020-11-30","SUMATERA UTARA",77,69,6,2,10850,8471,2029,350
"2020-12-01","SUMATERA UTARA",86,83,1,2,10936,8554,2030,352
"2020-12-02","SUMATERA UTARA",0,77,-79,2,10936,8631,1951,354
"2020-12-03","SUMATERA UTARA",0,74,-78,4,10936,8705,1873,358
"2020-12-04","SUMATERA UTARA",79,80,-3,2,11015,8785,1870,360
"2020-12-05","SUMATERA UTARA",78,73,4,1,11093,8858,1874,361
"2020-12-06","SUMATERA UTARA",87,83,1,3,11180,8941,1875,364
"2020-12-07","SUMATERA UTARA",85,80,2,3,11265,9021,1877,367
"2020-12-08","SUMATERA UTARA",87,81,5,1,11352,9102,1882,368
"2020-12-09","SUMATERA UTARA",80,73,6,1,11432,9175,1888,369
"2020-12-10","SUMATERA UTARA",83,81,-1,3,11515,9256,1887,372
"2020-12-11","SUMATERA UTARA",82,73,7,2,11597,9329,1894,374
"2020-12-12","SUMATERA UTARA",87,77,9,1,11684,9406,1903,375
"2020-12-13","SUMATERA UTARA",89,83,6,0,11773,9489,1909,375
"2020-12-14","SUMATERA UTARA",87,76,8,3,11860,9565,1917,378
"2020-12-15","SUMATERA UTARA",74,73,0,1,11934,9638,1917,379
"2020-12-16","SUMATERA UTARA",0,73,-73,0,11934,9711,1844,379
"2020-12-17","SUMATERA UTARA",0,76,-77,1,11934,9787,1767,380
"2020-12-18","SUMATERA UTARA",0,75,-75,0,11934,9862,1692,380
"2020-12-19","SUMATERA UTARA",0,81,-83,2,11934,9943,1609,382
"2020-12-20","SUMATERA UTARA",0,60,-64,4,11934,10003,1545,386
"2020-12-21","SUMATERA UTARA",0,77,-79,2,11934,10080,1466,388
"2020-12-22","SUMATERA UTARA",0,50,-54,4,11934,10130,1412,392
"2020-12-23","SUMATERA UTARA",0,46,-48,2,11934,10176,1364,394
"2020-12-24","SUMATERA UTARA",80,80,-2,2,12014,10256,1362,396
"2020-12-25","SUMATERA UTARA",75,61,14,0,12089,10317,1376,396
"2020-12-26","SUMATERA UTARA",75,74,1,0,12164,10391,1377,396
"2020-12-27","SUMATERA UTARA",78,62,16,0,12242,10453,1393,396
"2020-12-28","SUMATERA UTARA",82,76,5,1,12324,10529,1398,397
"2020-12-29","SUMATERA UTARA",85,61,24,0,12409,10590,1422,397
"2020-12-30","SUMATERA UTARA",89,63,24,2,12498,10653,1446,399
"2020-12-31","SUMATERA UTARA",83,68,15,0,12581,10721,1461,399
"2021-01-01","SUMATERA UTARA",84,89,-7,2,12665,10810,1454,401
"2021-01-02","SUMATERA UTARA",86,40,44,2,12751,10850,1498,403
"2021-01-03","SUMATERA UTARA",0,76,-76,0,12751,10926,1422,403
"2021-01-04","SUMATERA UTARA",0,0,-1,1,12751,10926,1421,404
"2021-01-05","SUMATERA UTARA",0,58,-59,1,12751,10984,1362,405
"2021-01-06","SUMATERA UTARA",0,51,-53,2,12751,11035,1309,407
"2021-01-07","SUMATERA UTARA",0,62,-64,2,12751,11097,1245,409
"2021-01-08","SUMATERA UTARA",0,56,-60,4,12751,11153,1185,413
"2021-01-09","SUMATERA UTARA",0,43,-44,1,12751,11196,1141,414
"2021-01-10","SUMATERA UTARA",0,66,-67,1,12751,11262,1074,415
"2021-01-11","SUMATERA UTARA",0,44,-46,2,12751,11306,1028,417
"2021-01-12","SUMATERA UTARA",0,60,-61,1,12751,11366,967,418
"2021-01-13","SUMATERA UTARA",96,36,59,1,12847,11402,1026,419
"2021-01-14","SUMATERA UTARA",89,74,15,0,12936,11476,1041,419
"2021-01-15","SUMATERA UTARA",98,68,30,0,13034,11544,1071,419
"2021-01-16","SUMATERA UTARA",74,30,43,1,13108,11574,1114,420
"2021-01-17","SUMATERA UTARA",78,48,29,1,13186,11622,1143,421
"2021-01-18","SUMATERA UTARA",74,85,-12,1,13260,11707,1131,422
"2021-01-19","SUMATERA UTARA",0,58,-58,0,13260,11765,1073,422
"2021-01-20","SUMATERA UTARA",0,47,-48,1,13260,11812,1025,423
"2021-01-21","SUMATERA UTARA",1,48,-47,0,13261,11860,978,423
"2021-01-22","SUMATERA UTARA",0,0,-4,4,13261,11860,974,427
"2021-01-23","SUMATERA UTARA",0,0,-1,1,13261,11860,973,428
"2021-01-24","SUMATERA UTARA",0,1,-1,0,13261,11861,972,428
"2021-01-25","SUMATERA UTARA",0,60,-64,4,13261,11921,908,432
"2021-01-26","SUMATERA UTARA",0,57,-58,1,13261,11978,850,433
"2021-01-27","SUMATERA UTARA",0,23,-26,3,13261,12001,824,436
"2021-01-28","SUMATERA UTARA",0,43,-44,1,13261,12044,780,437
"2021-01-29","SUMATERA UTARA",0,45,-45,0,13261,12089,735,437
"2021-01-30","SUMATERA UTARA",0,44,-45,1,13261,12133,690,438
"2021-01-31","SUMATERA UTARA",0,9,-9,0,13261,12142,681,438
"2021-02-01","SUMATERA UTARA",0,91,-93,2,13261,12233,588,440
"2021-02-02","SUMATERA UTARA",136,55,79,2,13397,12288,667,442
"2021-02-03","SUMATERA UTARA",135,46,85,4,13532,12334,752,446
"2021-02-04","SUMATERA UTARA",126,24,102,0,13658,12358,854,446
"2021-02-05","SUMATERA UTARA",115,33,82,0,13773,12391,936,446
"2021-02-06","SUMATERA UTARA",99,38,61,0,13872,12429,997,446
"2021-02-07","SUMATERA UTARA",169,17,152,0,14041,12446,1149,446
"2021-02-08","SUMATERA UTARA",0,19,-19,0,14041,12465,1130,446
"2021-02-09","SUMATERA UTARA",0,6,-7,1,14041,12471,1123,447
"2021-02-10","SUMATERA UTARA",0,35,-36,1,14041,12506,1087,448
"2021-02-11","SUMATERA UTARA",0,13,-14,1,14041,12519,1073,449
"2021-02-12","SUMATERA UTARA",0,39,-39,0,14041,12558,1034,449
"2021-02-13","SUMATERA UTARA",0,46,-46,0,14041,12604,988,449
"2021-02-14","SUMATERA UTARA",0,41,-42,1,14041,12645,946,450
"2021-02-15","SUMATERA UTARA",0,44,-45,1,14041,12689,901,451
"2021-02-16","SUMATERA UTARA",0,49,-49,0,14041,12738,852,451
"2021-02-17","SUMATERA UTARA",0,69,-71,2,14041,12807,781,453
"2021-02-18","SUMATERA UTARA",0,71,-72,1,14041,12878,709,454
"2021-02-19","SUMATERA UTARA",0,78,-81,3,14041,12956,628,457
"2021-02-20","SUMATERA UTARA",0,79,-80,1,14041,13035,548,458
"2021-02-21","SUMATERA UTARA",0,76,-76,0,14041,13111,472,458
"2021-02-22","SUMATERA UTARA",97,59,35,3,14138,13170,507,461
"2021-02-23","SUMATERA UTARA",139,73,63,3,14277,13243,570,464
"2021-02-24","SUMATERA UTARA",122,59,63,0,14399,13302,633,464
"2021-02-25","SUMATERA UTARA",153,32,121,0,14552,13334,754,464
"2021-02-26","SUMATERA UTARA",130,23,104,3,14682,13357,858,467
"2021-02-27","SUMATERA UTARA",119,34,85,0,14801,13391,943,467
"2021-02-28","SUMATERA UTARA",110,2,106,2,14911,13393,1049,469
"2021-03-01","SUMATERA UTARA",138,8,130,0,15049,13401,1179,469
"2021-03-02","SUMATERA UTARA",1,8,-7,0,15050,13409,1172,469
"2021-03-03","SUMATERA UTARA",0,17,-19,2,15050,13426,1153,471
"2021-03-04","SUMATERA UTARA",0,29,-29,0,15050,13455,1124,471
"2021-03-05","SUMATERA UTARA",0,9,-12,3,15050,13464,1112,474
"2021-03-06","SUMATERA UTARA",0,9,-9,0,15050,13473,1103,474
"2021-03-07","SUMATERA UTARA",0,9,-10,1,15050,13482,1093,475
"2021-03-08","SUMATERA UTARA",0,8,-8,0,15050,13490,1085,475
"2021-03-09","SUMATERA UTARA",0,22,-23,1,15050,13512,1062,476
"2021-03-10","SUMATERA UTARA",0,4,-4,0,15050,13516,1058,476
"2021-03-11","SUMATERA UTARA",0,21,-21,0,15050,13537,1037,476
"2021-03-12","SUMATERA UTARA",0,46,-46,0,15050,13583,991,476
"2021-03-13","SUMATERA UTARA",0,39,-39,0,15050,13622,952,476
"2021-03-14","SUMATERA UTARA",88,73,14,1,15138,13695,966,477
"2021-03-15","SUMATERA UTARA",102,76,25,1,15240,13771,991,478
"2021-03-16","SUMATERA UTARA",79,54,23,2,15319,13825,1014,480
"2021-03-17","SUMATERA UTARA",88,65,21,2,15407,13890,1035,482
"2021-03-18","SUMATERA UTARA",87,73,14,0,15494,13963,1049,482
"2021-03-19","SUMATERA UTARA",85,66,18,1,15579,14029,1067,483
"2021-03-20","SUMATERA UTARA",86,56,29,1,15665,14085,1096,484
"2021-03-21","SUMATERA UTARA",53,52,0,1,15718,14137,1096,485
"2021-03-22","SUMATERA UTARA",85,37,48,0,15803,14174,1144,485
"2021-03-23","SUMATERA UTARA",97,42,55,0,15900,14216,1199,485
"2021-03-24","SUMATERA UTARA",91,43,47,1,15991,14259,1246,486
"2021-03-25","SUMATERA UTARA",1,42,-41,0,15992,14301,1205,486
"2021-03-26","SUMATERA UTARA",0,11,-11,0,15992,14312,1194,486
"2021-03-27","SUMATERA UTARA",0,11,-13,2,15992,14323,1181,488
"2021-03-28","SUMATERA UTARA",0,13,-13,0,15992,14336,1168,488
"2021-03-29","SUMATERA UTARA",0,13,-14,1,15992,14349,1154,489
"2021-03-30","SUMATERA UTARA",0,7,-9,2,15992,14356,1145,491
"2021-03-31","SUMATERA UTARA",0,33,-34,1,15992,14389,1111,492
"2021-04-01","SUMATERA UTARA",0,24,-24,0,15992,14413,1087,492
"2021-04-02","SUMATERA UTARA",0,20,-21,1,15992,14433,1066,493
"2021-04-03","SUMATERA UTARA",64,8,54,2,16056,14441,1120,495
"2021-04-04","SUMATERA UTARA",73,31,41,1,16129,14472,1161,496
"2021-04-05","SUMATERA UTARA",74,66,8,0,16203,14538,1169,496
"2021-04-06","SUMATERA UTARA",77,36,38,3,16280,14574,1207,499
"2021-04-07","SUMATERA UTARA",76,70,5,1,16356,14644,1212,500
"2021-04-08","SUMATERA UTARA",71,78,-9,2,16427,14722,1203,502
"2021-04-09","SUMATERA UTARA",79,62,17,0,16506,14784,1220,502
"2021-04-10","SUMATERA UTARA",78,51,25,2,16584,14835,1245,504
"2021-04-11","SUMATERA UTARA",75,35,39,1,16659,14870,1284,505
"2021-04-12","SUMATERA UTARA",69,51,15,3,16728,14921,1299,508
"2021-04-13","SUMATERA UTARA",67,33,32,2,16795,14954,1331,510
"2021-04-14","SUMATERA UTARA",60,54,2,4,16855,15008,1333,514
"2021-04-15","SUMATERA UTARA",0,32,-33,1,16855,15040,1300,515
"2021-04-16","SUMATERA UTARA",0,43,-46,3,16855,15083,1254,518
"2021-04-17","SUMATERA UTARA",0,47,-48,1,16855,15130,1206,519
"2021-04-18","SUMATERA UTARA",0,52,-52,0,16855,15182,1154,519
"2021-04-19","SUMATERA UTARA",0,20,-23,3,16855,15202,1131,522
"2021-04-20","SUMATERA UTARA",0,28,-29,1,16855,15230,1102,523
"2021-04-21","SUMATERA UTARA",0,27,-27,0,16855,15257,1075,523
"2021-04-22","SUMATERA UTARA",0,22,-23,1,16855,15279,1052,524
"2021-04-23","SUMATERA UTARA",65,37,24,4,16920,15316,1076,528
"2021-04-24","SUMATERA UTARA",64,15,49,0,16984,15331,1125,528
"2021-04-25","SUMATERA UTARA",62,17,43,2,17046,15348,1168,530
"2021-04-26","SUMATERA UTARA",69,7,61,1,17115,15355,1229,531
"2021-04-27","SUMATERA UTARA",63,19,43,1,17178,15374,1272,532
"2021-04-28","SUMATERA UTARA",66,24,40,2,17244,15398,1312,534
"2021-04-29","SUMATERA UTARA",67,36,31,0,17311,15434,1343,534
"2021-04-30","SUMATERA UTARA",68,30,38,0,17379,15464,1381,534
"2021-05-01","SUMATERA UTARA",59,52,6,1,17438,15516,1387,535
"2021-05-02","SUMATERA UTARA",64,57,5,2,17502,15573,1392,537
"2021-05-03","SUMATERA UTARA",68,24,44,0,17570,15597,1436,537
"2021-05-04","SUMATERA UTARA",63,51,12,0,17633,15648,1448,537
"2021-05-05","SUMATERA UTARA",0,25,-28,3,17633,15673,1420,540
"2021-05-06","SUMATERA UTARA",0,35,-37,2,17633,15708,1383,542
"2021-05-07","SUMATERA UTARA",0,48,-49,1,17633,15756,1334,543
"2021-05-08","SUMATERA UTARA",0,70,-72,2,17633,15826,1262,545
"2021-05-09","SUMATERA UTARA",0,74,-76,2,17633,15900,1186,547
"2021-05-10","SUMATERA UTARA",0,68,-70,2,17633,15968,1116,549
"2021-05-11","SUMATERA UTARA",0,65,-65,0,17633,16033,1051,549
"2021-05-12","SUMATERA UTARA",0,57,-60,3,17633,16090,991,552
"2021-05-13","SUMATERA UTARA",82,21,61,0,17715,16111,1052,552
"2021-05-14","SUMATERA UTARA",86,6,80,0,17801,16117,1132,552
"2021-05-15","SUMATERA UTARA",76,27,46,3,17877,16144,1178,555
"2021-05-16","SUMATERA UTARA",80,9,68,3,17957,16153,1246,558
"2021-05-17","SUMATERA UTARA",91,33,56,2,18048,16186,1302,560
"2021-05-18","SUMATERA UTARA",95,54,41,0,18143,16240,1343,560
"2021-05-19","SUMATERA UTARA",92,57,34,1,18235,16297,1377,561
"2021-05-20","SUMATERA UTARA",98,56,42,0,18333,16353,1419,561
"2021-05-21","SUMATERA UTARA",97,59,37,1,18430,16412,1456,562
"2021-05-22","SUMATERA UTARA",87,70,12,5,18517,16482,1468,567
"2021-05-23","SUMATERA UTARA",84,27,56,1,18601,16509,1524,568
"2021-05-24","SUMATERA UTARA",99,38,59,2,18700,16547,1583,570
"2021-05-25","SUMATERA UTARA",97,44,50,3,18797,16591,1633,573
"2021-05-26","SUMATERA UTARA",85,37,45,3,18882,16628,1678,576
"2021-05-27","SUMATERA UTARA",0,54,-55,1,18882,16682,1623,577
"2021-05-28","SUMATERA UTARA",0,74,-76,2,18882,16756,1547,579
"2021-05-29","SUMATERA UTARA",0,71,-73,2,18882,16827,1474,581
"2021-05-30","SUMATERA UTARA",0,55,-56,1,18882,16882,1418,582
"2021-05-31","SUMATERA UTARA",0,64,-66,2,18882,16946,1352,584
"2021-06-01","SUMATERA UTARA",0,58,-59,1,18882,17004,1293,585
"2021-06-02","SUMATERA UTARA",93,62,31,0,18975,17066,1324,585
"2021-06-03","SUMATERA UTARA",96,69,27,0,19071,17135,1351,585
"2021-06-04","SUMATERA UTARA",97,49,43,5,19168,17184,1394,590
"2021-06-05","SUMATERA UTARA",80,47,27,6,19248,17231,1421,596
"2021-06-06","SUMATERA UTARA",74,35,38,1,19322,17266,1459,597
"2021-06-07","SUMATERA UTARA",99,40,56,3,19421,17306,1515,600
"2021-06-08","SUMATERA UTARA",95,54,38,3,19516,17360,1553,603
"2021-06-09","SUMATERA UTARA",93,45,45,3,19609,17405,1598,606
"2021-06-10","SUMATERA UTARA",211,40,168,3,19820,17445,1766,609
"2021-06-11","SUMATERA UTARA",0,59,-63,4,19820,17504,1703,613
"2021-06-12","SUMATERA UTARA",0,82,-83,1,19820,17586,1620,614
"2021-06-13","SUMATERA UTARA",0,45,-46,1,19820,17631,1574,615
"2021-06-14","SUMATERA UTARA",0,42,-47,5,19820,17673,1527,620
"2021-06-15","SUMATERA UTARA",0,79,-81,2,19820,17752,1446,622
"2021-06-16","SUMATERA UTARA",0,40,-40,0,19820,17792,1406,622
"2021-06-17","SUMATERA UTARA",0,85,-91,6,19820,17877,1315,628
"2021-06-18","SUMATERA UTARA",0,82,-85,3,19820,17959,1230,631
"2021-06-19","SUMATERA UTARA",0,82,-84,2,19820,18041,1146,633
"2021-06-20","SUMATERA UTARA",0,72,-72,0,19820,18113,1074,633
"2021-06-21","SUMATERA UTARA",0,64,-65,1,19820,18177,1009,634
"2021-06-22","SUMATERA UTARA",298,127,168,3,20118,18304,1177,637
"2021-06-23","SUMATERA UTARA",146,126,17,3,20264,18430,1194,640
"2021-06-24","SUMATERA UTARA",184,90,89,5,20448,18520,1283,645
"2021-06-25","SUMATERA UTARA",190,122,68,0,20638,18642,1351,645
"2021-06-26","SUMATERA UTARA",0,63,-65,2,20638,18705,1286,647
"2021-06-27","SUMATERA UTARA",0,26,-29,3,20638,18731,1257,650
"2021-06-28","SUMATERA UTARA",0,13,-15,2,20638,18744,1242,652
"2021-06-29","SUMATERA UTARA",0,68,-68,0,20638,18812,1174,652
"2021-06-30","SUMATERA UTARA",0,3,-3,0,20638,18815,1171,652
"2021-07-01","SUMATERA UTARA",0,73,-73,0,20638,18888,1098,652
"2021-07-02","SUMATERA UTARA",0,50,-51,1,20638,18938,1047,653
"2021-07-03","SUMATERA UTARA",1,71,-71,1,20639,19009,976,654
"2021-07-04","SUMATERA UTARA",132,38,93,1,20771,19047,1069,655
"2021-07-05","SUMATERA UTARA",136,42,92,2,20907,19089,1161,657
"2021-07-06","SUMATERA UTARA",256,76,176,4,21163,19165,1337,661
"2021-07-07","SUMATERA UTARA",190,108,81,1,21353,19273,1418,662
"2021-07-08","SUMATERA UTARA",275,119,152,4,21628,19392,1570,666
"2021-07-09","SUMATERA UTARA",336,185,146,5,21964,19577,1716,671
"2021-07-10","SUMATERA UTARA",284,89,191,4,22248,19666,1907,675
"2021-07-11","SUMATERA UTARA",282,36,242,4,22530,19702,2149,679
"2021-07-12","SUMATERA UTARA",325,55,265,5,22855,19757,2414,684
"2021-07-13","SUMATERA UTARA",464,67,389,8,23319,19824,2803,692
"2021-07-14","SUMATERA UTARA",240,57,173,10,23559,19881,2976,702
"2021-07-15","SUMATERA UTARA",325,42,275,8,23884,19923,3251,710
"2021-07-16","SUMATERA UTARA",323,54,267,2,24207,19977,3518,712
"2021-07-17","SUMATERA UTARA",725,112,609,4,24932,20089,4127,716
"2021-07-18","SUMATERA UTARA",793,151,632,10,25725,20240,4759,726
"2021-07-19","SUMATERA UTARA",590,145,438,7,26315,20385,5197,733
"2021-07-20","SUMATERA UTARA",842,160,664,18,27157,20545,5861,751
"2021-07-21","SUMATERA UTARA",886,168,715,3,28043,20713,6576,754
"2021-07-22","SUMATERA UTARA",1058,234,823,1,29101,20947,7399,755
"2021-07-23","SUMATERA UTARA",1272,277,991,4,30373,21224,8390,759
"2021-07-24","SUMATERA UTARA",1061,515,543,3,31434,21739,8933,762
"2021-07-25","SUMATERA UTARA",837,292,527,18,32271,22031,9460,780
"2021-07-26","SUMATERA UTARA",909,288,611,10,33180,22319,10071,790
"2021-07-27","SUMATERA UTARA",1178,300,860,18,34358,22619,10931,808
"2021-07-28","SUMATERA UTARA",1404,291,1090,23,35762,22910,12021,831
"2021-07-29","SUMATERA UTARA",1429,216,1199,14,37191,23126,13220,845
"2021-07-30","SUMATERA UTARA",1277,234,1030,13,38468,23360,14250,858
"2021-07-31","SUMATERA UTARA",1285,232,1041,12,39753,23592,15291,870
"2021-08-01","SUMATERA UTARA",1087,308,748,31,40840,23900,16039,901
"2021-08-02","SUMATERA UTARA",569,351,198,20,41409,24251,16237,921
"2021-08-03","SUMATERA UTARA",783,408,361,14,42192,24659,16598,935
"2021-08-04","SUMATERA UTARA",532,599,-99,32,42724,25258,16499,967
"2021-08-05","SUMATERA UTARA",502,677,-180,5,43226,25935,16319,972
"2021-08-06","SUMATERA UTARA",518,866,-364,16,43744,26801,15955,988
"2021-08-07","SUMATERA UTARA",431,306,117,8,44175,27107,16072,996
"2021-08-08","SUMATERA UTARA",368,387,-38,19,44543,27494,16034,1015
"2021-08-09","SUMATERA UTARA",629,548,71,10,45172,28042,16105,1025
"2021-08-10","SUMATERA UTARA",1536,631,877,28,46708,28673,16982,1053
"2021-08-11","SUMATERA UTARA",1212,489,700,23,47920,29162,17682,1076
"2021-08-12","SUMATERA UTARA",1060,633,404,23,48980,29795,18086,1099
"2021-08-13","SUMATERA UTARA",998,834,135,29,49978,30629,18221,1128
"2021-08-14","SUMATERA UTARA",1092,581,498,13,51070,31210,18719,1141
"2021-08-15","SUMATERA UTARA",934,377,528,29,52004,31587,19247,1170
"2021-08-16","SUMATERA UTARA",618,763,-168,23,52622,32350,19079,1193
"2021-08-17","SUMATERA UTARA",840,834,-1,7,53462,33184,19078,1200
"2021-08-18","SUMATERA UTARA",640,1162,-561,39,54102,34346,18517,1239
"2021-08-19","SUMATERA UTARA",812,1438,-653,27,54914,35784,17864,1266
"2021-08-20","SUMATERA UTARA",1143,1044,86,13,56057,36828,17950,1279
"2021-08-21","SUMATERA UTARA",932,696,201,35,56989,37524,18151,1314
"2021-08-22","SUMATERA UTARA",799,752,30,17,57788,38276,18181,1331
"2021-08-23","SUMATERA UTARA",293,1519,-1244,18,58081,39795,16937,1349
"2021-08-24","SUMATERA UTARA",314,813,-526,27,58395,40608,16411,1376
"2021-08-25","SUMATERA UTARA",329,1099,-790,20,58724,41707,15621,1396
"2021-08-26","SUMATERA UTARA",327,1045,-747,29,59051,42752,14874,1425
"2021-08-27","SUMATERA UTARA",344,1329,-998,13,59395,44081,13876,1438
"2021-08-28","SUMATERA UTARA",239,460,-237,16,59634,44541,13639,1454
"2021-08-29","SUMATERA UTARA",214,399,-201,16,59848,44940,13438,1470
"2021-08-30","SUMATERA UTARA",99,881,-791,9,59947,45821,12647,1479
"2021-08-31","SUMATERA UTARA",246,666,-433,13,60193,46487,12214,1492
"2021-09-01","SUMATERA UTARA",501,971,-470,0,60694,47458,11744,1492
"2021-09-02","SUMATERA UTARA",698,655,26,17,61392,48113,11770,1509
"2021-09-03","SUMATERA UTARA",564,523,29,12,61956,48636,11799,1521
"2021-09-04","SUMATERA UTARA",517,461,54,2,62473,49097,11853,1523
"2021-09-05","SUMATERA UTARA",392,344,43,5,62865,49441,11896,1528
"2021-09-06","SUMATERA UTARA",190,743,-579,26,63055,50184,11317,1554
"2021-09-07","SUMATERA UTARA",443,1096,-682,29,63498,51280,10635,1583
"2021-09-08","SUMATERA UTARA",453,889,-459,23,63951,52169,10176,1606
"2021-09-09","SUMATERA UTARA",427,552,-130,5,64378,52721,10046,1611
"2021-09-10","SUMATERA UTARA",342,2818,-2477,1,64720,55539,7569,1612
"2021-09-11","SUMATERA UTARA",361,584,-235,12,65081,56123,7334,1624
"2021-09-12","SUMATERA UTARA",272,464,-205,13,65353,56587,7129,1637
"2021-09-13","SUMATERA UTARA",123,387,-282,18,65476,56974,6847,1655
"2021-09-14","SUMATERA UTARA",284,1494,-1226,16,65760,58468,5621,1671
"2021-09-15","SUMATERA UTARA",234,1818,-1610,26,65994,60286,4011,1697
"2021-09-16","SUMATERA UTARA",196,473,-294,17,66190,60759,3717,1714
"2021-09-17","SUMATERA UTARA",220,343,-136,13,66410,61102,3581,1727
"2021-09-18","SUMATERA UTARA",201,274,-85,12,66611,61376,3496,1739
"2021-09-19","SUMATERA UTARA",110,282,-184,12,66721,61658,3312,1751
"2021-09-20","SUMATERA UTARA",106,286,-186,6,66827,61944,3126,1757
"2021-09-21","SUMATERA UTARA",269,547,-284,6,67096,62491,2842,1763
"2021-09-22","SUMATERA UTARA",141,373,-235,3,67237,62864,2607,1766
"2021-09-23","SUMATERA UTARA",107,196,-97,8,67344,63060,2510,1774
"2021-09-24","SUMATERA UTARA",137,249,-115,3,67481,63309,2395,1777
"2021-09-25","SUMATERA UTARA",81,240,-162,3,67562,63549,2233,1780
"2021-09-26","SUMATERA UTARA",31,352,-325,4,67593,63901,1908,1784
"2021-09-27","SUMATERA UTARA",13,272,-261,2,67606,64173,1647,1786
"2021-09-28","SUMATERA UTARA",31,171,-148,8,67637,64344,1499,1794
"2021-09-29","SUMATERA UTARA",28,159,-136,5,67665,64503,1363,1799
"2021-09-30","SUMATERA UTARA",47,117,-71,1,67712,64620,1292,1800
"2021-10-01","SUMATERA UTARA",66,177,-112,1,67778,64797,1180,1801
"2021-10-02","SUMATERA UTARA",43,142,-102,3,67821,64939,1078,1804
"2021-10-03","SUMATERA UTARA",45,120,-76,1,67866,65059,1002,1805
"2021-10-04","SUMATERA UTARA",36,103,-67,0,67902,65162,935,1805
"2021-10-05","SUMATERA UTARA",80,119,-39,0,67982,65281,896,1805
"2021-10-06","SUMATERA UTARA",62,60,1,1,68044,65341,897,1806
"2021-10-07","SUMATERA UTARA",43,67,-24,0,68087,65408,873,1806
"2021-10-08","SUMATERA UTARA",59,75,-21,5,68146,65483,852,1811
"2021-10-09","SUMATERA UTARA",49,35,14,0,68195,65518,866,1811
"2021-10-10","SUMATERA UTARA",32,42,-10,0,68227,65560,856,1811
"2021-10-11","SUMATERA UTARA",24,88,-65,1,68251,65648,791,1812
"2021-10-12","SUMATERA UTARA",41,61,-21,1,68292,65709,770,1813
"2021-10-13","SUMATERA UTARA",51,30,20,1,68343,65739,790,1814
"2021-10-14","SUMATERA UTARA",42,159,-121,4,68385,65898,669,1818
"2021-10-15","SUMATERA UTARA",38,74,-37,1,68423,65972,632,1819
"2021-10-16","SUMATERA UTARA",31,61,-30,0,68454,66033,602,1819
"2021-10-17","SUMATERA UTARA",25,44,-20,1,68479,66077,582,1820
"2021-10-18","SUMATERA UTARA",33,43,-11,1,68512,66120,571,1821
"2021-10-19","SUMATERA UTARA",30,58,-29,1,68542,66178,542,1822
"2021-10-20","SUMATERA UTARA",33,39,-8,2,68575,66217,534,1824
"2021-10-21","SUMATERA UTARA",5,26,-21,0,68580,66243,513,1824
"2021-10-22","SUMATERA UTARA",18,35,-19,2,68598,66278,494,1826
"2021-10-23","SUMATERA UTARA",34,20,13,1,68632,66298,507,1827
"2021-10-24","SUMATERA UTARA",19,42,-25,2,68651,66340,482,1829
"2021-10-25","SUMATERA UTARA",14,39,-26,1,68665,66379,456,1830
"2021-10-26","SUMATERA UTARA",24,27,-3,0,68689,66406,453,1830
"2021-10-27","SUMATERA UTARA",10,57,-47,0,68699,66463,406,1830
"2021-10-28","SUMATERA UTARA",11,32,-22,1,68710,66495,384,1831
"2021-10-29","SUMATERA UTARA",9,29,-22,2,68719,66524,362,1833
"2021-10-30","SUMATERA UTARA",18,11,5,2,68737,66535,367,1835
"2021-10-31","SUMATERA UTARA",5,21,-16,0,68742,66556,351,1835
"2021-11-01","SUMATERA UTARA",9,86,-77,0,68751,66642,274,1835
"2021-11-02","SUMATERA UTARA",16,36,-20,0,68767,66678,254,1835
"2021-11-03","SUMATERA UTARA",13,16,-3,0,68780,66694,251,1835
"2021-11-04","SUMATERA UTARA",9,18,-9,0,68789,66712,242,1835
"2021-11-05","SUMATERA UTARA",7,13,-7,1,68796,66725,235,1836
"2021-11-06","SUMATERA UTARA",7,25,-18,0,68803,66750,217,1836
"2021-11-07","SUMATERA UTARA",7,7,0,0,68810,66757,217,1836
"2021-11-08","SUMATERA UTARA",4,29,-26,1,68814,66786,191,1837
"2021-11-09","SUMATERA UTARA",7,14,-7,0,68821,66800,184,1837
"2021-11-10","SUMATERA UTARA",4,16,-12,0,68825,66816,172,1837
"2021-11-11","SUMATERA UTARA",7,16,-9,0,68832,66832,163,1837
"2021-11-12","SUMATERA UTARA",11,5,6,0,68843,66837,169,1837
"2021-11-13","SUMATERA UTARA",12,11,1,0,68855,66848,170,1837
"2021-11-14","SUMATERA UTARA",8,20,-12,0,68863,66868,158,1837
"2021-11-15","SUMATERA UTARA",5,18,-13,0,68868,66886,145,1837
"2021-11-16","SUMATERA UTARA",5,4,1,0,68873,66890,146,1837
"2021-11-17","SUMATERA UTARA",5,13,-8,0,68878,66903,138,1837
"2021-11-18","SUMATERA UTARA",4,14,-10,0,68882,66917,128,1837
"2021-11-19","SUMATERA UTARA",1,6,-5,0,68883,66923,123,1837
"2021-11-20","SUMATERA UTARA",6,23,-17,0,68889,66946,106,1837
"2021-11-21","SUMATERA UTARA",2,5,-3,0,68891,66951,103,1837
"2021-11-22","SUMATERA UTARA",1,15,-14,0,68892,66966,89,1837
"2021-11-23","SUMATERA UTARA",10,5,5,0,68902,66971,94,1837
"2021-11-24","SUMATERA UTARA",6,4,2,0,68908,66975,96,1837
"2021-11-25","SUMATERA UTARA",9,3,6,0,68917,66978,102,1837
"2021-11-26","SUMATERA UTARA",6,3,3,0,68923,66981,105,1837
"2021-11-27","SUMATERA UTARA",7,8,-1,0,68930,66989,104,1837
"2021-11-28","SUMATERA UTARA",0,13,-13,0,68930,67002,91,1837
"2021-11-29","SUMATERA UTARA",5,4,1,0,68935,67006,92,1837
"2021-11-30","SUMATERA UTARA",1,8,-7,0,68936,67014,85,1837
"2021-12-01","SUMATERA UTARA",4,12,-8,0,68940,67026,77,1837
"2021-12-02","SUMATERA UTARA",4,4,0,0,68944,67030,77,1837
"2021-12-03","SUMATERA UTARA",3,3,0,0,68947,67033,77,1837
"2021-12-04","SUMATERA UTARA",3,3,0,0,68950,67036,77,1837
"2021-12-05","SUMATERA UTARA",2,2,0,0,68952,67038,77,1837
"2021-12-06","SUMATERA UTARA",3,3,0,0,68955,67041,77,1837
"2021-12-07","SUMATERA UTARA",11,2,9,0,68966,67043,86,1837
"2021-12-08","SUMATERA UTARA",5,8,-3,0,68971,67051,83,1837
"2021-12-09","SUMATERA UTARA",3,5,-2,0,68974,67056,81,1837
"2021-12-10","SUMATERA UTARA",1,5,-4,0,68975,67061,77,1837
"2021-12-11","SUMATERA UTARA",3,9,-6,0,68978,67070,71,1837
"2021-12-12","SUMATERA UTARA",2,2,0,0,68980,67072,71,1837
"2021-12-13","SUMATERA UTARA",4,0,4,0,68984,67072,75,1837
"2021-12-14","SUMATERA UTARA",1,13,-12,0,68985,67085,63,1837
"2021-12-15","SUMATERA UTARA",3,7,-4,0,68988,67092,59,1837
"2021-12-16","SUMATERA UTARA",3,1,1,1,68991,67093,60,1838
"2021-12-17","SUMATERA UTARA",2,1,1,0,68993,67094,61,1838
"2021-12-18","SUMATERA UTARA",0,1,-3,2,68993,67095,58,1840
"2021-12-19","SUMATERA UTARA",3,0,3,0,68996,67095,61,1840
"2021-12-20","SUMATERA UTARA",1,8,-7,0,68997,67103,54,1840
"2021-12-21","SUMATERA UTARA",4,2,2,0,69001,67105,56,1840
"2021-12-22","SUMATERA UTARA",0,3,-3,0,69001,67108,53,1840
"2021-12-23","SUMATERA UTARA",1,0,1,0,69002,67108,54,1840
"2021-12-24","SUMATERA UTARA",1,2,-1,0,69003,67110,53,1840
"2021-12-25","SUMATERA UTARA",1,1,0,0,69004,67111,53,1840
"2021-12-26","SUMATERA UTARA",0,0,0,0,69004,67111,53,1840
"2021-12-27","SUMATERA UTARA",2,2,0,0,69006,67113,53,1840
"2021-12-28","SUMATERA UTARA",3,2,1,0,69009,67115,54,1840
"2021-12-29","SUMATERA UTARA",2,2,-1,1,69011,67117,53,1841
"2021-12-30","SUMATERA UTARA",3,0,3,0,69014,67117,56,1841
"2021-12-31","SUMATERA UTARA",7,3,4,0,69021,67120,60,1841
"2022-01-01","SUMATERA UTARA",2,0,2,0,69023,67120,62,1841
"2022-01-02","SUMATERA UTARA",1,6,-5,0,69024,67126,57,1841
"2022-01-03","SUMATERA UTARA",1,5,-5,1,69025,67131,52,1842
"2022-01-04","SUMATERA UTARA",0,5,-5,0,69025,67136,47,1842
"2022-01-05","SUMATERA UTARA",2,7,-5,0,69027,67143,42,1842
"2022-01-06","SUMATERA UTARA",6,2,3,1,69033,67145,45,1843
"2022-01-07","SUMATERA UTARA",2,7,-5,0,69035,67152,40,1843
"2022-01-08","SUMATERA UTARA",0,10,-11,1,69035,67162,29,1844
"2022-01-09","SUMATERA UTARA",0,0,0,0,69035,67162,29,1844
"2022-01-10","SUMATERA UTARA",2,3,-1,0,69037,67165,28,1844
"2022-01-11","SUMATERA UTARA",5,1,4,0,69042,67166,32,1844
"2022-01-12","SUMATERA UTARA",2,2,0,0,69044,67168,32,1844
"2022-01-13","SUMATERA UTARA",5,0,5,0,69049,67168,37,1844
"2022-01-14","SUMATERA UTARA",5,4,1,0,69054,67172,38,1844
"2022-01-15","SUMATERA UTARA",1,2,-1,0,69055,67174,37,1844
"2022-01-16","SUMATERA UTARA",1,0,1,0,69056,67174,38,1844
"2022-01-17","SUMATERA UTARA",4,5,-1,0,69060,67179,37,1844
"2022-01-18","SUMATERA UTARA",6,2,2,2,69066,67181,39,1846
"2022-01-19","SUMATERA UTARA",5,1,4,0,69071,67182,43,1846
"2022-01-20","SUMATERA UTARA",4,2,2,0,69075,67184,45,1846
"2022-01-21","SUMATERA UTARA",6,5,1,0,69081,67189,46,1846
"2022-01-22","SUMATERA UTARA",13,2,10,1,69094,67191,56,1847
"2022-01-23","SUMATERA UTARA",10,3,7,0,69104,67194,63,1847
"2022-01-24","SUMATERA UTARA",9,3,6,0,69113,67197,69,1847
"2022-01-25","SUMATERA UTARA",19,1,18,0,69132,67198,87,1847
"2022-01-26","SUMATERA UTARA",25,3,22,0,69157,67201,109,1847
"2022-01-27","SUMATERA UTARA",28,1,27,0,69185,67202,136,1847
"2022-01-28","SUMATERA UTARA",34,5,28,1,69219,67207,164,1848
"2022-01-29","SUMATERA UTARA",39,1,38,0,69258,67208,202,1848
"2022-01-30","SUMATERA UTARA",76,0,76,0,69334,67208,278,1848
"2022-01-31","SUMATERA UTARA",56,8,48,0,69390,67216,326,1848
"2022-02-01","SUMATERA UTARA",117,2,115,0,69507,67218,441,1848
"2022-02-02","SUMATERA UTARA",113,8,105,0,69620,67226,546,1848
"2022-02-03","SUMATERA UTARA",198,11,187,0,69818,67237,733,1848
"2022-02-04","SUMATERA UTARA",199,9,190,0,70017,67246,923,1848
"2022-02-05","SUMATERA UTARA",248,8,240,0,70265,67254,1163,1848
"2022-02-06","SUMATERA UTARA",245,15,229,1,70510,67269,1392,1849
"2022-02-07","SUMATERA UTARA",195,21,173,1,70705,67290,1565,1850
"2022-02-08","SUMATERA UTARA",538,25,511,2,71243,67315,2076,1852
"2022-02-09","SUMATERA UTARA",582,28,554,0,71825,67343,2630,1852
"2022-02-10","SUMATERA UTARA",638,32,605,1,72463,67375,3235,1853
"2022-02-11","SUMATERA UTARA",612,61,550,1,73075,67436,3785,1854
"2022-02-12","SUMATERA UTARA",955,26,928,1,74030,67462,4713,1855
"2022-02-13","SUMATERA UTARA",825,326,499,0,74855,67788,5212,1855
"2022-02-14","SUMATERA UTARA",804,133,669,2,75659,67921,5881,1857
"2022-02-15","SUMATERA UTARA",1444,222,1222,0,77103,68143,7103,1857
"2022-02-16","SUMATERA UTARA",1643,212,1430,1,78746,68355,8533,1858
"2022-02-17","SUMATERA UTARA",2002,312,1687,3,80748,68667,10220,1861
"2022-02-18","SUMATERA UTARA",2202,379,1819,4,82950,69046,12039,1865
"2022-02-19","SUMATERA UTARA",2349,461,1884,4,85299,69507,13923,1869
"2022-02-20","SUMATERA UTARA",1934,661,1269,4,87233,70168,15192,1873
"2022-02-21","SUMATERA UTARA",1382,611,766,5,88615,70779,15958,1878
"2022-02-22","SUMATERA UTARA",2348,993,1352,3,90963,71772,17310,1881
"2022-02-23","SUMATERA UTARA",2898,922,1970,6,93861,72694,19280,1887
"2022-02-24","SUMATERA UTARA",2557,790,1763,4,96418,73484,21043,1891
"2022-02-25","SUMATERA UTARA",2525,1145,1378,2,98943,74629,22421,1893
"2022-02-26","SUMATERA UTARA",2004,874,1129,1,100947,75503,23550,1894
"2022-02-27","SUMATERA UTARA",1602,1397,197,8,102549,76900,23747,1902
"2022-02-28","SUMATERA UTARA",906,1371,-467,2,103455,78271,23280,1904
"2022-03-01","SUMATERA UTARA",1001,2294,-1307,14,104456,80565,21973,1918
"2022-03-02","SUMATERA UTARA",1701,1019,672,10,106157,81584,22645,1928
"2022-03-03","SUMATERA UTARA",1648,1747,-110,11,107805,83331,22535,1939
"2022-03-04","SUMATERA UTARA",841,1630,-802,13,108646,84961,21733,1952
"2022-03-05","SUMATERA UTARA",1174,1066,98,10,109820,86027,21831,1962
"2022-03-06","SUMATERA UTARA",946,1452,-512,6,110766,87479,21319,1968
"2022-03-07","SUMATERA UTARA",866,1417,-560,9,111632,88896,20759,1977
"2022-03-08","SUMATERA UTARA",7,633,-631,5,111639,89529,20128,1982
"2020-08-06","SUMATERA BARAT",32,1,31,0,32,1,31,0
"2020-08-07","SUMATERA BARAT",41,0,41,0,73,1,72,0
"2020-08-08","SUMATERA BARAT",23,0,23,0,96,1,95,0
"2020-08-09","SUMATERA BARAT",38,0,38,0,134,1,133,0
"2020-08-10","SUMATERA BARAT",36,0,36,0,170,1,169,0
"2020-08-11","SUMATERA BARAT",13,0,13,0,183,1,182,0
"2020-08-12","SUMATERA BARAT",27,3,23,1,210,4,205,1
"2020-08-13","SUMATERA BARAT",42,6,36,0,252,10,241,1
"2020-08-14","SUMATERA BARAT",42,8,33,1,294,18,274,2
"2020-08-15","SUMATERA BARAT",37,7,30,0,331,25,304,2
"2020-08-16","SUMATERA BARAT",13,6,5,2,344,31,309,4
"2020-08-17","SUMATERA BARAT",26,6,19,1,370,37,328,5
"2020-08-18","SUMATERA BARAT",37,4,31,2,407,41,359,7
"2020-08-19","SUMATERA BARAT",26,13,11,2,433,54,370,9
"2020-08-20","SUMATERA BARAT",44,8,36,0,477,62,406,9
"2020-08-21","SUMATERA BARAT",45,38,7,0,522,100,413,9
"2020-08-22","SUMATERA BARAT",37,5,29,3,559,105,442,12
"2020-08-23","SUMATERA BARAT",68,32,35,1,627,137,477,13
"2020-08-24","SUMATERA BARAT",26,10,16,0,653,147,493,13
"2020-08-25","SUMATERA BARAT",77,17,59,1,730,164,552,14
"2020-08-26","SUMATERA BARAT",87,3,83,1,817,167,635,15
"2020-08-27","SUMATERA BARAT",41,48,-9,2,858,215,626,17
"2020-08-28","SUMATERA BARAT",26,8,16,2,884,223,642,19
"2020-08-29","SUMATERA BARAT",88,6,82,0,972,229,724,19
"2020-08-30","SUMATERA BARAT",90,39,50,1,1062,268,774,20
"2020-08-31","SUMATERA BARAT",89,26,63,0,1151,294,837,20
"2020-09-01","SUMATERA BARAT",83,18,65,0,1234,312,902,20
"2020-09-02","SUMATERA BARAT",88,62,26,0,1322,374,928,20
"2020-09-03","SUMATERA BARAT",44,19,25,0,1366,393,953,20
"2020-09-04","SUMATERA BARAT",65,68,-6,3,1431,461,947,23
"2020-09-05","SUMATERA BARAT",70,26,44,0,1501,487,991,23
"2020-09-06","SUMATERA BARAT",244,23,220,1,1745,510,1211,24
"2020-09-07","SUMATERA BARAT",44,55,-12,1,1789,565,1199,25
"2020-09-08","SUMATERA BARAT",115,37,78,0,1904,602,1277,25
"2020-09-09","SUMATERA BARAT",110,63,45,2,2014,665,1322,27
"2020-09-10","SUMATERA BARAT",104,61,43,0,2118,726,1365,27
"2020-09-11","SUMATERA BARAT",37,50,-13,0,2155,776,1352,27
"2020-09-12","SUMATERA BARAT",103,4,95,4,2258,780,1447,31
"2020-09-13","SUMATERA BARAT",123,23,97,3,2381,803,1544,34
"2020-09-14","SUMATERA BARAT",118,41,73,4,2499,844,1617,38
"2020-09-15","SUMATERA BARAT",128,86,37,5,2627,930,1654,43
"2020-09-16","SUMATERA BARAT",116,59,52,5,2743,989,1706,48
"2020-09-17","SUMATERA BARAT",119,36,81,2,2862,1025,1787,50
"2020-09-18","SUMATERA BARAT",134,63,69,2,2996,1088,1856,52
"2020-09-19","SUMATERA BARAT",159,126,31,2,3155,1214,1887,54
"2020-09-20","SUMATERA BARAT",106,37,66,3,3261,1251,1953,57
"2020-09-21","SUMATERA BARAT",181,88,92,1,3442,1339,2045,58
"2020-09-22","SUMATERA BARAT",201,90,109,2,3643,1429,2154,60
"2020-09-23","SUMATERA BARAT",204,105,97,2,3847,1534,2251,62
"2020-09-24","SUMATERA BARAT",302,144,156,2,4149,1678,2407,64
"2020-09-25","SUMATERA BARAT",208,89,115,4,4357,1767,2522,68
"2020-09-26","SUMATERA BARAT",140,117,22,1,4497,1884,2544,69
"2020-09-27","SUMATERA BARAT",216,68,145,3,4713,1952,2689,72
"2020-09-28","SUMATERA BARAT",206,80,124,2,4919,2032,2813,74
"2020-09-29","SUMATERA BARAT",254,85,163,6,5173,2117,2976,80
"2020-09-30","SUMATERA BARAT",101,105,-15,11,5274,2222,2961,91
"2020-10-01","SUMATERA BARAT",192,107,81,4,5466,2329,3042,95
"2020-10-02","SUMATERA BARAT",114,133,-23,4,5580,2462,3019,99
"2020-10-03","SUMATERA BARAT",0,114,-116,2,5580,2576,2903,101
"2020-10-04","SUMATERA BARAT",0,132,-134,2,5580,2708,2769,103
"2020-10-05","SUMATERA BARAT",216,156,57,3,5796,2864,2826,106
"2020-10-06","SUMATERA BARAT",85,299,-216,2,5881,3163,2610,108
"2020-10-07","SUMATERA BARAT",194,119,67,8,6075,3282,2677,116
"2020-10-08","SUMATERA BARAT",201,141,55,5,6276,3423,2732,121
"2020-10-09","SUMATERA BARAT",295,155,137,3,6571,3578,2869,124
"2020-10-10","SUMATERA BARAT",243,98,140,5,6814,3676,3009,129
"2020-10-11","SUMATERA BARAT",341,156,181,4,7155,3832,3190,133
"2020-10-12","SUMATERA BARAT",176,93,83,0,7331,3925,3273,133
"2020-10-13","SUMATERA BARAT",173,69,101,3,7504,3994,3374,136
"2020-10-14","SUMATERA BARAT",351,95,255,1,7855,4089,3629,137
"2020-10-15","SUMATERA BARAT",346,100,242,4,8201,4189,3871,141
"2020-10-16","SUMATERA BARAT",500,111,385,4,8701,4300,4256,145
"2020-10-17","SUMATERA BARAT",435,225,207,3,9136,4525,4463,148
"2020-10-18","SUMATERA BARAT",277,99,176,2,9413,4624,4639,150
"2020-10-19","SUMATERA BARAT",242,154,75,13,9655,4778,4714,163
"2020-10-20","SUMATERA BARAT",170,95,72,3,9825,4873,4786,166
"2020-10-21","SUMATERA BARAT",279,243,29,7,10104,5116,4815,173
"2020-10-22","SUMATERA BARAT",222,110,110,2,10326,5226,4925,175
"2020-10-23","SUMATERA BARAT",0,515,-520,5,10326,5741,4405,180
"2020-10-24","SUMATERA BARAT",0,181,-181,0,10326,5922,4224,180
"2020-10-25","SUMATERA BARAT",356,162,190,4,10682,6084,4414,184
"2020-10-26","SUMATERA BARAT",271,177,90,4,10953,6261,4504,188
"2020-10-27","SUMATERA BARAT",312,477,-172,7,11265,6738,4332,195
"2020-10-28","SUMATERA BARAT",266,187,75,4,11531,6925,4407,199
"2020-10-29","SUMATERA BARAT",345,451,-115,9,11876,7376,4292,208
"2020-10-30","SUMATERA BARAT",301,1163,-869,7,12177,8539,3423,215
"2020-10-31","SUMATERA BARAT",252,239,8,5,12429,8778,3431,220
"2020-11-01","SUMATERA BARAT",223,200,17,6,12652,8978,3448,226
"2020-11-02","SUMATERA BARAT",178,238,-65,5,12830,9216,3383,231
"2020-11-03","SUMATERA BARAT",78,175,-101,4,12908,9391,3282,235
"2020-11-04","SUMATERA BARAT",170,599,-434,5,13078,9990,2848,240
"2020-11-05","SUMATERA BARAT",240,318,-83,5,13318,10308,2765,245
"2020-11-06","SUMATERA BARAT",234,250,-22,6,13552,10558,2743,251
"2020-11-07","SUMATERA BARAT",167,230,-71,8,13719,10788,2672,259
"2020-11-08","SUMATERA BARAT",197,215,-24,6,13916,11003,2648,265
"2020-11-09","SUMATERA BARAT",126,170,-46,2,14042,11173,2602,267
"2020-11-10","SUMATERA BARAT",112,288,-180,4,14154,11461,2422,271
"2020-11-11","SUMATERA BARAT",254,114,138,2,14408,11575,2560,273
"2020-11-12","SUMATERA BARAT",200,143,53,4,14608,11718,2613,277
"2020-11-13","SUMATERA BARAT",189,118,69,2,14797,11836,2682,279
"2020-11-14","SUMATERA BARAT",244,145,96,3,15041,11981,2778,282
"2020-11-15","SUMATERA BARAT",213,95,118,0,15254,12076,2896,282
"2020-11-16","SUMATERA BARAT",38,80,-45,3,15292,12156,2851,285
"2020-11-17","SUMATERA BARAT",105,37,57,11,15397,12193,2908,296
"2020-11-18","SUMATERA BARAT",210,147,57,6,15607,12340,2965,302
"2020-11-19","SUMATERA BARAT",195,472,-279,2,15802,12812,2686,304
"2020-11-20","SUMATERA BARAT",218,319,-105,4,16020,13131,2581,308
"2020-11-21","SUMATERA BARAT",243,323,-91,11,16263,13454,2490,319
"2020-11-22","SUMATERA BARAT",229,433,-210,6,16492,13887,2280,325
"2020-11-23","SUMATERA BARAT",33,158,-129,4,16525,14045,2151,329
"2020-11-24","SUMATERA BARAT",58,429,-372,1,16583,14474,1779,330
"2020-11-25","SUMATERA BARAT",260,324,-70,6,16843,14798,1709,336
"2020-11-26","SUMATERA BARAT",307,142,160,5,17150,14940,1869,341
"2020-11-27","SUMATERA BARAT",239,214,22,3,17389,15154,1891,344
"2020-11-28","SUMATERA BARAT",186,210,-28,4,17575,15364,1863,348
"2020-11-29","SUMATERA BARAT",273,192,78,3,17848,15556,1941,351
"2020-11-30","SUMATERA BARAT",92,216,-131,7,17940,15772,1810,358
"2020-12-01","SUMATERA BARAT",57,118,-62,1,17997,15890,1748,359
"2020-12-02","SUMATERA BARAT",0,216,-220,4,17997,16106,1528,363
"2020-12-03","SUMATERA BARAT",0,151,-153,2,17997,16257,1375,365
"2020-12-04","SUMATERA BARAT",209,211,-6,4,18206,16468,1369,369
"2020-12-05","SUMATERA BARAT",161,150,10,1,18367,16618,1379,370
"2020-12-06","SUMATERA BARAT",139,200,-66,5,18506,16818,1313,375
"2020-12-07","SUMATERA BARAT",114,37,77,0,18620,16855,1390,375
"2020-12-08","SUMATERA BARAT",88,115,-32,5,18708,16970,1358,380
"2020-12-09","SUMATERA BARAT",125,150,-30,5,18833,17120,1328,385
"2020-12-10","SUMATERA BARAT",140,206,-66,0,18973,17326,1262,385
"2020-12-11","SUMATERA BARAT",63,222,-160,1,19036,17548,1102,386
"2020-12-12","SUMATERA BARAT",85,31,54,0,19121,17579,1156,386
"2020-12-13","SUMATERA BARAT",116,190,-76,2,19237,17769,1080,388
"2020-12-14","SUMATERA BARAT",54,47,6,1,19291,17816,1086,389
"2020-12-15","SUMATERA BARAT",39,138,-99,0,19330,17954,987,389
"2020-12-16","SUMATERA BARAT",0,144,-148,4,19330,18098,839,393
"2020-12-17","SUMATERA BARAT",0,128,-133,5,19330,18226,706,398
"2020-12-18","SUMATERA BARAT",0,124,-128,4,19330,18350,578,402
"2020-12-19","SUMATERA BARAT",0,30,-34,4,19330,18380,544,406
"2020-12-20","SUMATERA BARAT",0,106,-109,3,19330,18486,435,409
"2020-12-21","SUMATERA BARAT",0,55,-58,3,19330,18541,377,412
"2020-12-22","SUMATERA BARAT",0,82,-82,0,19330,18623,295,412
"2020-12-23","SUMATERA BARAT",0,22,-24,2,19330,18645,271,414
"2020-12-24","SUMATERA BARAT",100,19,80,1,19430,18664,351,415
"2020-12-25","SUMATERA BARAT",100,13,83,4,19530,18677,434,419
"2020-12-26","SUMATERA BARAT",75,3,68,4,19605,18680,502,423
"2020-12-27","SUMATERA BARAT",60,9,47,4,19665,18689,549,427
"2020-12-28","SUMATERA BARAT",16,7,8,1,19681,18696,557,428
"2020-12-29","SUMATERA BARAT",83,8,71,4,19764,18704,628,432
"2020-12-30","SUMATERA BARAT",125,11,113,1,19889,18715,741,433
"2020-12-31","SUMATERA BARAT",117,10,104,3,20006,18725,845,436
"2021-01-01","SUMATERA BARAT",147,19,127,1,20153,18744,972,437
"2021-01-02","SUMATERA BARAT",38,108,-72,2,20191,18852,900,439
"2021-01-03","SUMATERA BARAT",0,107,-109,2,20191,18959,791,441
"2021-01-04","SUMATERA BARAT",0,116,-118,2,20191,19075,673,443
"2021-01-05","SUMATERA BARAT",0,134,-135,1,20191,19209,538,444
"2021-01-06","SUMATERA BARAT",0,109,-109,0,20191,19318,429,444
"2021-01-07","SUMATERA BARAT",0,14,-16,2,20191,19332,413,446
"2021-01-08","SUMATERA BARAT",0,14,-14,0,20191,19346,399,446
"2021-01-09","SUMATERA BARAT",0,13,-14,1,20191,19359,385,447
"2021-01-10","SUMATERA BARAT",0,7,-7,0,20191,19366,378,447
"2021-01-11","SUMATERA BARAT",0,12,-14,2,20191,19378,364,449
"2021-01-12","SUMATERA BARAT",0,13,-13,0,20191,19391,351,449
"2021-01-13","SUMATERA BARAT",170,19,151,0,20361,19410,502,449
"2021-01-14","SUMATERA BARAT",269,23,246,0,20630,19433,748,449
"2021-01-15","SUMATERA BARAT",191,7,181,3,20821,19440,929,452
"2021-01-16","SUMATERA BARAT",182,11,168,3,21003,19451,1097,455
"2021-01-17","SUMATERA BARAT",168,10,158,0,21171,19461,1255,455
"2021-01-18","SUMATERA BARAT",35,2,32,1,21206,19463,1287,456
"2021-01-19","SUMATERA BARAT",0,43,-43,0,21206,19506,1244,456
"2021-01-20","SUMATERA BARAT",0,6,-10,4,21206,19512,1234,460
"2021-01-21","SUMATERA BARAT",0,27,-29,2,21206,19539,1205,462
"2021-01-22","SUMATERA BARAT",0,14,-15,1,21206,19553,1190,463
"2021-01-23","SUMATERA BARAT",0,79,-79,0,21206,19632,1111,463
"2021-01-24","SUMATERA BARAT",0,93,-93,0,21206,19725,1018,463
"2021-01-25","SUMATERA BARAT",0,54,-56,2,21206,19779,962,465
"2021-01-26","SUMATERA BARAT",0,31,-31,0,21206,19810,931,465
"2021-01-27","SUMATERA BARAT",0,35,-35,0,21206,19845,896,465
"2021-01-28","SUMATERA BARAT",0,57,-57,0,21206,19902,839,465
"2021-01-29","SUMATERA BARAT",0,184,-186,2,21206,20086,653,467
"2021-01-30","SUMATERA BARAT",0,11,-11,0,21206,20097,642,467
"2021-01-31","SUMATERA BARAT",0,52,-53,1,21206,20149,589,468
"2021-02-01","SUMATERA BARAT",0,5,-5,0,21206,20154,584,468
"2021-02-02","SUMATERA BARAT",37,61,-27,3,21243,20215,557,471
"2021-02-03","SUMATERA BARAT",129,19,107,3,21372,20234,664,474
"2021-02-04","SUMATERA BARAT",97,32,64,1,21469,20266,728,475
"2021-02-05","SUMATERA BARAT",58,13,45,0,21527,20279,773,475
"2021-02-06","SUMATERA BARAT",95,19,75,1,21622,20298,848,476
"2021-02-07","SUMATERA BARAT",129,32,97,0,21751,20330,945,476
"2021-02-08","SUMATERA BARAT",0,47,-48,1,21751,20377,897,477
"2021-02-09","SUMATERA BARAT",0,43,-43,0,21751,20420,854,477
"2021-02-10","SUMATERA BARAT",0,39,-40,1,21751,20459,814,478
"2021-02-11","SUMATERA BARAT",0,36,-39,3,21751,20495,775,481
"2021-02-12","SUMATERA BARAT",0,26,-26,0,21751,20521,749,481
"2021-02-13","SUMATERA BARAT",0,37,-37,0,21751,20558,712,481
"2021-02-14","SUMATERA BARAT",0,60,-60,0,21751,20618,652,481
"2021-02-15","SUMATERA BARAT",0,11,-11,0,21751,20629,641,481
"2021-02-16","SUMATERA BARAT",0,0,0,0,21751,20629,641,481
"2021-02-17","SUMATERA BARAT",0,15,-15,0,21751,20644,626,481
"2021-02-18","SUMATERA BARAT",0,29,-29,0,21751,20673,597,481
"2021-02-19","SUMATERA BARAT",0,2,-3,1,21751,20675,594,482
"2021-02-20","SUMATERA BARAT",0,24,-24,0,21751,20699,570,482
"2021-02-21","SUMATERA BARAT",0,21,-21,0,21751,20720,549,482
"2021-02-22","SUMATERA BARAT",29,80,-51,0,21780,20800,498,482
"2021-02-23","SUMATERA BARAT",60,46,14,0,21840,20846,512,482
"2021-02-24","SUMATERA BARAT",87,55,32,0,21927,20901,544,482
"2021-02-25","SUMATERA BARAT",83,24,59,0,22010,20925,603,482
"2021-02-26","SUMATERA BARAT",97,34,62,1,22107,20959,665,483
"2021-02-27","SUMATERA BARAT",81,20,61,0,22188,20979,726,483
"2021-02-28","SUMATERA BARAT",84,26,58,0,22272,21005,784,483
"2021-03-01","SUMATERA BARAT",22,59,-40,3,22294,21064,744,486
"2021-03-02","SUMATERA BARAT",0,66,-67,1,22294,21130,677,487
"2021-03-03","SUMATERA BARAT",0,96,-96,0,22294,21226,581,487
"2021-03-04","SUMATERA BARAT",0,38,-38,0,22294,21264,543,487
"2021-03-05","SUMATERA BARAT",0,71,-71,0,22294,21335,472,487
"2021-03-06","SUMATERA BARAT",0,42,-42,0,22294,21377,430,487
"2021-03-07","SUMATERA BARAT",0,57,-57,0,22294,21434,373,487
"2021-03-08","SUMATERA BARAT",0,35,-35,0,22294,21469,338,487
"2021-03-09","SUMATERA BARAT",0,19,-20,1,22294,21488,318,488
"2021-03-10","SUMATERA BARAT",0,49,-49,0,22294,21537,269,488
"2021-03-11","SUMATERA BARAT",0,48,-48,0,22294,21585,221,488
"2021-03-12","SUMATERA BARAT",0,20,-20,0,22294,21605,201,488
"2021-03-13","SUMATERA BARAT",0,12,-12,0,22294,21617,189,488
"2021-03-14","SUMATERA BARAT",93,58,35,0,22387,21675,224,488
"2021-03-15","SUMATERA BARAT",22,6,16,0,22409,21681,240,488
"2021-03-16","SUMATERA BARAT",55,9,46,0,22464,21690,286,488
"2021-03-17","SUMATERA BARAT",135,5,127,3,22599,21695,413,491
"2021-03-18","SUMATERA BARAT",105,13,92,0,22704,21708,505,491
"2021-03-19","SUMATERA BARAT",109,13,94,2,22813,21721,599,493
"2021-03-20","SUMATERA BARAT",77,42,34,1,22890,21763,633,494
"2021-03-21","SUMATERA BARAT",87,29,56,2,22977,21792,689,496
"2021-03-22","SUMATERA BARAT",41,18,23,0,23018,21810,712,496
"2021-03-23","SUMATERA BARAT",90,18,70,2,23108,21828,782,498
"2021-03-24","SUMATERA BARAT",89,84,5,0,23197,21912,787,498
"2021-03-25","SUMATERA BARAT",0,77,-77,0,23197,21989,710,498
"2021-03-26","SUMATERA BARAT",0,40,-40,0,23197,22029,670,498
"2021-03-27","SUMATERA BARAT",0,54,-55,1,23197,22083,615,499
"2021-03-28","SUMATERA BARAT",0,98,-99,1,23197,22181,516,500
"2021-03-29","SUMATERA BARAT",0,30,-30,0,23197,22211,486,500
"2021-03-30","SUMATERA BARAT",0,8,-8,0,23197,22219,478,500
"2021-03-31","SUMATERA BARAT",0,48,-48,0,23197,22267,430,500
"2021-04-01","SUMATERA BARAT",0,43,-43,0,23197,22310,387,500
"2021-04-02","SUMATERA BARAT",0,20,-20,0,23197,22330,367,500
"2021-04-03","SUMATERA BARAT",86,44,41,1,23283,22374,408,501
"2021-04-04","SUMATERA BARAT",57,5,52,0,23340,22379,460,501
"2021-04-05","SUMATERA BARAT",51,48,0,3,23391,22427,460,504
"2021-04-06","SUMATERA BARAT",105,21,81,3,23496,22448,541,507
"2021-04-07","SUMATERA BARAT",129,44,85,0,23625,22492,626,507
"2021-04-08","SUMATERA BARAT",215,67,140,8,23840,22559,766,515
"2021-04-09","SUMATERA BARAT",145,21,124,0,23985,22580,890,515
"2021-04-10","SUMATERA BARAT",155,25,127,3,24140,22605,1017,518
"2021-04-11","SUMATERA BARAT",114,58,55,1,24254,22663,1072,519
"2021-04-12","SUMATERA BARAT",57,32,23,2,24311,22695,1095,521
"2021-04-13","SUMATERA BARAT",101,103,-5,3,24412,22798,1090,524
"2021-04-14","SUMATERA BARAT",174,62,109,3,24586,22860,1199,527
"2021-04-15","SUMATERA BARAT",0,106,-109,3,24586,22966,1090,530
"2021-04-16","SUMATERA BARAT",0,88,-88,0,24586,23054,1002,530
"2021-04-17","SUMATERA BARAT",0,123,-125,2,24586,23177,877,532
"2021-04-18","SUMATERA BARAT",0,81,-82,1,24586,23258,795,533
"2021-04-19","SUMATERA BARAT",0,42,-42,0,24586,23300,753,533
"2021-04-20","SUMATERA BARAT",0,124,-127,3,24586,23424,626,536
"2021-04-21","SUMATERA BARAT",0,90,-92,2,24586,23514,534,538
"2021-04-22","SUMATERA BARAT",0,57,-58,1,24586,23571,476,539
"2021-04-23","SUMATERA BARAT",232,153,79,0,24818,23724,555,539
"2021-04-24","SUMATERA BARAT",295,47,244,4,25113,23771,799,543
"2021-04-25","SUMATERA BARAT",234,15,217,2,25347,23786,1016,545
"2021-04-26","SUMATERA BARAT",93,18,70,5,25440,23804,1086,550
"2021-04-27","SUMATERA BARAT",212,54,155,3,25652,23858,1241,553
"2021-04-28","SUMATERA BARAT",220,39,177,4,25872,23897,1418,557
"2021-04-29","SUMATERA BARAT",281,71,204,6,26153,23968,1622,563
"2021-04-30","SUMATERA BARAT",162,55,106,1,26315,24023,1728,564
"2021-05-01","SUMATERA BARAT",179,186,-15,8,26494,24209,1713,572
"2021-05-02","SUMATERA BARAT",270,91,175,4,26764,24300,1888,576
"2021-05-03","SUMATERA BARAT",58,39,16,3,26822,24339,1904,579
"2021-05-04","SUMATERA BARAT",144,165,-26,5,26966,24504,1878,584
"2021-05-05","SUMATERA BARAT",0,161,-165,4,26966,24665,1713,588
"2021-05-06","SUMATERA BARAT",0,171,-173,2,26966,24836,1540,590
"2021-05-07","SUMATERA BARAT",0,171,-174,3,26966,25007,1366,593
"2021-05-08","SUMATERA BARAT",0,229,-230,1,26966,25236,1136,594
"2021-05-09","SUMATERA BARAT",0,138,-143,5,26966,25374,993,599
"2021-05-10","SUMATERA BARAT",0,73,-79,6,26966,25447,914,605
"2021-05-11","SUMATERA BARAT",0,151,-153,2,26966,25598,761,607
"2021-05-12","SUMATERA BARAT",0,113,-114,1,26966,25711,647,608
"2021-05-13","SUMATERA BARAT",94,62,32,0,27060,25773,679,608
"2021-05-14","SUMATERA BARAT",0,1,-1,0,27060,25774,678,608
"2021-05-15","SUMATERA BARAT",0,4,-4,0,27060,25778,674,608
"2021-05-16","SUMATERA BARAT",141,67,70,4,27201,25845,744,612
"2021-05-17","SUMATERA BARAT",127,57,61,9,27328,25902,805,621
"2021-05-18","SUMATERA BARAT",230,65,158,7,27558,25967,963,628
"2021-05-19","SUMATERA BARAT",295,90,202,3,27853,26057,1165,631
"2021-05-20","SUMATERA BARAT",349,53,289,7,28202,26110,1454,638
"2021-05-21","SUMATERA BARAT",362,58,295,9,28564,26168,1749,647
"2021-05-22","SUMATERA BARAT",301,68,229,4,28865,26236,1978,651
"2021-05-23","SUMATERA BARAT",381,90,283,8,29246,26326,2261,659
"2021-05-24","SUMATERA BARAT",154,60,93,1,29400,26386,2354,660
"2021-05-25","SUMATERA BARAT",271,120,143,8,29671,26506,2497,668
"2021-05-26","SUMATERA BARAT",290,230,57,3,29961,26736,2554,671
"2021-05-27","SUMATERA BARAT",0,62,-66,4,29961,26798,2488,675
"2021-05-28","SUMATERA BARAT",0,191,-197,6,29961,26989,2291,681
"2021-05-29","SUMATERA BARAT",0,329,-336,7,29961,27318,1955,688
"2021-05-30","SUMATERA BARAT",0,151,-159,8,29961,27469,1796,696
"2021-05-31","SUMATERA BARAT",0,86,-86,0,29961,27555,1710,696
"2021-06-01","SUMATERA BARAT",0,294,-296,2,29961,27849,1414,698
"2021-06-02","SUMATERA BARAT",224,101,123,0,30185,27950,1537,698
"2021-06-03","SUMATERA BARAT",177,189,-16,4,30362,28139,1521,702
"2021-06-04","SUMATERA BARAT",306,115,188,3,30668,28254,1709,705
"2021-06-05","SUMATERA BARAT",467,133,327,7,31135,28387,2036,712
"2021-06-06","SUMATERA BARAT",388,86,298,4,31523,28473,2334,716
"2021-06-07","SUMATERA BARAT",239,33,199,7,31762,28506,2533,723
"2021-06-08","SUMATERA BARAT",141,138,-5,8,31903,28644,2528,731
"2021-06-09","SUMATERA BARAT",259,110,144,5,32162,28754,2672,736
"2021-06-10","SUMATERA BARAT",353,122,225,6,32515,28876,2897,742
"2021-06-11","SUMATERA BARAT",0,249,-256,7,32515,29125,2641,749
"2021-06-12","SUMATERA BARAT",0,158,-160,2,32515,29283,2481,751
"2021-06-13","SUMATERA BARAT",0,309,-314,5,32515,29592,2167,756
"2021-06-14","SUMATERA BARAT",0,124,-125,1,32515,29716,2042,757
"2021-06-15","SUMATERA BARAT",0,275,-278,3,32515,29991,1764,760
"2021-06-16","SUMATERA BARAT",0,168,-169,1,32515,30159,1595,761
"2021-06-17","SUMATERA BARAT",0,168,-168,0,32515,30327,1427,761
"2021-06-18","SUMATERA BARAT",0,169,-170,1,32515,30496,1257,762
"2021-06-19","SUMATERA BARAT",0,175,-175,0,32515,30671,1082,762
"2021-06-20","SUMATERA BARAT",0,99,-100,1,32515,30770,982,763
"2021-06-21","SUMATERA BARAT",0,119,-119,0,32515,30889,863,763
"2021-06-22","SUMATERA BARAT",188,67,118,3,32703,30956,981,766
"2021-06-23","SUMATERA BARAT",294,68,223,3,32997,31024,1204,769
"2021-06-24","SUMATERA BARAT",206,44,160,2,33203,31068,1364,771
"2021-06-25","SUMATERA BARAT",322,45,273,4,33525,31113,1637,775
"2021-06-26","SUMATERA BARAT",0,140,-140,0,33525,31253,1497,775
"2021-06-27","SUMATERA BARAT",0,22,-24,2,33525,31275,1473,777
"2021-06-28","SUMATERA BARAT",0,21,-24,3,33525,31296,1449,780
"2021-06-29","SUMATERA BARAT",0,96,-98,2,33525,31392,1351,782
"2021-06-30","SUMATERA BARAT",0,111,-111,0,33525,31503,1240,782
"2021-07-01","SUMATERA BARAT",0,45,-48,3,33525,31548,1192,785
"2021-07-02","SUMATERA BARAT",0,193,-194,1,33525,31741,998,786
"2021-07-03","SUMATERA BARAT",0,176,-177,1,33525,31917,821,787
"2021-07-04","SUMATERA BARAT",435,53,377,5,33960,31970,1198,792
"2021-07-05","SUMATERA BARAT",81,62,13,6,34041,32032,1211,798
"2021-07-06","SUMATERA BARAT",304,40,258,6,34345,32072,1469,804
"2021-07-07","SUMATERA BARAT",676,32,643,1,35021,32104,2112,805
"2021-07-08","SUMATERA BARAT",770,94,667,9,35791,32198,2779,814
"2021-07-09","SUMATERA BARAT",718,61,650,7,36509,32259,3429,821
"2021-07-10","SUMATERA BARAT",847,72,771,4,37356,32331,4200,825
"2021-07-11","SUMATERA BARAT",344,134,194,16,37700,32465,4394,841
"2021-07-12","SUMATERA BARAT",341,103,230,8,38041,32568,4624,849
"2021-07-13","SUMATERA BARAT",393,147,240,6,38434,32715,4864,855
"2021-07-14","SUMATERA BARAT",515,206,307,2,38949,32921,5171,857
"2021-07-15","SUMATERA BARAT",575,235,337,3,39524,33156,5508,860
"2021-07-16","SUMATERA BARAT",607,216,388,3,40131,33372,5896,863
"2021-07-17","SUMATERA BARAT",600,206,390,4,40731,33578,6286,867
"2021-07-18","SUMATERA BARAT",623,238,382,3,41354,33816,6668,870
"2021-07-19","SUMATERA BARAT",699,231,458,10,42053,34047,7126,880
"2021-07-20","SUMATERA BARAT",496,163,328,5,42549,34210,7454,885
"2021-07-21","SUMATERA BARAT",502,248,246,8,43051,34458,7700,893
"2021-07-22","SUMATERA BARAT",552,289,260,3,43603,34747,7960,896
"2021-07-23","SUMATERA BARAT",630,123,498,9,44233,34870,8458,905
"2021-07-24","SUMATERA BARAT",357,239,107,11,44590,35109,8565,916
"2021-07-25","SUMATERA BARAT",531,235,293,3,45121,35344,8858,919
"2021-07-26","SUMATERA BARAT",406,378,12,16,45527,35722,8870,935
"2021-07-27","SUMATERA BARAT",518,469,33,16,46045,36191,8903,951
"2021-07-28","SUMATERA BARAT",387,483,-117,21,46432,36674,8786,972
"2021-07-29","SUMATERA BARAT",471,638,-189,22,46903,37312,8597,994
"2021-07-30","SUMATERA BARAT",424,442,-25,7,47327,37754,8572,1001
"2021-07-31","SUMATERA BARAT",502,346,135,21,47829,38100,8707,1022
"2021-08-01","SUMATERA BARAT",447,399,29,19,48276,38499,8736,1041
"2021-08-02","SUMATERA BARAT",800,394,395,11,49076,38893,9131,1052
"2021-08-03","SUMATERA BARAT",798,446,339,13,49874,39339,9470,1065
"2021-08-04","SUMATERA BARAT",654,428,215,11,50528,39767,9685,1076
"2021-08-05","SUMATERA BARAT",639,328,295,16,51167,40095,9980,1092
"2021-08-06","SUMATERA BARAT",680,398,278,4,51847,40493,10258,1096
"2021-08-07","SUMATERA BARAT",628,545,81,2,52475,41038,10339,1098
"2021-08-08","SUMATERA BARAT",578,400,174,4,53053,41438,10513,1102
"2021-08-09","SUMATERA BARAT",346,505,-163,4,53399,41943,10350,1106
"2021-08-10","SUMATERA BARAT",446,802,-372,16,53845,42745,9978,1122
"2021-08-11","SUMATERA BARAT",539,678,-153,14,54384,43423,9825,1136
"2021-08-12","SUMATERA BARAT",443,657,-224,10,54827,44080,9601,1146
"2021-08-13","SUMATERA BARAT",396,678,-297,15,55223,44758,9304,1161
"2021-08-14","SUMATERA BARAT",395,855,-485,25,55618,45613,8819,1186
"2021-08-15","SUMATERA BARAT",306,793,-502,15,55924,46406,8317,1201
"2021-08-16","SUMATERA BARAT",83,847,-790,26,56007,47253,7527,1227
"2021-08-17","SUMATERA BARAT",99,551,-459,7,56106,47804,7068,1234
"2021-08-18","SUMATERA BARAT",140,456,-328,12,56246,48260,6740,1246
"2021-08-19","SUMATERA BARAT",113,534,-435,14,56359,48794,6305,1260
"2021-08-20","SUMATERA BARAT",130,529,-414,15,56489,49323,5891,1275
"2021-08-21","SUMATERA BARAT",238,619,-391,10,56727,49942,5500,1285
"2021-08-22","SUMATERA BARAT",180,1275,-1099,4,56907,51217,4401,1289
"2021-08-23","SUMATERA BARAT",32,461,-442,13,56939,51678,3959,1302
"2021-08-24","SUMATERA BARAT",172,226,-60,6,57111,51904,3899,1308
"2021-08-25","SUMATERA BARAT",203,266,-70,7,57314,52170,3829,1315
"2021-08-26","SUMATERA BARAT",354,382,-30,2,57668,52552,3799,1317
"2021-08-27","SUMATERA BARAT",233,250,-18,1,57901,52802,3781,1318
"2021-08-28","SUMATERA BARAT",211,192,13,6,58112,52994,3794,1324
"2021-08-29","SUMATERA BARAT",167,305,-141,3,58279,53299,3653,1327
"2021-08-30","SUMATERA BARAT",28,170,-147,5,58307,53469,3506,1332
"2021-08-31","SUMATERA BARAT",180,86,93,1,58487,53555,3599,1333
"2021-09-01","SUMATERA BARAT",191,215,-26,2,58678,53770,3573,1335
"2021-09-02","SUMATERA BARAT",146,164,-26,8,58824,53934,3547,1343
"2021-09-03","SUMATERA BARAT",186,423,-238,1,59010,54357,3309,1344
"2021-09-04","SUMATERA BARAT",125,247,-126,4,59135,54604,3183,1348
"2021-09-05","SUMATERA BARAT",120,126,-6,0,59255,54730,3177,1348
"2021-09-06","SUMATERA BARAT",42,125,-91,8,59297,54855,3086,1356
"2021-09-07","SUMATERA BARAT",135,216,-83,2,59432,55071,3003,1358
"2021-09-08","SUMATERA BARAT",131,335,-209,5,59563,55406,2794,1363
"2021-09-09","SUMATERA BARAT",127,206,-82,3,59690,55612,2712,1366
"2021-09-10","SUMATERA BARAT",126,176,-59,9,59816,55788,2653,1375
"2021-09-11","SUMATERA BARAT",126,196,-75,5,59942,55984,2578,1380
"2021-09-12","SUMATERA BARAT",90,166,-76,0,60032,56150,2502,1380
"2021-09-13","SUMATERA BARAT",16,240,-232,8,60048,56390,2270,1388
"2021-09-14","SUMATERA BARAT",79,254,-178,3,60127,56644,2092,1391
"2021-09-15","SUMATERA BARAT",68,183,-119,4,60195,56827,1973,1395
"2021-09-16","SUMATERA BARAT",70,230,-162,2,60265,57057,1811,1397
"2021-09-17","SUMATERA BARAT",81,82,-3,2,60346,57139,1808,1399
"2021-09-18","SUMATERA BARAT",38,118,-84,4,60384,57257,1724,1403
"2021-09-19","SUMATERA BARAT",15,109,-94,0,60399,57366,1630,1403
"2021-09-20","SUMATERA BARAT",5,119,-116,2,60404,57485,1514,1405
"2021-09-21","SUMATERA BARAT",53,80,-31,4,60457,57565,1483,1409
"2021-09-22","SUMATERA BARAT",18,211,-195,2,60475,57776,1288,1411
"2021-09-23","SUMATERA BARAT",77,115,-42,4,60552,57891,1246,1415
"2021-09-24","SUMATERA BARAT",58,104,-50,4,60610,57995,1196,1419
"2021-09-25","SUMATERA BARAT",23,126,-107,4,60633,58121,1089,1423
"2021-09-26","SUMATERA BARAT",16,85,-74,5,60649,58206,1015,1428
"2021-09-27","SUMATERA BARAT",7,108,-102,1,60656,58314,913,1429
"2021-09-28","SUMATERA BARAT",32,208,-177,1,60688,58522,736,1430
"2021-09-29","SUMATERA BARAT",19,37,-18,0,60707,58559,718,1430
"2021-09-30","SUMATERA BARAT",49,59,-10,0,60756,58618,708,1430
"2021-10-01","SUMATERA BARAT",24,59,-36,1,60780,58677,672,1431
"2021-10-02","SUMATERA BARAT",32,34,-3,1,60812,58711,669,1432
"2021-10-03","SUMATERA BARAT",17,23,-6,0,60829,58734,663,1432
"2021-10-04","SUMATERA BARAT",5,90,-85,0,60834,58824,578,1432
"2021-10-05","SUMATERA BARAT",36,59,-23,0,60870,58883,555,1432
"2021-10-06","SUMATERA BARAT",35,32,2,1,60905,58915,557,1433
"2021-10-07","SUMATERA BARAT",57,38,18,1,60962,58953,575,1434
"2021-10-08","SUMATERA BARAT",14,24,-11,1,60976,58977,564,1435
"2021-10-09","SUMATERA BARAT",10,50,-41,1,60986,59027,523,1436
"2021-10-10","SUMATERA BARAT",3,12,-10,1,60989,59039,513,1437
"2021-10-11","SUMATERA BARAT",1,57,-61,5,60990,59096,452,1442
"2021-10-12","SUMATERA BARAT",24,43,-21,2,61014,59139,431,1444
"2021-10-13","SUMATERA BARAT",18,24,-6,0,61032,59163,425,1444
"2021-10-14","SUMATERA BARAT",5,15,-10,0,61037,59178,415,1444
"2021-10-15","SUMATERA BARAT",9,20,-11,0,61046,59198,404,1444
"2021-10-16","SUMATERA BARAT",7,41,-34,0,61053,59239,370,1444
"2021-10-17","SUMATERA BARAT",12,31,-19,0,61065,59270,351,1444
"2021-10-18","SUMATERA BARAT",11,66,-56,1,61076,59336,295,1445
"2021-10-19","SUMATERA BARAT",17,23,-6,0,61093,59359,289,1445
"2021-10-20","SUMATERA BARAT",9,17,-9,1,61102,59376,280,1446
"2021-10-21","SUMATERA BARAT",2,13,-11,0,61104,59389,269,1446
"2021-10-22","SUMATERA BARAT",15,13,2,0,61119,59402,271,1446
"2021-10-23","SUMATERA BARAT",9,4,5,0,61128,59406,276,1446
"2021-10-24","SUMATERA BARAT",9,7,1,1,61137,59413,277,1447
"2021-10-25","SUMATERA BARAT",17,54,-38,1,61154,59467,239,1448
"2021-10-26","SUMATERA BARAT",9,11,-2,0,61163,59478,237,1448
"2021-10-27","SUMATERA BARAT",4,8,-4,0,61167,59486,233,1448
"2021-10-28","SUMATERA BARAT",2,20,-19,1,61169,59506,214,1449
"2021-10-29","SUMATERA BARAT",8,11,-3,0,61177,59517,211,1449
"2021-10-30","SUMATERA BARAT",8,7,1,0,61185,59524,212,1449
"2021-10-31","SUMATERA BARAT",3,6,-3,0,61188,59530,209,1449
"2021-11-01","SUMATERA BARAT",2,14,-12,0,61190,59544,197,1449
"2021-11-02","SUMATERA BARAT",3,12,-10,1,61193,59556,187,1450
"2021-11-03","SUMATERA BARAT",4,6,-3,1,61197,59562,184,1451
"2021-11-04","SUMATERA BARAT",1,24,-23,0,61198,59586,161,1451
"2021-11-05","SUMATERA BARAT",1,6,-5,0,61199,59592,156,1451
"2021-11-06","SUMATERA BARAT",5,13,-9,1,61204,59605,147,1452
"2021-11-07","SUMATERA BARAT",1,4,-4,1,61205,59609,143,1453
"2021-11-08","SUMATERA BARAT",5,4,1,0,61210,59613,144,1453
"2021-11-09","SUMATERA BARAT",1,4,-4,1,61211,59617,140,1454
"2021-11-10","SUMATERA BARAT",3,1,2,0,61214,59618,142,1454
"2021-11-11","SUMATERA BARAT",3,5,-2,0,61217,59623,140,1454
"2021-11-12","SUMATERA BARAT",2,26,-24,0,61219,59649,116,1454
"2021-11-13","SUMATERA BARAT",7,3,4,0,61226,59652,120,1454
"2021-11-14","SUMATERA BARAT",3,7,-5,1,61229,59659,115,1455
"2021-11-15","SUMATERA BARAT",0,4,-4,0,61229,59663,111,1455
"2021-11-16","SUMATERA BARAT",2,2,0,0,61231,59665,111,1455
"2021-11-17","SUMATERA BARAT",7,0,7,0,61238,59665,118,1455
"2021-11-18","SUMATERA BARAT",2,4,-2,0,61240,59669,116,1455
"2021-11-19","SUMATERA BARAT",0,3,-4,1,61240,59672,112,1456
"2021-11-20","SUMATERA BARAT",1,4,-3,0,61241,59676,109,1456
"2021-11-21","SUMATERA BARAT",0,6,-6,0,61241,59682,103,1456
"2021-11-22","SUMATERA BARAT",0,4,-4,0,61241,59686,99,1456
"2021-11-23","SUMATERA BARAT",0,2,-2,0,61241,59688,97,1456
"2021-11-24","SUMATERA BARAT",2,0,2,0,61243,59688,99,1456
"2021-11-25","SUMATERA BARAT",2,3,-1,0,61245,59691,98,1456
"2021-11-26","SUMATERA BARAT",6,7,-1,0,61251,59698,97,1456
"2021-11-27","SUMATERA BARAT",0,2,-2,0,61251,59700,95,1456
"2021-11-28","SUMATERA BARAT",0,0,0,0,61251,59700,95,1456
"2021-11-29","SUMATERA BARAT",0,18,-18,0,61251,59718,77,1456
"2021-11-30","SUMATERA BARAT",2,0,2,0,61253,59718,79,1456
"2021-12-01","SUMATERA BARAT",1,2,-1,0,61254,59720,78,1456
"2021-12-02","SUMATERA BARAT",4,0,4,0,61258,59720,82,1456
"2021-12-03","SUMATERA BARAT",1,1,0,0,61259,59721,82,1456
"2021-12-04","SUMATERA BARAT",4,1,3,0,61263,59722,85,1456
"2021-12-05","SUMATERA BARAT",2,0,2,0,61265,59722,87,1456
"2021-12-06","SUMATERA BARAT",0,40,-40,0,61265,59762,47,1456
"2021-12-07","SUMATERA BARAT",0,1,-1,0,61265,59763,46,1456
"2021-12-08","SUMATERA BARAT",2,1,1,0,61267,59764,47,1456
"2021-12-09","SUMATERA BARAT",0,7,-7,0,61267,59771,40,1456
"2021-12-10","SUMATERA BARAT",2,2,0,0,61269,59773,40,1456
"2021-12-11","SUMATERA BARAT",2,3,-1,0,61271,59776,39,1456
"2021-12-12","SUMATERA BARAT",1,1,0,0,61272,59777,39,1456
"2021-12-13","SUMATERA BARAT",1,0,1,0,61273,59777,40,1456
"2021-12-14","SUMATERA BARAT",1,1,0,0,61274,59778,40,1456
"2021-12-15","SUMATERA BARAT",0,4,-4,0,61274,59782,36,1456
"2021-12-16","SUMATERA BARAT",1,6,-5,0,61275,59788,31,1456
"2021-12-17","SUMATERA BARAT",0,0,0,0,61275,59788,31,1456
"2021-12-18","SUMATERA BARAT",2,0,2,0,61277,59788,33,1456
"2021-12-19","SUMATERA BARAT",0,2,-2,0,61277,59790,31,1456
"2021-12-20","SUMATERA BARAT",0,1,-1,0,61277,59791,30,1456
"2021-12-21","SUMATERA BARAT",1,1,0,0,61278,59792,30,1456
"2021-12-22","SUMATERA BARAT",0,0,0,0,61278,59792,30,1456
"2021-12-23","SUMATERA BARAT",0,2,-2,0,61278,59794,28,1456
"2021-12-24","SUMATERA BARAT",0,0,0,0,61278,59794,28,1456
"2021-12-25","SUMATERA BARAT",1,1,0,0,61279,59795,28,1456
"2021-12-26","SUMATERA BARAT",0,0,0,0,61279,59795,28,1456
"2021-12-27","SUMATERA BARAT",0,0,0,0,61279,59795,28,1456
"2021-12-28","SUMATERA BARAT",0,0,0,0,61279,59795,28,1456
"2021-12-29","SUMATERA BARAT",0,0,0,0,61279,59795,28,1456
"2021-12-30","SUMATERA BARAT",2,0,1,1,61281,59795,29,1457
"2021-12-31","SUMATERA BARAT",1,11,-10,0,61282,59806,19,1457
"2022-01-01","SUMATERA BARAT",0,8,-8,0,61282,59814,11,1457
"2022-01-02","SUMATERA BARAT",0,0,0,0,61282,59814,11,1457
"2022-01-03","SUMATERA BARAT",0,0,0,0,61282,59814,11,1457
"2022-01-04","SUMATERA BARAT",0,0,0,0,61282,59814,11,1457
"2022-01-05","SUMATERA BARAT",1,0,1,0,61283,59814,12,1457
"2022-01-06","SUMATERA BARAT",0,0,0,0,61283,59814,12,1457
"2022-01-07","SUMATERA BARAT",0,0,0,0,61283,59814,12,1457
"2022-01-08","SUMATERA BARAT",0,0,0,0,61283,59814,12,1457
"2022-01-09","SUMATERA BARAT",0,1,-1,0,61283,59815,11,1457
"2022-01-10","SUMATERA BARAT",0,0,0,0,61283,59815,11,1457
"2022-01-11","SUMATERA BARAT",1,0,1,0,61284,59815,12,1457
"2022-01-12","SUMATERA BARAT",1,0,1,0,61285,59815,13,1457
"2022-01-13","SUMATERA BARAT",3,0,3,0,61288,59815,16,1457
"2022-01-14","SUMATERA BARAT",0,0,0,0,61288,59815,16,1457
"2022-01-15","SUMATERA BARAT",0,0,0,0,61288,59815,16,1457
"2022-01-16","SUMATERA BARAT",2,0,2,0,61290,59815,18,1457
"2022-01-17","SUMATERA BARAT",0,1,-2,1,61290,59816,16,1458
"2022-01-18","SUMATERA BARAT",2,1,1,0,61292,59817,17,1458
"2022-01-19","SUMATERA BARAT",2,0,2,0,61294,59817,19,1458
"2022-01-20","SUMATERA BARAT",2,2,0,0,61296,59819,19,1458
"2022-01-21","SUMATERA BARAT",1,0,1,0,61297,59819,20,1458
"2022-01-22","SUMATERA BARAT",3,2,1,0,61300,59821,21,1458
"2022-01-23","SUMATERA BARAT",1,0,1,0,61301,59821,22,1458
"2022-01-24","SUMATERA BARAT",0,1,-1,0,61301,59822,21,1458
"2022-01-25","SUMATERA BARAT",6,1,5,0,61307,59823,26,1458
"2022-01-26","SUMATERA BARAT",6,1,5,0,61313,59824,31,1458
"2022-01-27","SUMATERA BARAT",10,3,7,0,61323,59827,38,1458
"2022-01-28","SUMATERA BARAT",8,0,8,0,61331,59827,46,1458
"2022-01-29","SUMATERA BARAT",17,0,17,0,61348,59827,63,1458
"2022-01-30","SUMATERA BARAT",18,6,12,0,61366,59833,75,1458
"2022-01-31","SUMATERA BARAT",4,0,4,0,61370,59833,79,1458
"2022-02-01","SUMATERA BARAT",34,5,29,0,61404,59838,108,1458
"2022-02-02","SUMATERA BARAT",10,1,9,0,61414,59839,117,1458
"2022-02-03","SUMATERA BARAT",55,1,54,0,61469,59840,171,1458
"2022-02-04","SUMATERA BARAT",67,9,58,0,61536,59849,229,1458
"2022-02-05","SUMATERA BARAT",87,16,71,0,61623,59865,300,1458
"2022-02-06","SUMATERA BARAT",97,15,82,0,61720,59880,382,1458
"2022-02-07","SUMATERA BARAT",17,0,17,0,61737,59880,399,1458
"2022-02-08","SUMATERA BARAT",133,28,105,0,61870,59908,504,1458
"2022-02-09","SUMATERA BARAT",221,6,215,0,62091,59914,719,1458
"2022-02-10","SUMATERA BARAT",194,43,150,1,62285,59957,869,1459
"2022-02-11","SUMATERA BARAT",171,21,150,0,62456,59978,1019,1459
"2022-02-12","SUMATERA BARAT",400,31,369,0,62856,60009,1388,1459
"2022-02-13","SUMATERA BARAT",308,59,249,0,63164,60068,1637,1459
"2022-02-14","SUMATERA BARAT",58,17,39,2,63222,60085,1676,1461
"2022-02-15","SUMATERA BARAT",540,96,443,1,63762,60181,2119,1462
"2022-02-16","SUMATERA BARAT",560,106,454,0,64322,60287,2573,1462
"2022-02-17","SUMATERA BARAT",521,127,392,2,64843,60414,2965,1464
"2022-02-18","SUMATERA BARAT",654,105,549,0,65497,60519,3514,1464
"2022-02-19","SUMATERA BARAT",594,50,540,4,66091,60569,4054,1468
"2022-02-20","SUMATERA BARAT",567,27,537,3,66658,60596,4591,1471
"2022-02-21","SUMATERA BARAT",92,282,-192,2,66750,60878,4399,1473
"2022-02-22","SUMATERA BARAT",754,310,442,2,67504,61188,4841,1475
"2022-02-23","SUMATERA BARAT",717,98,615,4,68221,61286,5456,1479
"2022-02-24","SUMATERA BARAT",652,325,321,6,68873,61611,5777,1485
"2022-02-25","SUMATERA BARAT",537,192,343,2,69410,61803,6120,1487
"2022-02-26","SUMATERA BARAT",514,359,151,4,69924,62162,6271,1491
"2022-02-27","SUMATERA BARAT",393,205,185,3,70317,62367,6456,1494
"2022-02-28","SUMATERA BARAT",133,136,-8,5,70450,62503,6448,1499
"2022-03-01","SUMATERA BARAT",132,189,-60,3,70582,62692,6388,1502
"2022-03-02","SUMATERA BARAT",515,437,68,10,71097,63129,6456,1512
"2022-03-03","SUMATERA BARAT",404,212,190,2,71501,63341,6646,1514
"2022-03-04","SUMATERA BARAT",144,398,-258,4,71645,63739,6388,1518
"2022-03-05","SUMATERA BARAT",360,271,84,5,72005,64010,6472,1523
"2022-03-06","SUMATERA BARAT",282,232,47,3,72287,64242,6519,1526
"2022-03-07","SUMATERA BARAT",101,339,-243,5,72388,64581,6276,1531
"2022-03-08","SUMATERA BARAT",7,224,-220,3,72395,64805,6056,1534
"2020-04-30","RIAU",1,0,1,0,1,0,1,0
"2020-05-01","RIAU",0,1,-1,0,1,1,0,0
"2020-05-02","RIAU",0,0,0,0,1,1,0,0
"2020-05-03","RIAU",0,0,0,0,1,1,0,0
"2020-05-04","RIAU",0,0,0,0,1,1,0,0
"2020-05-05","RIAU",0,0,0,0,1,1,0,0
"2020-05-06","RIAU",0,0,0,0,1,1,0,0
"2020-05-07","RIAU",0,0,0,0,1,1,0,0
"2020-05-08","RIAU",0,0,0,0,1,1,0,0
"2020-05-09","RIAU",0,0,0,0,1,1,0,0
"2020-05-10","RIAU",0,0,0,0,1,1,0,0
"2020-05-11","RIAU",0,0,0,0,1,1,0,0
"2020-05-12","RIAU",0,0,0,0,1,1,0,0
"2020-05-13","RIAU",1,0,1,0,2,1,1,0
"2020-05-14","RIAU",0,0,0,0,2,1,1,0
"2020-05-15","RIAU",0,0,0,0,2,1,1,0
"2020-05-16","RIAU",0,0,0,0,2,1,1,0
"2020-05-17","RIAU",0,0,0,0,2,1,1,0
"2020-05-18","RIAU",0,0,0,0,2,1,1,0
"2020-05-19","RIAU",0,0,0,0,2,1,1,0
"2020-05-20","RIAU",0,0,0,0,2,1,1,0
"2020-05-21","RIAU",0,0,0,0,2,1,1,0
"2020-05-22","RIAU",0,0,0,0,2,1,1,0
"2020-05-23","RIAU",0,0,0,0,2,1,1,0
"2020-05-24","RIAU",0,0,0,0,2,1,1,0
"2020-05-25","RIAU",0,0,0,0,2,1,1,0
"2020-05-26","RIAU",0,0,0,0,2,1,1,0
"2020-05-27","RIAU",0,0,0,0,2,1,1,0
"2020-05-28","RIAU",0,0,0,0,2,1,1,0
"2020-05-29","RIAU",0,0,0,0,2,1,1,0
"2020-05-30","RIAU",0,0,0,0,2,1,1,0
"2020-05-31","RIAU",0,0,0,0,2,1,1,0
"2020-06-01","RIAU",0,0,0,0,2,1,1,0
"2020-06-02","RIAU",0,0,0,0,2,1,1,0
"2020-06-03","RIAU",0,0,0,0,2,1,1,0
"2020-06-04","RIAU",0,0,0,0,2,1,1,0
"2020-06-05","RIAU",0,0,0,0,2,1,1,0
"2020-06-06","RIAU",0,0,0,0,2,1,1,0
"2020-06-07","RIAU",0,0,0,0,2,1,1,0
"2020-06-08","RIAU",0,0,0,0,2,1,1,0
"2020-06-09","RIAU",0,0,0,0,2,1,1,0
"2020-06-10","RIAU",0,0,0,0,2,1,1,0
"2020-06-11","RIAU",0,0,0,0,2,1,1,0
"2020-06-12","RIAU",0,0,0,0,2,1,1,0
"2020-06-13","RIAU",0,0,0,0,2,1,1,0
"2020-06-14","RIAU",0,0,0,0,2,1,1,0
"2020-06-15","RIAU",0,0,0,0,2,1,1,0
"2020-06-16","RIAU",0,0,0,0,2,1,1,0
"2020-06-17","RIAU",0,0,0,0,2,1,1,0
"2020-06-18","RIAU",0,0,0,0,2,1,1,0
"2020-06-19","RIAU",0,0,0,0,2,1,1,0
"2020-06-20","RIAU",0,0,0,0,2,1,1,0
"2020-06-21","RIAU",0,0,0,0,2,1,1,0
"2020-06-22","RIAU",0,0,0,0,2,1,1,0
"2020-06-23","RIAU",0,0,0,0,2,1,1,0
"2020-06-24","RIAU",0,0,0,0,2,1,1,0
"2020-06-25","RIAU",0,0,0,0,2,1,1,0
"2020-06-26","RIAU",0,0,0,0,2,1,1,0
"2020-06-27","RIAU",0,0,0,0,2,1,1,0
"2020-06-28","RIAU",0,0,0,0,2,1,1,0
"2020-06-29","RIAU",0,0,0,0,2,1,1,0
"2020-06-30","RIAU",0,0,0,0,2,1,1,0
"2020-07-01","RIAU",0,0,0,0,2,1,1,0
"2020-07-02","RIAU",0,0,0,0,2,1,1,0
"2020-07-03","RIAU",0,0,0,0,2,1,1,0
"2020-07-04","RIAU",0,0,0,0,2,1,1,0
"2020-07-05","RIAU",0,0,0,0,2,1,1,0
"2020-07-06","RIAU",0,0,0,0,2,1,1,0
"2020-07-07","RIAU",0,0,0,0,2,1,1,0
"2020-07-08","RIAU",0,0,0,0,2,1,1,0
"2020-07-09","RIAU",0,0,0,0,2,1,1,0
"2020-07-10","RIAU",0,0,0,0,2,1,1,0
"2020-07-11","RIAU",0,0,0,0,2,1,1,0
"2020-07-12","RIAU",0,0,0,0,2,1,1,0
"2020-07-13","RIAU",0,0,0,0,2,1,1,0
"2020-07-14","RIAU",0,0,0,0,2,1,1,0
"2020-07-15","RIAU",0,0,0,0,2,1,1,0
"2020-07-16","RIAU",0,0,0,0,2,1,1,0
"2020-07-17","RIAU",0,0,0,0,2,1,1,0
"2020-07-18","RIAU",0,0,0,0,2,1,1,0
"2020-07-19","RIAU",0,0,0,0,2,1,1,0
"2020-07-20","RIAU",0,0,0,0,2,1,1,0
"2020-07-21","RIAU",0,0,0,0,2,1,1,0
"2020-07-22","RIAU",0,0,0,0,2,1,1,0
"2020-07-23","RIAU",0,0,0,0,2,1,1,0
"2020-07-24","RIAU",0,0,0,0,2,1,1,0
"2020-07-25","RIAU",0,0,0,0,2,1,1,0
"2020-07-26","RIAU",0,0,0,0,2,1,1,0
"2020-07-27","RIAU",0,0,0,0,2,1,1,0
"2020-07-28","RIAU",0,0,0,0,2,1,1,0
"2020-07-29","RIAU",0,0,0,0,2,1,1,0
"2020-07-30","RIAU",0,0,0,0,2,1,1,0
"2020-07-31","RIAU",0,0,0,0,2,1,1,0
"2020-08-01","RIAU",0,0,0,0,2,1,1,0
"2020-08-02","RIAU",0,0,0,0,2,1,1,0
"2020-08-03","RIAU",0,1,-1,0,2,2,0,0
"2020-08-04","RIAU",0,0,0,0,2,2,0,0
"2020-08-05","RIAU",0,0,0,0,2,2,0,0
"2020-08-06","RIAU",15,0,15,0,17,2,15,0
"2020-08-07","RIAU",36,0,36,0,53,2,51,0
"2020-08-08","RIAU",50,0,50,0,103,2,101,0
"2020-08-09","RIAU",26,0,25,1,129,2,126,1
"2020-08-10","RIAU",41,1,40,0,170,3,166,1
"2020-08-11","RIAU",17,0,17,0,187,3,183,1
"2020-08-12","RIAU",33,4,29,0,220,7,212,1
"2020-08-13","RIAU",68,3,65,0,288,10,277,1
"2020-08-14","RIAU",27,20,7,0,315,30,284,1
"2020-08-15","RIAU",41,31,10,0,356,61,294,1
"2020-08-16","RIAU",23,8,14,1,379,69,308,2
"2020-08-17","RIAU",34,16,17,1,413,85,325,3
"2020-08-18","RIAU",23,16,7,0,436,101,332,3
"2020-08-19","RIAU",11,17,-6,0,447,118,326,3
"2020-08-20","RIAU",47,21,25,1,494,139,351,4
"2020-08-21","RIAU",34,20,14,0,528,159,365,4
"2020-08-22","RIAU",63,26,36,1,591,185,401,5
"2020-08-23","RIAU",42,13,28,1,633,198,429,6
"2020-08-24","RIAU",42,44,-4,2,675,242,425,8
"2020-08-25","RIAU",39,12,26,1,714,254,451,9
"2020-08-26","RIAU",42,18,24,0,756,272,475,9
"2020-08-27","RIAU",99,15,81,3,855,287,556,12
"2020-08-28","RIAU",66,40,21,5,921,327,577,17
"2020-08-29","RIAU",79,23,56,0,1000,350,633,17
"2020-08-30","RIAU",134,31,103,0,1134,381,736,17
"2020-08-31","RIAU",108,42,62,4,1242,423,798,21
"2020-09-01","RIAU",81,19,61,1,1323,442,859,22
"2020-09-02","RIAU",107,10,96,1,1430,452,955,23
"2020-09-03","RIAU",107,26,80,1,1537,478,1035,24
"2020-09-04","RIAU",130,52,73,5,1667,530,1108,29
"2020-09-05","RIAU",177,106,71,0,1844,636,1179,29
"2020-09-06","RIAU",141,29,107,5,1985,665,1286,34
"2020-09-07","RIAU",136,49,85,2,2121,714,1371,36
"2020-09-08","RIAU",113,42,68,3,2234,756,1439,39
"2020-09-09","RIAU",141,82,56,3,2375,838,1495,42
"2020-09-10","RIAU",198,61,134,3,2573,899,1629,45
"2020-09-11","RIAU",183,70,113,0,2756,969,1742,45
"2020-09-12","RIAU",232,32,195,5,2988,1001,1937,50
"2020-09-13","RIAU",207,28,171,8,3195,1029,2108,58
"2020-09-14","RIAU",136,91,41,4,3331,1120,2149,62
"2020-09-15","RIAU",166,76,85,5,3497,1196,2234,67
"2020-09-16","RIAU",188,25,159,4,3685,1221,2393,71
"2020-09-17","RIAU",236,37,191,8,3921,1258,2584,79
"2020-09-18","RIAU",228,204,21,3,4149,1462,2605,82
"2020-09-19","RIAU",297,75,220,2,4446,1537,2825,84
"2020-09-20","RIAU",282,80,199,3,4728,1617,3024,87
"2020-09-21","RIAU",160,35,119,6,4888,1652,3143,93
"2020-09-22","RIAU",249,139,110,0,5137,1791,3253,93
"2020-09-23","RIAU",189,329,-151,11,5326,2120,3102,104
"2020-09-24","RIAU",235,116,110,9,5561,2236,3212,113
"2020-09-25","RIAU",200,181,14,5,5761,2417,3226,118
"2020-09-26","RIAU",260,192,62,6,6021,2609,3288,124
"2020-09-27","RIAU",190,209,-25,6,6211,2818,3263,130
"2020-09-28","RIAU",236,110,121,5,6447,2928,3384,135
"2020-09-29","RIAU",222,164,54,4,6669,3092,3438,139
"2020-09-30","RIAU",356,250,99,7,7025,3342,3537,146
"2020-10-01","RIAU",259,270,-18,7,7284,3612,3519,153
"2020-10-02","RIAU",178,154,18,6,7462,3766,3537,159
"2020-10-03","RIAU",3,455,-454,2,7465,4221,3083,161
"2020-10-04","RIAU",3,217,-219,5,7468,4438,2864,166
"2020-10-05","RIAU",297,277,13,7,7765,4715,2877,173
"2020-10-06","RIAU",132,181,-55,6,7897,4896,2822,179
"2020-10-07","RIAU",150,262,-113,1,8047,5158,2709,180
"2020-10-08","RIAU",246,98,144,4,8293,5256,2853,184
"2020-10-09","RIAU",203,73,124,6,8496,5329,2977,190
"2020-10-10","RIAU",233,152,72,9,8729,5481,3049,199
"2020-10-11","RIAU",307,105,198,4,9036,5586,3247,203
"2020-10-12","RIAU",206,107,97,2,9242,5693,3344,205
"2020-10-13","RIAU",161,106,51,4,9403,5799,3395,209
"2020-10-14","RIAU",294,116,166,12,9697,5915,3561,221
"2020-10-15","RIAU",182,101,75,6,9879,6016,3636,227
"2020-10-16","RIAU",278,87,189,2,10157,6103,3825,229
"2020-10-17","RIAU",256,94,154,8,10413,6197,3979,237
"2020-10-18","RIAU",285,91,191,3,10698,6288,4170,240
"2020-10-19","RIAU",197,505,-313,5,10895,6793,3857,245
"2020-10-20","RIAU",168,469,-302,1,11063,7262,3555,246
"2020-10-21","RIAU",314,307,-2,9,11377,7569,3553,255
"2020-10-22","RIAU",282,171,105,6,11659,7740,3658,261
"2020-10-23","RIAU",3,244,-246,5,11662,7984,3412,266
"2020-10-24","RIAU",1,276,-281,6,11663,8260,3131,272
"2020-10-25","RIAU",288,537,-251,2,11951,8797,2880,274
"2020-10-26","RIAU",206,227,-25,4,12157,9024,2855,278
"2020-10-27","RIAU",247,286,-44,5,12404,9310,2811,283
"2020-10-28","RIAU",249,256,-13,6,12653,9566,2798,289
"2020-10-29","RIAU",261,216,39,6,12914,9782,2837,295
"2020-10-30","RIAU",161,225,-70,6,13075,10007,2767,301
"2020-10-31","RIAU",127,220,-98,5,13202,10227,2669,306
"2020-11-01","RIAU",25,145,-122,2,13227,10372,2547,308
"2020-11-02","RIAU",9,146,-139,2,13236,10518,2408,310
"2020-11-03","RIAU",99,313,-216,2,13335,10831,2192,312
"2020-11-04","RIAU",168,175,-11,4,13503,11006,2181,316
"2020-11-05","RIAU",176,151,23,2,13679,11157,2204,318
"2020-11-06","RIAU",143,80,57,6,13822,11237,2261,324
"2020-11-07","RIAU",165,281,-121,5,13987,11518,2140,329
"2020-11-08","RIAU",158,156,-2,4,14145,11674,2138,333
"2020-11-09","RIAU",14,128,-116,2,14159,11802,2022,335
"2020-11-10","RIAU",151,9,142,0,14310,11811,2164,335
"2020-11-11","RIAU",146,479,-341,8,14456,12290,1823,343
"2020-11-12","RIAU",116,79,34,3,14572,12369,1857,346
"2020-11-13","RIAU",146,89,54,3,14718,12458,1911,349
"2020-11-14","RIAU",130,49,80,1,14848,12507,1991,350
"2020-11-15","RIAU",163,179,-19,3,15011,12686,1972,353
"2020-11-16","RIAU",148,114,26,8,15159,12800,1998,361
"2020-11-17","RIAU",268,40,226,2,15427,12840,2224,363
"2020-11-18","RIAU",274,248,24,2,15701,13088,2248,365
"2020-11-19","RIAU",688,994,-309,3,16389,14082,1939,368
"2020-11-20","RIAU",176,197,-25,4,16565,14279,1914,372
"2020-11-21","RIAU",308,120,184,4,16873,14399,2098,376
"2020-11-22","RIAU",171,179,-13,5,17044,14578,2085,381
"2020-11-23","RIAU",113,133,-22,2,17157,14711,2063,383
"2020-11-24","RIAU",138,113,22,3,17295,14824,2085,386
"2020-11-25","RIAU",236,180,51,5,17531,15004,2136,391
"2020-11-26","RIAU",206,200,2,4,17737,15204,2138,395
"2020-11-27","RIAU",261,195,58,8,17998,15399,2196,403
"2020-11-28","RIAU",170,255,-93,8,18168,15654,2103,411
"2020-11-29","RIAU",173,193,-25,5,18341,15847,2078,416
"2020-11-30","RIAU",136,170,-40,6,18477,16017,2038,422
"2020-12-01","RIAU",163,283,-122,2,18640,16300,1916,424
"2020-12-02","RIAU",0,175,-180,5,18640,16475,1736,429
"2020-12-03","RIAU",0,153,-156,3,18640,16628,1580,432
"2020-12-04","RIAU",155,142,12,1,18795,16770,1592,433
"2020-12-05","RIAU",114,205,-92,1,18909,16975,1500,434
"2020-12-06","RIAU",225,191,31,3,19134,17166,1531,437
"2020-12-07","RIAU",164,185,-26,5,19298,17351,1505,442
"2020-12-08","RIAU",171,142,24,5,19469,17493,1529,447
"2020-12-09","RIAU",235,183,47,5,19704,17676,1576,452
"2020-12-10","RIAU",139,102,34,3,19843,17778,1610,455
"2020-12-11","RIAU",149,174,-28,3,19992,17952,1582,458
"2020-12-12","RIAU",178,60,114,4,20170,18012,1696,462
"2020-12-13","RIAU",181,23,155,3,20351,18035,1851,465
"2020-12-14","RIAU",78,162,-87,3,20429,18197,1764,468
"2020-12-15","RIAU",177,114,61,2,20606,18311,1825,470
"2020-12-16","RIAU",0,213,-217,4,20606,18524,1608,474
"2020-12-17","RIAU",1,187,-189,3,20607,18711,1419,477
"2020-12-18","RIAU",0,194,-198,4,20607,18905,1221,481
"2020-12-19","RIAU",0,181,-183,2,20607,19086,1038,483
"2020-12-20","RIAU",0,110,-112,2,20607,19196,926,485
"2020-12-21","RIAU",0,96,-97,1,20607,19292,829,486
"2020-12-22","RIAU",0,153,-153,0,20607,19445,676,486
"2020-12-23","RIAU",0,191,-192,1,20607,19636,484,487
"2020-12-24","RIAU",214,95,118,1,20821,19731,602,488
"2020-12-25","RIAU",79,177,-101,3,20900,19908,501,491
"2020-12-26","RIAU",93,42,49,2,20993,19950,550,493
"2020-12-27","RIAU",117,26,89,2,21110,19976,639,495
"2020-12-28","RIAU",81,13,67,1,21191,19989,706,496
"2020-12-29","RIAU",116,30,84,2,21307,20019,790,498
"2020-12-30","RIAU",141,6,131,4,21448,20025,921,502
"2020-12-31","RIAU",110,12,96,2,21558,20037,1017,504
"2021-01-01","RIAU",147,37,107,3,21705,20074,1124,507
"2021-01-02","RIAU",68,31,31,6,21773,20105,1155,513
"2021-01-03","RIAU",0,138,-141,3,21773,20243,1014,516
"2021-01-04","RIAU",0,79,-80,1,21773,20322,934,517
"2021-01-05","RIAU",0,86,-87,1,21773,20408,847,518
"2021-01-06","RIAU",0,89,-89,0,21773,20497,758,518
"2021-01-07","RIAU",0,84,-85,1,21773,20581,673,519
"2021-01-08","RIAU",0,107,-109,2,21773,20688,564,521
"2021-01-09","RIAU",0,144,-144,0,21773,20832,420,521
"2021-01-10","RIAU",0,105,-105,0,21773,20937,315,521
"2021-01-11","RIAU",0,90,-91,1,21773,21027,224,522
"2021-01-12","RIAU",1,69,-68,0,21774,21096,156,522
"2021-01-13","RIAU",138,17,120,1,21912,21113,276,523
"2021-01-14","RIAU",93,20,72,1,22005,21133,348,524
"2021-01-15","RIAU",170,9,159,2,22175,21142,507,526
"2021-01-16","RIAU",96,16,79,1,22271,21158,586,527
"2021-01-17","RIAU",188,6,181,1,22459,21164,767,528
"2021-01-18","RIAU",88,2,82,4,22547,21166,849,532
"2021-01-19","RIAU",0,3,-6,3,22547,21169,843,535
"2021-01-20","RIAU",0,14,-16,2,22547,21183,827,537
"2021-01-21","RIAU",0,6,-8,2,22547,21189,819,539
"2021-01-22","RIAU",0,31,-31,0,22547,21220,788,539
"2021-01-23","RIAU",0,97,-98,1,22547,21317,690,540
"2021-01-24","RIAU",0,74,-75,1,22547,21391,615,541
"2021-01-25","RIAU",0,148,-148,0,22547,21539,467,541
"2021-01-26","RIAU",0,86,-88,2,22547,21625,379,543
"2021-01-27","RIAU",0,139,-139,0,22547,21764,240,543
"2021-01-28","RIAU",0,83,-83,0,22547,21847,157,543
"2021-01-29","RIAU",0,20,-20,0,22547,21867,137,543
"2021-01-30","RIAU",0,20,-20,0,22547,21887,117,543
"2021-01-31","RIAU",0,20,-20,0,22547,21907,97,543
"2021-02-01","RIAU",0,13,-15,2,22547,21920,82,545
"2021-02-02","RIAU",78,11,67,0,22625,21931,149,545
"2021-02-03","RIAU",104,1,102,1,22729,21932,251,546
"2021-02-04","RIAU",92,0,89,3,22821,21932,340,549
"2021-02-05","RIAU",68,1,66,1,22889,21933,406,550
"2021-02-06","RIAU",70,3,65,2,22959,21936,471,552
"2021-02-07","RIAU",93,0,91,2,23052,21936,562,554
"2021-02-08","RIAU",0,0,-1,1,23052,21936,561,555
"2021-02-09","RIAU",0,5,-7,2,23052,21941,554,557
"2021-02-10","RIAU",0,6,-9,3,23052,21947,545,560
"2021-02-11","RIAU",0,14,-16,2,23052,21961,529,562
"2021-02-12","RIAU",0,72,-73,1,23052,22033,456,563
"2021-02-13","RIAU",0,81,-81,0,23052,22114,375,563
"2021-02-14","RIAU",0,67,-68,1,23052,22181,307,564
"2021-02-15","RIAU",0,49,-51,2,23052,22230,256,566
"2021-02-16","RIAU",0,56,-58,2,23052,22286,198,568
"2021-02-17","RIAU",0,51,-52,1,23052,22337,146,569
"2021-02-18","RIAU",0,39,-40,1,23052,22376,106,570
"2021-02-19","RIAU",0,10,-11,1,23052,22386,95,571
"2021-02-20","RIAU",0,18,-22,4,23052,22404,73,575
"2021-02-21","RIAU",0,6,-6,0,23052,22410,67,575
"2021-02-22","RIAU",51,5,46,0,23103,22415,113,575
"2021-02-23","RIAU",116,11,104,1,23219,22426,217,576
"2021-02-24","RIAU",110,1,108,1,23329,22427,325,577
"2021-02-25","RIAU",133,11,121,1,23462,22438,446,578
"2021-02-26","RIAU",69,1,65,3,23531,22439,511,581
"2021-02-27","RIAU",49,7,39,3,23580,22446,550,584
"2021-02-28","RIAU",63,4,58,1,23643,22450,608,585
"2021-03-01","RIAU",55,6,48,1,23698,22456,656,586
"2021-03-02","RIAU",0,10,-11,1,23698,22466,645,587
"2021-03-03","RIAU",0,13,-15,2,23698,22479,630,589
"2021-03-04","RIAU",0,37,-38,1,23698,22516,592,590
"2021-03-05","RIAU",0,89,-89,0,23698,22605,503,590
"2021-03-06","RIAU",0,81,-83,2,23698,22686,420,592
"2021-03-07","RIAU",0,94,-95,1,23698,22780,325,593
"2021-03-08","RIAU",0,60,-61,1,23698,22840,264,594
"2021-03-09","RIAU",0,49,-49,0,23698,22889,215,594
"2021-03-10","RIAU",0,51,-51,0,23698,22940,164,594
"2021-03-11","RIAU",1,41,-40,0,23699,22981,124,594
"2021-03-12","RIAU",0,1,-1,0,23699,22982,123,594
"2021-03-13","RIAU",0,23,-23,0,23699,23005,100,594
"2021-03-14","RIAU",169,14,153,2,23868,23019,253,596
"2021-03-15","RIAU",69,8,61,0,23937,23027,314,596
"2021-03-16","RIAU",117,19,96,2,24054,23046,410,598
"2021-03-17","RIAU",82,7,74,1,24136,23053,484,599
"2021-03-18","RIAU",108,6,102,0,24244,23059,586,599
"2021-03-19","RIAU",132,29,97,6,24376,23088,683,605
"2021-03-20","RIAU",219,8,210,1,24595,23096,893,606
"2021-03-21","RIAU",49,4,45,0,24644,23100,938,606
"2021-03-22","RIAU",74,8,63,3,24718,23108,1001,609
"2021-03-23","RIAU",167,17,148,2,24885,23125,1149,611
"2021-03-24","RIAU",125,130,-8,3,25010,23255,1141,614
"2021-03-25","RIAU",0,75,-79,4,25010,23330,1062,618
"2021-03-26","RIAU",0,98,-98,0,25010,23428,964,618
"2021-03-27","RIAU",0,73,-73,0,25010,23501,891,618
"2021-03-28","RIAU",0,90,-91,1,25010,23591,800,619
"2021-03-29","RIAU",0,100,-103,3,25010,23691,697,622
"2021-03-30","RIAU",0,134,-134,0,25010,23825,563,622
"2021-03-31","RIAU",0,137,-138,1,25010,23962,425,623
"2021-04-01","RIAU",0,70,-71,1,25010,24032,354,624
"2021-04-02","RIAU",0,131,-132,1,25010,24163,222,625
"2021-04-03","RIAU",116,102,12,2,25126,24265,234,627
"2021-04-04","RIAU",217,30,183,4,25343,24295,417,631
"2021-04-05","RIAU",85,8,72,5,25428,24303,489,636
"2021-04-06","RIAU",214,14,195,5,25642,24317,684,641
"2021-04-07","RIAU",222,10,211,1,25864,24327,895,642
"2021-04-08","RIAU",300,9,286,5,26164,24336,1181,647
"2021-04-09","RIAU",231,6,222,3,26395,24342,1403,650
"2021-04-10","RIAU",265,2,263,0,26660,24344,1666,650
"2021-04-11","RIAU",191,12,175,4,26851,24356,1841,654
"2021-04-12","RIAU",146,38,102,6,26997,24394,1943,660
"2021-04-13","RIAU",253,101,145,7,27250,24495,2088,667
"2021-04-14","RIAU",335,161,165,9,27585,24656,2253,676
"2021-04-15","RIAU",0,90,-100,10,27585,24746,2153,686
"2021-04-16","RIAU",0,189,-191,2,27585,24935,1962,688
"2021-04-17","RIAU",0,210,-213,3,27585,25145,1749,691
"2021-04-18","RIAU",0,251,-252,1,27585,25396,1497,692
"2021-04-19","RIAU",0,199,-203,4,27585,25595,1294,696
"2021-04-20","RIAU",0,209,-212,3,27585,25804,1082,699
"2021-04-21","RIAU",0,225,-225,0,27585,26029,857,699
"2021-04-22","RIAU",0,145,-146,1,27585,26174,711,700
"2021-04-23","RIAU",476,218,258,0,28061,26392,969,700
"2021-04-24","RIAU",421,312,101,8,28482,26704,1070,708
"2021-04-25","RIAU",404,6,395,3,28886,26710,1465,711
"2021-04-26","RIAU",614,13,591,10,29500,26723,2056,721
"2021-04-27","RIAU",382,21,353,8,29882,26744,2409,729
"2021-04-28","RIAU",479,19,451,9,30361,26763,2860,738
"2021-04-29","RIAU",579,24,547,8,30940,26787,3407,746
"2021-04-30","RIAU",521,18,491,12,31461,26805,3898,758
"2021-05-01","RIAU",377,31,333,13,31838,26836,4231,771
"2021-05-02","RIAU",583,33,536,14,32421,26869,4767,785
"2021-05-03","RIAU",341,239,84,18,32762,27108,4851,803
"2021-05-04","RIAU",483,300,178,5,33245,27408,5029,808
"2021-05-05","RIAU",0,559,-574,15,33245,27967,4455,823
"2021-05-06","RIAU",0,450,-466,16,33245,28417,3989,839
"2021-05-07","RIAU",1,500,-508,9,33246,28917,3481,848
"2021-05-08","RIAU",0,251,-255,4,33246,29168,3226,852
"2021-05-09","RIAU",0,220,-231,11,33246,29388,2995,863
"2021-05-10","RIAU",0,626,-631,5,33246,30014,2364,868
"2021-05-11","RIAU",0,521,-532,11,33246,30535,1832,879
"2021-05-12","RIAU",0,751,-753,2,33246,31286,1079,881
"2021-05-13","RIAU",513,251,262,0,33759,31537,1341,881
"2021-05-14","RIAU",112,490,-385,7,33871,32027,956,888
"2021-05-15","RIAU",146,35,108,3,34017,32062,1064,891
"2021-05-16","RIAU",355,42,311,2,34372,32104,1375,893
"2021-05-17","RIAU",317,10,293,14,34689,32114,1668,907
"2021-05-18","RIAU",321,15,291,15,35010,32129,1959,922
"2021-05-19","RIAU",385,29,343,13,35395,32158,2302,935
"2021-05-20","RIAU",421,49,361,11,35816,32207,2663,946
"2021-05-21","RIAU",512,70,431,11,36328,32277,3094,957
"2021-05-22","RIAU",639,39,596,4,36967,32316,3690,961
"2021-05-23","RIAU",592,466,117,9,37559,32782,3807,970
"2021-05-24","RIAU",665,148,496,21,38224,32930,4303,991
"2021-05-25","RIAU",642,164,463,15,38866,33094,4766,1006
"2021-05-26","RIAU",739,336,380,23,39605,33430,5146,1029
"2021-05-27","RIAU",0,229,-242,13,39605,33659,4904,1042
"2021-05-28","RIAU",0,435,-446,11,39605,34094,4458,1053
"2021-05-29","RIAU",0,407,-410,3,39605,34501,4048,1056
"2021-05-30","RIAU",1,442,-453,12,39606,34943,3595,1068
"2021-05-31","RIAU",0,498,-511,13,39606,35441,3084,1081
"2021-06-01","RIAU",0,580,-584,4,39606,36021,2500,1085
"2021-06-02","RIAU",615,555,54,6,40221,36576,2554,1091
"2021-06-03","RIAU",380,459,-86,7,40601,37035,2468,1098
"2021-06-04","RIAU",593,605,-21,9,41194,37640,2447,1107
"2021-06-05","RIAU",507,591,-96,12,41701,38231,2351,1119
"2021-06-06","RIAU",528,35,485,8,42229,38266,2836,1127
"2021-06-07","RIAU",313,63,232,18,42542,38329,3068,1145
"2021-06-08","RIAU",345,28,308,9,42887,38357,3376,1154
"2021-06-09","RIAU",402,69,322,11,43289,38426,3698,1165
"2021-06-10","RIAU",438,55,374,9,43727,38481,4072,1174
"2021-06-11","RIAU",1,70,-77,8,43728,38551,3995,1182
"2021-06-12","RIAU",0,533,-538,5,43728,39084,3457,1187
"2021-06-13","RIAU",1,390,-396,7,43729,39474,3061,1194
"2021-06-14","RIAU",0,533,-537,4,43729,40007,2524,1198
"2021-06-15","RIAU",0,509,-511,2,43729,40516,2013,1200
"2021-06-16","RIAU",0,449,-451,2,43729,40965,1562,1202
"2021-06-17","RIAU",0,303,-306,3,43729,41268,1256,1205
"2021-06-18","RIAU",1,357,-358,2,43730,41625,898,1207
"2021-06-19","RIAU",1,363,-362,0,43731,41988,536,1207
"2021-06-20","RIAU",0,341,-345,4,43731,42329,191,1211
"2021-06-21","RIAU",1,13,-12,0,43732,42342,179,1211
"2021-06-22","RIAU",224,11,212,1,43956,42353,391,1212
"2021-06-23","RIAU",329,21,299,9,44285,42374,690,1221
"2021-06-24","RIAU",295,12,274,9,44580,42386,964,1230
"2021-06-25","RIAU",274,6,262,6,44854,42392,1226,1236
"2021-06-26","RIAU",1,3,-8,6,44855,42395,1218,1242
"2021-06-27","RIAU",0,7,-11,4,44855,42402,1207,1246
"2021-06-28","RIAU",1,3,-4,2,44856,42405,1203,1248
"2021-06-29","RIAU",1,14,-17,4,44857,42419,1186,1252
"2021-06-30","RIAU",1,13,-12,0,44858,42432,1174,1252
"2021-07-01","RIAU",0,21,-24,3,44858,42453,1150,1255
"2021-07-02","RIAU",1,212,-211,0,44859,42665,939,1255
"2021-07-03","RIAU",0,332,-332,0,44859,42997,607,1255
"2021-07-04","RIAU",463,222,241,0,45322,43219,848,1255
"2021-07-05","RIAU",424,240,178,6,45746,43459,1026,1261
"2021-07-06","RIAU",418,6,411,1,46164,43465,1437,1262
"2021-07-07","RIAU",532,3,520,9,46696,43468,1957,1271
"2021-07-08","RIAU",671,4,664,3,47367,43472,2621,1274
"2021-07-09","RIAU",504,10,482,12,47871,43482,3103,1286
"2021-07-10","RIAU",738,5,721,12,48609,43487,3824,1298
"2021-07-11","RIAU",653,18,626,9,49262,43505,4450,1307
"2021-07-12","RIAU",537,23,498,16,49799,43528,4948,1323
"2021-07-13","RIAU",4,70,-76,10,49803,43598,4872,1333
"2021-07-14","RIAU",103,462,-370,11,49906,44060,4502,1344
"2021-07-15","RIAU",96,353,-266,9,50002,44413,4236,1353
"2021-07-16","RIAU",120,381,-271,10,50122,44794,3965,1363
"2021-07-17","RIAU",831,515,311,5,50953,45309,4276,1368
"2021-07-18","RIAU",846,625,204,17,51799,45934,4480,1385
"2021-07-19","RIAU",678,496,164,18,52477,46430,4644,1403
"2021-07-20","RIAU",840,722,99,19,53317,47152,4743,1422
"2021-07-21","RIAU",451,285,144,22,53768,47437,4887,1444
"2021-07-22","RIAU",768,740,6,22,54536,48177,4893,1466
"2021-07-23","RIAU",1006,35,953,18,55542,48212,5846,1484
"2021-07-24","RIAU",1198,125,1041,32,56740,48337,6887,1516
"2021-07-25","RIAU",1009,147,827,35,57749,48484,7714,1551
"2021-07-26","RIAU",1099,156,912,31,58848,48640,8626,1582
"2021-07-27","RIAU",1371,502,836,33,60219,49142,9462,1615
"2021-07-28","RIAU",1177,917,238,22,61396,50059,9700,1637
"2021-07-29","RIAU",1983,601,1357,25,63379,50660,11057,1662
"2021-07-30","RIAU",1572,904,625,43,64951,51564,11682,1705
"2021-07-31","RIAU",1503,369,1084,50,66454,51933,12766,1755
"2021-08-01","RIAU",1119,848,239,32,67573,52781,13005,1787
"2021-08-02","RIAU",1007,982,-23,48,68580,53763,12982,1835
"2021-08-03","RIAU",306,1160,-887,33,68886,54923,12095,1868
"2021-08-04","RIAU",127,534,-440,33,69013,55457,11655,1901
"2021-08-05","RIAU",147,1609,-1480,18,69160,57066,10175,1919
"2021-08-06","RIAU",146,1055,-935,26,69306,58121,9240,1945
"2021-08-07","RIAU",144,988,-856,12,69450,59109,8384,1957
"2021-08-08","RIAU",168,1916,-1753,5,69618,61025,6631,1962
"2021-08-09","RIAU",703,1399,-706,10,70321,62424,5925,1972
"2021-08-10","RIAU",1227,1563,-369,33,71548,63987,5556,2005
"2021-08-11","RIAU",1163,965,165,33,72711,64952,5721,2038
"2021-08-12","RIAU",685,877,-215,23,73396,65829,5506,2061
"2021-08-13","RIAU",1052,302,731,19,74448,66131,6237,2080
"2021-08-14","RIAU",1027,115,887,25,75475,66246,7124,2105
"2021-08-15","RIAU",871,155,673,43,76346,66401,7797,2148
"2021-08-16","RIAU",571,121,416,34,76917,66522,8213,2182
"2021-08-17","RIAU",725,175,520,30,77642,66697,8733,2212
"2021-08-18","RIAU",512,209,278,25,78154,66906,9011,2237
"2021-08-19","RIAU",740,619,96,25,78894,67525,9107,2262
"2021-08-20","RIAU",686,1176,-516,26,79580,68701,8591,2288
"2021-08-21","RIAU",531,1098,-608,41,80111,69799,7983,2329
"2021-08-22","RIAU",479,651,-200,28,80590,70450,7783,2357
"2021-08-23","RIAU",68,1016,-977,29,80658,71466,6806,2386
"2021-08-24","RIAU",40,946,-923,17,80698,72412,5883,2403
"2021-08-25","RIAU",44,802,-774,16,80742,73214,5109,2419
"2021-08-26","RIAU",66,527,-475,14,80808,73741,4634,2433
"2021-08-27","RIAU",54,371,-324,7,80862,74112,4310,2440
"2021-08-28","RIAU",57,879,-837,15,80919,74991,3473,2455
"2021-08-29","RIAU",63,952,-897,8,80982,75943,2576,2463
"2021-08-30","RIAU",34,645,-617,6,81016,76588,1959,2469
"2021-08-31","RIAU",66,448,-389,7,81082,77036,1570,2476
"2021-09-01","RIAU",267,471,-211,7,81349,77507,1359,2483
"2021-09-02","RIAU",311,195,110,6,81660,77702,1469,2489
"2021-09-03","RIAU",299,110,176,13,81959,77812,1645,2502
"2021-09-04","RIAU",213,45,149,19,82172,77857,1794,2521
"2021-09-05","RIAU",182,77,87,18,82354,77934,1881,2539
"2021-09-06","RIAU",148,54,70,24,82502,77988,1951,2563
"2021-09-07","RIAU",224,80,134,10,82726,78068,2085,2573
"2021-09-08","RIAU",217,102,103,12,82943,78170,2188,2585
"2021-09-09","RIAU",194,72,107,15,83137,78242,2295,2600
"2021-09-10","RIAU",162,83,70,9,83299,78325,2365,2609
"2021-09-11","RIAU",155,238,-90,7,83454,78563,2275,2616
"2021-09-12","RIAU",150,297,-156,9,83604,78860,2119,2625
"2021-09-13","RIAU",83,279,-210,14,83687,79139,1909,2639
"2021-09-14","RIAU",148,199,-59,8,83835,79338,1850,2647
"2021-09-15","RIAU",102,180,-86,8,83937,79518,1764,2655
"2021-09-16","RIAU",91,131,-44,4,84028,79649,1720,2659
"2021-09-17","RIAU",119,221,-111,9,84147,79870,1609,2668
"2021-09-18","RIAU",89,211,-127,5,84236,80081,1482,2673
"2021-09-19","RIAU",48,182,-143,9,84284,80263,1339,2682
"2021-09-20","RIAU",131,163,-39,7,84415,80426,1300,2689
"2021-09-21","RIAU",94,147,-60,7,84509,80573,1240,2696
"2021-09-22","RIAU",75,135,-65,5,84584,80708,1175,2701
"2021-09-23","RIAU",75,81,-12,6,84659,80789,1163,2707
"2021-09-24","RIAU",86,142,-61,5,84745,80931,1102,2712
"2021-09-25","RIAU",21,100,-87,8,84766,81031,1015,2720
"2021-09-26","RIAU",7,87,-83,3,84773,81118,932,2723
"2021-09-27","RIAU",12,128,-117,1,84785,81246,815,2724
"2021-09-28","RIAU",10,89,-82,3,84795,81335,733,2727
"2021-09-29","RIAU",10,45,-36,1,84805,81380,697,2728
"2021-09-30","RIAU",31,109,-79,1,84836,81489,618,2729
"2021-10-01","RIAU",24,97,-74,1,84860,81586,544,2730
"2021-10-02","RIAU",26,73,-48,1,84886,81659,496,2731
"2021-10-03","RIAU",37,69,-33,1,84923,81728,463,2732
"2021-10-04","RIAU",28,78,-50,0,84951,81806,413,2732
"2021-10-05","RIAU",38,25,7,6,84989,81831,420,2738
"2021-10-06","RIAU",50,23,27,0,85039,81854,447,2738
"2021-10-07","RIAU",23,13,9,1,85062,81867,456,2739
"2021-10-08","RIAU",25,8,17,0,85087,81875,473,2739
"2021-10-09","RIAU",31,10,16,5,85118,81885,489,2744
"2021-10-10","RIAU",15,27,-13,1,85133,81912,476,2745
"2021-10-11","RIAU",29,28,1,0,85162,81940,477,2745
"2021-10-12","RIAU",30,24,5,1,85192,81964,482,2746
"2021-10-13","RIAU",17,37,-22,2,85209,82001,460,2748
"2021-10-14","RIAU",39,22,17,0,85248,82023,477,2748
"2021-10-15","RIAU",31,36,-6,1,85279,82059,471,2749
"2021-10-16","RIAU",23,51,-31,3,85302,82110,440,2752
"2021-10-17","RIAU",17,21,-5,1,85319,82131,435,2753
"2021-10-18","RIAU",5,27,-23,1,85324,82158,412,2754
"2021-10-19","RIAU",35,24,10,1,85359,82182,422,2755
"2021-10-20","RIAU",10,14,-5,1,85369,82196,417,2756
"2021-10-21","RIAU",4,31,-29,2,85373,82227,388,2758
"2021-10-22","RIAU",20,29,-9,0,85393,82256,379,2758
"2021-10-23","RIAU",9,22,-13,0,85402,82278,366,2758
"2021-10-24","RIAU",12,36,-25,1,85414,82314,341,2759
"2021-10-25","RIAU",16,32,-16,0,85430,82346,325,2759
"2021-10-26","RIAU",20,20,0,0,85450,82366,325,2759
"2021-10-27","RIAU",17,20,-4,1,85467,82386,321,2760
"2021-10-28","RIAU",15,10,4,1,85482,82396,325,2761
"2021-10-29","RIAU",9,24,-16,1,85491,82420,309,2762
"2021-10-30","RIAU",10,6,2,2,85501,82426,311,2764
"2021-10-31","RIAU",2,5,-3,0,85503,82431,308,2764
"2021-11-01","RIAU",5,17,-12,0,85508,82448,296,2764
"2021-11-02","RIAU",11,6,3,2,85519,82454,299,2766
"2021-11-03","RIAU",7,13,-7,1,85526,82467,292,2767
"2021-11-04","RIAU",11,14,-3,0,85537,82481,289,2767
"2021-11-05","RIAU",7,23,-18,2,85544,82504,271,2769
"2021-11-06","RIAU",5,5,-1,1,85549,82509,270,2770
"2021-11-07","RIAU",4,16,-12,0,85553,82525,258,2770
"2021-11-08","RIAU",3,12,-9,0,85556,82537,249,2770
"2021-11-09","RIAU",2,15,-13,0,85558,82552,236,2770
"2021-11-10","RIAU",2,3,-2,1,85560,82555,234,2771
"2021-11-11","RIAU",2,4,-2,0,85562,82559,232,2771
"2021-11-12","RIAU",1,11,-10,0,85563,82570,222,2771
"2021-11-13","RIAU",4,5,-1,0,85567,82575,221,2771
"2021-11-14","RIAU",0,9,-9,0,85567,82584,212,2771
"2021-11-15","RIAU",0,7,-7,0,85567,82591,205,2771
"2021-11-16","RIAU",3,4,-1,0,85570,82595,204,2771
"2021-11-17","RIAU",3,4,-1,0,85573,82599,203,2771
"2021-11-18","RIAU",2,5,-3,0,85575,82604,200,2771
"2021-11-19","RIAU",4,1,3,0,85579,82605,203,2771
"2021-11-20","RIAU",9,2,7,0,85588,82607,210,2771
"2021-11-21","RIAU",12,4,7,1,85600,82611,217,2772
"2021-11-22","RIAU",10,1,9,0,85610,82612,226,2772
"2021-11-23","RIAU",37,3,34,0,85647,82615,260,2772
"2021-11-24","RIAU",29,1,28,0,85676,82616,288,2772
"2021-11-25","RIAU",14,1,13,0,85690,82617,301,2772
"2021-11-26","RIAU",65,3,62,0,85755,82620,363,2772
"2021-11-27","RIAU",62,2,60,0,85817,82622,423,2772
"2021-11-28","RIAU",26,1,25,0,85843,82623,448,2772
"2021-11-29","RIAU",1,2,-1,0,85844,82625,447,2772
"2021-11-30","RIAU",9,5,4,0,85853,82630,451,2772
"2021-12-01","RIAU",8,10,-2,0,85861,82640,449,2772
"2021-12-02","RIAU",4,10,-6,0,85865,82650,443,2772
"2021-12-03","RIAU",5,39,-34,0,85870,82689,409,2772
"2021-12-04","RIAU",4,27,-23,0,85874,82716,386,2772
"2021-12-05","RIAU",5,14,-9,0,85879,82730,377,2772
"2021-12-06","RIAU",4,64,-60,0,85883,82794,317,2772
"2021-12-07","RIAU",4,65,-61,0,85887,82859,256,2772
"2021-12-08","RIAU",3,26,-23,0,85890,82885,233,2772
"2021-12-09","RIAU",0,1,-1,0,85890,82886,232,2772
"2021-12-10","RIAU",4,9,-5,0,85894,82895,227,2772
"2021-12-11","RIAU",2,7,-5,0,85896,82902,222,2772
"2021-12-12","RIAU",5,1,4,0,85901,82903,226,2772
"2021-12-13","RIAU",3,11,-8,0,85904,82914,218,2772
"2021-12-14","RIAU",8,4,4,0,85912,82918,222,2772
"2021-12-15","RIAU",2,2,0,0,85914,82920,222,2772
"2021-12-16","RIAU",2,7,-5,0,85916,82927,217,2772
"2021-12-17","RIAU",8,4,3,1,85924,82931,220,2773
"2021-12-18","RIAU",6,3,3,0,85930,82934,223,2773
"2021-12-19","RIAU",5,2,3,0,85935,82936,226,2773
"2021-12-20","RIAU",1,4,-3,0,85936,82940,223,2773
"2021-12-21","RIAU",4,2,2,0,85940,82942,225,2773
"2021-12-22","RIAU",9,4,4,1,85949,82946,229,2774
"2021-12-23","RIAU",2,2,0,0,85951,82948,229,2774
"2021-12-24","RIAU",3,9,-7,1,85954,82957,222,2775
"2021-12-25","RIAU",1,2,-1,0,85955,82959,221,2775
"2021-12-26","RIAU",0,3,-3,0,85955,82962,218,2775
"2021-12-27","RIAU",5,7,-2,0,85960,82969,216,2775
"2021-12-28","RIAU",1,5,-4,0,85961,82974,212,2775
"2021-12-29","RIAU",6,4,2,0,85967,82978,214,2775
"2021-12-30","RIAU",0,1,-2,1,85967,82979,212,2776
"2021-12-31","RIAU",5,4,1,0,85972,82983,213,2776
"2022-01-01","RIAU",0,9,-9,0,85972,82992,204,2776
"2022-01-02","RIAU",0,1,-1,0,85972,82993,203,2776
"2022-01-03","RIAU",0,2,-2,0,85972,82995,201,2776
"2022-01-04","RIAU",1,0,1,0,85973,82995,202,2776
"2022-01-05","RIAU",1,0,1,0,85974,82995,203,2776
"2022-01-06","RIAU",0,5,-5,0,85974,83000,198,2776
"2022-01-07","RIAU",0,0,-1,1,85974,83000,197,2777
"2022-01-08","RIAU",1,5,-4,0,85975,83005,193,2777
"2022-01-09","RIAU",1,0,1,0,85976,83005,194,2777
"2022-01-10","RIAU",0,6,-6,0,85976,83011,188,2777
"2022-01-11","RIAU",1,0,1,0,85977,83011,189,2777
"2022-01-12","RIAU",1,0,1,0,85978,83011,190,2777
"2022-01-13","RIAU",2,0,2,0,85980,83011,192,2777
"2022-01-14","RIAU",1,1,0,0,85981,83012,192,2777
"2022-01-15","RIAU",0,2,-2,0,85981,83014,190,2777
"2022-01-16","RIAU",0,0,0,0,85981,83014,190,2777
"2022-01-17","RIAU",1,0,1,0,85982,83014,191,2777
"2022-01-18","RIAU",0,1,-1,0,85982,83015,190,2777
"2022-01-19","RIAU",0,0,0,0,85982,83015,190,2777
"2022-01-20","RIAU",3,0,3,0,85985,83015,193,2777
"2022-01-21","RIAU",3,0,3,0,85988,83015,196,2777
"2022-01-22","RIAU",3,1,2,0,85991,83016,198,2777
"2022-01-23","RIAU",3,4,-1,0,85994,83020,197,2777
"2022-01-24","RIAU",4,1,3,0,85998,83021,200,2777
"2022-01-25","RIAU",2,0,2,0,86000,83021,202,2777
"2022-01-26","RIAU",3,0,3,0,86003,83021,205,2777
"2022-01-27","RIAU",12,0,12,0,86015,83021,217,2777
"2022-01-28","RIAU",6,0,6,0,86021,83021,223,2777
"2022-01-29","RIAU",14,1,13,0,86035,83022,236,2777
"2022-01-30","RIAU",57,1,56,0,86092,83023,292,2777
"2022-01-31","RIAU",39,3,36,0,86131,83026,328,2777
"2022-02-01","RIAU",37,0,37,0,86168,83026,365,2777
"2022-02-02","RIAU",36,3,33,0,86204,83029,398,2777
"2022-02-03","RIAU",96,4,92,0,86300,83033,490,2777
"2022-02-04","RIAU",113,3,110,0,86413,83036,600,2777
"2022-02-05","RIAU",70,3,67,0,86483,83039,667,2777
"2022-02-06","RIAU",146,17,129,0,86629,83056,796,2777
"2022-02-07","RIAU",88,5,83,0,86717,83061,879,2777
"2022-02-08","RIAU",160,18,142,0,86877,83079,1021,2777
"2022-02-09","RIAU",218,59,158,1,87095,83138,1179,2778
"2022-02-10","RIAU",172,42,130,0,87267,83180,1309,2778
"2022-02-11","RIAU",334,33,300,1,87601,83213,1609,2779
"2022-02-12","RIAU",351,38,312,1,87952,83251,1921,2780
"2022-02-13","RIAU",322,82,240,0,88274,83333,2161,2780
"2022-02-14","RIAU",244,118,125,1,88518,83451,2286,2781
"2022-02-15","RIAU",585,69,515,1,89103,83520,2801,2782
"2022-02-16","RIAU",539,130,408,1,89642,83650,3209,2783
"2022-02-17","RIAU",590,104,483,3,90232,83754,3692,2786
"2022-02-18","RIAU",938,162,771,5,91170,83916,4463,2791
"2022-02-19","RIAU",750,181,567,2,91920,84097,5030,2793
"2022-02-20","RIAU",630,194,433,3,92550,84291,5463,2796
"2022-02-21","RIAU",453,342,106,5,93003,84633,5569,2801
"2022-02-22","RIAU",653,327,319,7,93656,84960,5888,2808
"2022-02-23","RIAU",998,318,676,4,94654,85278,6564,2812
"2022-02-24","RIAU",1032,232,794,6,95686,85510,7358,2818
"2022-02-25","RIAU",787,502,281,4,96473,86012,7639,2822
"2022-02-26","RIAU",956,641,311,4,97429,86653,7950,2826
"2022-02-27","RIAU",756,582,171,3,98185,87235,8121,2829
"2022-02-28","RIAU",515,834,-325,6,98700,88069,7796,2835
"2022-03-01","RIAU",515,857,-350,8,99215,88926,7446,2843
"2022-03-02","RIAU",748,615,118,15,99963,89541,7564,2858
"2022-03-03","RIAU",725,458,263,4,100688,89999,7827,2862
"2022-03-04","RIAU",452,818,-370,4,101140,90817,7457,2866
"2022-03-05","RIAU",667,630,22,15,101807,91447,7479,2881
"2022-03-06","RIAU",558,1289,-741,10,102365,92736,6738,2891
"2022-03-07","RIAU",382,769,-398,11,102747,93505,6340,2902
"2022-03-08","RIAU",4,76,-76,4,102751,93581,6264,2906
"2020-08-07","JAMBI",12,0,12,0,12,0,12,0
"2020-08-08","JAMBI",5,0,5,0,17,0,17,0
"2020-08-09","JAMBI",0,0,0,0,17,0,17,0
"2020-08-10","JAMBI",0,0,0,0,17,0,17,0
"2020-08-11","JAMBI",0,0,0,0,17,0,17,0
"2020-08-12","JAMBI",5,0,5,0,22,0,22,0
"2020-08-13","JAMBI",0,0,0,0,22,0,22,0
"2020-08-14","JAMBI",7,0,7,0,29,0,29,0
"2020-08-15","JAMBI",3,0,3,0,32,0,32,0
"2020-08-16","JAMBI",0,0,0,0,32,0,32,0
"2020-08-17","JAMBI",20,0,20,0,52,0,52,0
"2020-08-18","JAMBI",0,0,0,0,52,0,52,0
"2020-08-19","JAMBI",5,0,5,0,57,0,57,0
"2020-08-20","JAMBI",0,0,0,0,57,0,57,0
"2020-08-21","JAMBI",21,0,20,1,78,0,77,1
"2020-08-22","JAMBI",3,0,3,0,81,0,80,1
"2020-08-23","JAMBI",0,0,0,0,81,0,80,1
"2020-08-24","JAMBI",0,0,0,0,81,0,80,1
"2020-08-25","JAMBI",7,1,6,0,88,1,86,1
"2020-08-26","JAMBI",8,3,5,0,96,4,91,1
"2020-08-27","JAMBI",7,0,7,0,103,4,98,1
"2020-08-28","JAMBI",6,3,3,0,109,7,101,1
"2020-08-29","JAMBI",0,3,-3,0,109,10,98,1
"2020-08-30","JAMBI",0,0,0,0,109,10,98,1
"2020-08-31","JAMBI",0,5,-5,0,109,15,93,1
"2020-09-01","JAMBI",0,0,0,0,109,15,93,1
"2020-09-02","JAMBI",1,0,1,0,110,15,94,1
"2020-09-03","JAMBI",0,1,-1,0,110,16,93,1
"2020-09-04","JAMBI",1,9,-8,0,111,25,85,1
"2020-09-05","JAMBI",0,5,-5,0,111,30,80,1
"2020-09-06","JAMBI",0,0,0,0,111,30,80,1
"2020-09-07","JAMBI",0,0,0,0,111,30,80,1
"2020-09-08","JAMBI",0,0,0,0,111,30,80,1
"2020-09-09","JAMBI",4,5,-1,0,115,35,79,1
"2020-09-10","JAMBI",1,14,-14,1,116,49,65,2
"2020-09-11","JAMBI",5,8,-4,1,121,57,61,3
"2020-09-12","JAMBI",5,6,-1,0,126,63,60,3
"2020-09-13","JAMBI",2,4,-2,0,128,67,58,3
"2020-09-14","JAMBI",0,0,0,0,128,67,58,3
"2020-09-15","JAMBI",10,0,10,0,138,67,68,3
"2020-09-16","JAMBI",14,8,6,0,152,75,74,3
"2020-09-17","JAMBI",6,7,-2,1,158,82,72,4
"2020-09-18","JAMBI",7,2,5,0,165,84,77,4
"2020-09-19","JAMBI",14,2,12,0,179,86,89,4
"2020-09-20","JAMBI",14,1,13,0,193,87,102,4
"2020-09-21","JAMBI",0,1,-1,0,193,88,101,4
"2020-09-22","JAMBI",0,0,0,0,193,88,101,4
"2020-09-23","JAMBI",9,3,6,0,202,91,107,4
"2020-09-24","JAMBI",4,2,2,0,206,93,109,4
"2020-09-25","JAMBI",10,1,9,0,216,94,118,4
"2020-09-26","JAMBI",16,0,15,1,232,94,133,5
"2020-09-27","JAMBI",21,2,19,0,253,96,152,5
"2020-09-28","JAMBI",21,0,21,0,274,96,173,5
"2020-09-29","JAMBI",23,0,21,2,297,96,194,7
"2020-09-30","JAMBI",23,0,23,0,320,96,217,7
"2020-10-01","JAMBI",21,3,18,0,341,99,235,7
"2020-10-02","JAMBI",24,2,19,3,365,101,254,10
"2020-10-03","JAMBI",0,3,-3,0,365,104,251,10
"2020-10-04","JAMBI",0,0,0,0,365,104,251,10
"2020-10-05","JAMBI",25,2,23,0,390,106,274,10
"2020-10-06","JAMBI",29,3,26,0,419,109,300,10
"2020-10-07","JAMBI",23,9,14,0,442,118,314,10
"2020-10-08","JAMBI",46,1,45,0,488,119,359,10
"2020-10-09","JAMBI",45,5,38,2,533,124,397,12
"2020-10-10","JAMBI",30,1,29,0,563,125,426,12
"2020-10-11","JAMBI",21,5,14,2,584,130,440,14
"2020-10-12","JAMBI",13,0,13,0,597,130,453,14
"2020-10-13","JAMBI",38,2,36,0,635,132,489,14
"2020-10-14","JAMBI",30,0,30,0,665,132,519,14
"2020-10-15","JAMBI",23,3,20,0,688,135,539,14
"2020-10-16","JAMBI",26,19,7,0,714,154,546,14
"2020-10-17","JAMBI",26,27,-1,0,740,181,545,14
"2020-10-18","JAMBI",14,0,14,0,754,181,559,14
"2020-10-19","JAMBI",6,3,2,1,760,184,561,15
"2020-10-20","JAMBI",39,8,29,2,799,192,590,17
"2020-10-21","JAMBI",22,0,22,0,821,192,612,17
"2020-10-22","JAMBI",19,36,-17,0,840,228,595,17
"2020-10-23","JAMBI",0,6,-6,0,840,234,589,17
"2020-10-24","JAMBI",0,21,-21,0,840,255,568,17
"2020-10-25","JAMBI",22,45,-23,0,862,300,545,17
"2020-10-26","JAMBI",9,18,-10,1,871,318,535,18
"2020-10-27","JAMBI",7,20,-14,1,878,338,521,19
"2020-10-28","JAMBI",32,32,-1,1,910,370,520,20
"2020-10-29","JAMBI",31,17,14,0,941,387,534,20
"2020-10-30","JAMBI",11,13,-2,0,952,400,532,20
"2020-10-31","JAMBI",0,12,-12,0,952,412,520,20
"2020-11-01","JAMBI",0,0,0,0,952,412,520,20
"2020-11-02","JAMBI",0,0,0,0,952,412,520,20
"2020-11-03","JAMBI",7,22,-15,0,959,434,505,20
"2020-11-04","JAMBI",5,5,0,0,964,439,505,20
"2020-11-05","JAMBI",10,20,-10,0,974,459,495,20
"2020-11-06","JAMBI",15,17,-2,0,989,476,493,20
"2020-11-07","JAMBI",18,19,-1,0,1007,495,492,20
"2020-11-08","JAMBI",41,29,12,0,1048,524,504,20
"2020-11-09","JAMBI",36,32,4,0,1084,556,508,20
"2020-11-10","JAMBI",11,49,-38,0,1095,605,470,20
"2020-11-11","JAMBI",11,30,-20,1,1106,635,450,21
"2020-11-12","JAMBI",15,31,-18,2,1121,666,432,23
"2020-11-13","JAMBI",20,19,0,1,1141,685,432,24
"2020-11-14","JAMBI",19,12,5,2,1160,697,437,26
"2020-11-15","JAMBI",16,36,-20,0,1176,733,417,26
"2020-11-16","JAMBI",0,9,-9,0,1176,742,408,26
"2020-11-17","JAMBI",10,6,2,2,1186,748,410,28
"2020-11-18","JAMBI",27,36,-9,0,1213,784,401,28
"2020-11-19","JAMBI",40,43,-4,1,1253,827,397,29
"2020-11-20","JAMBI",45,36,9,0,1298,863,406,29
"2020-11-21","JAMBI",44,27,16,1,1342,890,422,30
"2020-11-22","JAMBI",29,0,28,1,1371,890,450,31
"2020-11-23","JAMBI",0,24,-24,0,1371,914,426,31
"2020-11-24","JAMBI",41,8,32,1,1412,922,458,32
"2020-11-25","JAMBI",45,43,2,0,1457,965,460,32
"2020-11-26","JAMBI",39,4,35,0,1496,969,495,32
"2020-11-27","JAMBI",46,36,9,1,1542,1005,504,33
"2020-11-28","JAMBI",47,5,42,0,1589,1010,546,33
"2020-11-29","JAMBI",46,33,13,0,1635,1043,559,33
"2020-11-30","JAMBI",30,22,8,0,1665,1065,567,33
"2020-12-01","JAMBI",50,47,3,0,1715,1112,570,33
"2020-12-02","JAMBI",0,44,-44,0,1715,1156,526,33
"2020-12-03","JAMBI",0,21,-21,0,1715,1177,505,33
"2020-12-04","JAMBI",55,0,55,0,1770,1177,560,33
"2020-12-05","JAMBI",113,23,90,0,1883,1200,650,33
"2020-12-06","JAMBI",19,1,16,2,1902,1201,666,35
"2020-12-07","JAMBI",0,13,-13,0,1902,1214,653,35
"2020-12-08","JAMBI",77,15,62,0,1979,1229,715,35
"2020-12-09","JAMBI",70,5,65,0,2049,1234,780,35
"2020-12-10","JAMBI",32,0,32,0,2081,1234,812,35
"2020-12-11","JAMBI",39,6,30,3,2120,1240,842,38
"2020-12-12","JAMBI",63,29,34,0,2183,1269,876,38
"2020-12-13","JAMBI",66,22,42,2,2249,1291,918,40
"2020-12-14","JAMBI",0,0,0,0,2249,1291,918,40
"2020-12-15","JAMBI",50,28,22,0,2299,1319,940,40
"2020-12-16","JAMBI",0,27,-27,0,2299,1346,913,40
"2020-12-17","JAMBI",0,76,-76,0,2299,1422,837,40
"2020-12-18","JAMBI",0,53,-53,0,2299,1475,784,40
"2020-12-19","JAMBI",0,34,-34,0,2299,1509,750,40
"2020-12-20","JAMBI",0,6,-6,0,2299,1515,744,40
"2020-12-21","JAMBI",0,43,-43,0,2299,1558,701,40
"2020-12-22","JAMBI",0,57,-57,0,2299,1615,644,40
"2020-12-23","JAMBI",0,7,-7,0,2299,1622,637,40
"2020-12-24","JAMBI",38,48,-10,0,2337,1670,627,40
"2020-12-25","JAMBI",28,36,-8,0,2365,1706,619,40
"2020-12-26","JAMBI",0,43,-44,1,2365,1749,575,41
"2020-12-27","JAMBI",20,21,-1,0,2385,1770,574,41
"2020-12-28","JAMBI",11,27,-16,0,2396,1797,558,41
"2020-12-29","JAMBI",30,10,19,1,2426,1807,577,42
"2020-12-30","JAMBI",35,47,-12,0,2461,1854,565,42
"2020-12-31","JAMBI",35,27,7,1,2496,1881,572,43
"2021-01-01","JAMBI",36,24,12,0,2532,1905,584,43
"2021-01-02","JAMBI",33,16,17,0,2565,1921,601,43
"2021-01-03","JAMBI",0,0,-1,1,2565,1921,600,44
"2021-01-04","JAMBI",0,12,-12,0,2565,1933,588,44
"2021-01-05","JAMBI",0,8,-8,0,2565,1941,580,44
"2021-01-06","JAMBI",0,17,-17,0,2565,1958,563,44
"2021-01-07","JAMBI",0,30,-30,0,2565,1988,533,44
"2021-01-08","JAMBI",0,23,-23,0,2565,2011,510,44
"2021-01-09","JAMBI",0,34,-34,0,2565,2045,476,44
"2021-01-10","JAMBI",0,10,-11,1,2565,2055,465,45
"2021-01-11","JAMBI",0,7,-7,0,2565,2062,458,45
"2021-01-12","JAMBI",0,6,-6,0,2565,2068,452,45
"2021-01-13","JAMBI",78,17,60,1,2643,2085,512,46
"2021-01-14","JAMBI",80,0,80,0,2723,2085,592,46
"2021-01-15","JAMBI",51,24,27,0,2774,2109,619,46
"2021-01-16","JAMBI",36,2,32,2,2810,2111,651,48
"2021-01-17","JAMBI",52,26,26,0,2862,2137,677,48
"2021-01-18","JAMBI",29,0,29,0,2891,2137,706,48
"2021-01-19","JAMBI",0,1,-1,0,2891,2138,705,48
"2021-01-20","JAMBI",0,15,-15,0,2891,2153,690,48
"2021-01-21","JAMBI",0,8,-8,0,2891,2161,682,48
"2021-01-22","JAMBI",0,26,-26,0,2891,2187,656,48
"2021-01-23","JAMBI",0,0,0,0,2891,2187,656,48
"2021-01-24","JAMBI",0,55,-55,0,2891,2242,601,48
"2021-01-25","JAMBI",0,2,-2,0,2891,2244,599,48
"2021-01-26","JAMBI",0,24,-24,0,2891,2268,575,48
"2021-01-27","JAMBI",0,26,-26,0,2891,2294,549,48
"2021-01-28","JAMBI",0,36,-36,0,2891,2330,513,48
"2021-01-29","JAMBI",0,22,-22,0,2891,2352,491,48
"2021-01-30","JAMBI",0,15,-15,0,2891,2367,476,48
"2021-01-31","JAMBI",0,10,-10,0,2891,2377,466,48
"2021-02-01","JAMBI",0,0,0,0,2891,2377,466,48
"2021-02-02","JAMBI",53,10,43,0,2944,2387,509,48
"2021-02-03","JAMBI",60,0,60,0,3004,2387,569,48
"2021-02-04","JAMBI",48,0,48,0,3052,2387,617,48
"2021-02-05","JAMBI",56,40,14,2,3108,2427,631,50
"2021-02-06","JAMBI",37,19,18,0,3145,2446,649,50
"2021-02-07","JAMBI",25,8,17,0,3170,2454,666,50
"2021-02-08","JAMBI",0,4,-4,0,3170,2458,662,50
"2021-02-09","JAMBI",0,5,-5,0,3170,2463,657,50
"2021-02-10","JAMBI",0,55,-55,0,3170,2518,602,50
"2021-02-11","JAMBI",0,24,-24,0,3170,2542,578,50
"2021-02-12","JAMBI",0,9,-9,0,3170,2551,569,50
"2021-02-13","JAMBI",0,2,-2,0,3170,2553,567,50
"2021-02-14","JAMBI",0,12,-12,0,3170,2565,555,50
"2021-02-15","JAMBI",0,16,-16,0,3170,2581,539,50
"2021-02-16","JAMBI",0,0,0,0,3170,2581,539,50
"2021-02-17","JAMBI",0,2,-2,0,3170,2583,537,50
"2021-02-18","JAMBI",0,21,-21,0,3170,2604,516,50
"2021-02-19","JAMBI",0,16,-16,0,3170,2620,500,50
"2021-02-20","JAMBI",0,18,-18,0,3170,2638,482,50
"2021-02-21","JAMBI",0,18,-18,0,3170,2656,464,50
"2021-02-22","JAMBI",20,16,4,0,3190,2672,468,50
"2021-02-23","JAMBI",26,13,13,0,3216,2685,481,50
"2021-02-24","JAMBI",56,19,37,0,3272,2704,518,50
"2021-02-25","JAMBI",28,33,-6,1,3300,2737,512,51
"2021-02-26","JAMBI",24,16,8,0,3324,2753,520,51
"2021-02-27","JAMBI",83,11,72,0,3407,2764,592,51
"2021-02-28","JAMBI",32,17,15,0,3439,2781,607,51
"2021-03-01","JAMBI",1,6,-5,0,3440,2787,602,51
"2021-03-02","JAMBI",0,0,0,0,3440,2787,602,51
"2021-03-03","JAMBI",0,10,-10,0,3440,2797,592,51
"2021-03-04","JAMBI",0,5,-5,0,3440,2802,587,51
"2021-03-05","JAMBI",0,7,-7,0,3440,2809,580,51
"2021-03-06","JAMBI",0,14,-14,0,3440,2823,566,51
"2021-03-07","JAMBI",0,13,-13,0,3440,2836,553,51
"2021-03-08","JAMBI",0,9,-9,0,3440,2845,544,51
"2021-03-09","JAMBI",0,30,-31,1,3440,2875,513,52
"2021-03-10","JAMBI",0,25,-25,0,3440,2900,488,52
"2021-03-11","JAMBI",0,13,-13,0,3440,2913,475,52
"2021-03-12","JAMBI",0,1,-1,0,3440,2914,474,52
"2021-03-13","JAMBI",0,31,-31,0,3440,2945,443,52
"2021-03-14","JAMBI",0,21,-21,0,3440,2966,422,52
"2021-03-15","JAMBI",5,29,-24,0,3445,2995,398,52
"2021-03-16","JAMBI",36,24,12,0,3481,3019,410,52
"2021-03-17","JAMBI",25,10,15,0,3506,3029,425,52
"2021-03-18","JAMBI",35,49,-16,2,3541,3078,409,54
"2021-03-19","JAMBI",32,53,-23,2,3573,3131,386,56
"2021-03-20","JAMBI",25,25,-1,1,3598,3156,385,57
"2021-03-21","JAMBI",22,0,22,0,3620,3156,407,57
"2021-03-22","JAMBI",14,14,0,0,3634,3170,407,57
"2021-03-23","JAMBI",19,4,15,0,3653,3174,422,57
"2021-03-24","JAMBI",24,0,24,0,3677,3174,446,57
"2021-03-25","JAMBI",0,1,-1,0,3677,3175,445,57
"2021-03-26","JAMBI",0,0,-1,1,3677,3175,444,58
"2021-03-27","JAMBI",0,11,-11,0,3677,3186,433,58
"2021-03-28","JAMBI",0,1,-1,0,3677,3187,432,58
"2021-03-29","JAMBI",0,14,-15,1,3677,3201,417,59
"2021-03-30","JAMBI",0,0,0,0,3677,3201,417,59
"2021-03-31","JAMBI",0,40,-40,0,3677,3241,377,59
"2021-04-01","JAMBI",0,6,-6,0,3677,3247,371,59
"2021-04-02","JAMBI",0,10,-10,0,3677,3257,361,59
"2021-04-03","JAMBI",32,16,16,0,3709,3273,377,59
"2021-04-04","JAMBI",23,5,18,0,3732,3278,395,59
"2021-04-05","JAMBI",21,14,7,0,3753,3292,402,59
"2021-04-06","JAMBI",60,14,46,0,3813,3306,448,59
"2021-04-07","JAMBI",47,12,34,1,3860,3318,482,60
"2021-04-08","JAMBI",50,4,46,0,3910,3322,528,60
"2021-04-09","JAMBI",50,3,47,0,3960,3325,575,60
"2021-04-10","JAMBI",8,8,0,0,3968,3333,575,60
"2021-04-11","JAMBI",20,0,20,0,3988,3333,595,60
"2021-04-12","JAMBI",5,8,-3,0,3993,3341,592,60
"2021-04-13","JAMBI",40,17,23,0,4033,3358,615,60
"2021-04-14","JAMBI",51,8,43,0,4084,3366,658,60
"2021-04-15","JAMBI",0,29,-29,0,4084,3395,629,60
"2021-04-16","JAMBI",0,16,-16,0,4084,3411,613,60
"2021-04-17","JAMBI",0,23,-24,1,4084,3434,589,61
"2021-04-18","JAMBI",0,14,-14,0,4084,3448,575,61
"2021-04-19","JAMBI",0,15,-16,1,4084,3463,559,62
"2021-04-20","JAMBI",0,34,-34,0,4084,3497,525,62
"2021-04-21","JAMBI",0,16,-16,0,4084,3513,509,62
"2021-04-22","JAMBI",0,21,-21,0,4084,3534,488,62
"2021-04-23","JAMBI",43,37,6,0,4127,3571,494,62
"2021-04-24","JAMBI",65,28,37,0,4192,3599,531,62
"2021-04-25","JAMBI",29,13,16,0,4221,3612,547,62
"2021-04-26","JAMBI",42,36,5,1,4263,3648,552,63
"2021-04-27","JAMBI",32,18,12,2,4295,3666,564,65
"2021-04-28","JAMBI",97,39,57,1,4392,3705,621,66
"2021-04-29","JAMBI",92,27,64,1,4484,3732,685,67
"2021-04-30","JAMBI",74,12,62,0,4558,3744,747,67
"2021-05-01","JAMBI",60,17,40,3,4618,3761,787,70
"2021-05-02","JAMBI",78,9,67,2,4696,3770,854,72
"2021-05-03","JAMBI",82,0,81,1,4778,3770,935,73
"2021-05-04","JAMBI",50,10,38,2,4828,3780,973,75
"2021-05-05","JAMBI",0,16,-16,0,4828,3796,957,75
"2021-05-06","JAMBI",0,37,-37,0,4828,3833,920,75
"2021-05-07","JAMBI",0,68,-75,7,4828,3901,845,82
"2021-05-08","JAMBI",0,30,-31,1,4828,3931,814,83
"2021-05-09","JAMBI",0,20,-20,0,4828,3951,794,83
"2021-05-10","JAMBI",0,26,-27,1,4828,3977,767,84
"2021-05-11","JAMBI",0,9,-9,0,4828,3986,758,84
"2021-05-12","JAMBI",0,33,-33,0,4828,4019,725,84
"2021-05-13","JAMBI",14,0,14,0,4842,4019,739,84
"2021-05-14","JAMBI",64,9,54,1,4906,4028,793,85
"2021-05-15","JAMBI",0,55,-55,0,4906,4083,738,85
"2021-05-16","JAMBI",22,19,3,0,4928,4102,741,85
"2021-05-17","JAMBI",21,41,-20,0,4949,4143,721,85
"2021-05-18","JAMBI",5,51,-46,0,4954,4194,675,85
"2021-05-19","JAMBI",45,39,5,1,4999,4233,680,86
"2021-05-20","JAMBI",83,28,49,6,5082,4261,729,92
"2021-05-21","JAMBI",67,19,46,2,5149,4280,775,94
"2021-05-22","JAMBI",63,40,21,2,5212,4320,796,96
"2021-05-23","JAMBI",55,35,15,5,5267,4355,811,101
"2021-05-24","JAMBI",76,31,45,0,5343,4386,856,101
"2021-05-25","JAMBI",59,48,8,3,5402,4434,864,104
"2021-05-26","JAMBI",77,29,48,0,5479,4463,912,104
"2021-05-27","JAMBI",0,20,-22,2,5479,4483,890,106
"2021-05-28","JAMBI",0,37,-37,0,5479,4520,853,106
"2021-05-29","JAMBI",0,39,-40,1,5479,4559,813,107
"2021-05-30","JAMBI",0,1,-3,2,5479,4560,810,109
"2021-05-31","JAMBI",0,0,0,0,5479,4560,810,109
"2021-06-01","JAMBI",0,18,-18,0,5479,4578,792,109
"2021-06-02","JAMBI",86,0,85,1,5565,4578,877,110
"2021-06-03","JAMBI",66,30,36,0,5631,4608,913,110
"2021-06-04","JAMBI",85,54,29,2,5716,4662,942,112
"2021-06-05","JAMBI",81,11,68,2,5797,4673,1010,114
"2021-06-06","JAMBI",108,44,62,2,5905,4717,1072,116
"2021-06-07","JAMBI",126,20,104,2,6031,4737,1176,118
"2021-06-08","JAMBI",148,61,85,2,6179,4798,1261,120
"2021-06-09","JAMBI",136,59,76,1,6315,4857,1337,121
"2021-06-10","JAMBI",132,42,90,0,6447,4899,1427,121
"2021-06-11","JAMBI",0,100,-104,4,6447,4999,1323,125
"2021-06-12","JAMBI",0,95,-95,0,6447,5094,1228,125
"2021-06-13","JAMBI",0,111,-111,0,6447,5205,1117,125
"2021-06-14","JAMBI",0,37,-37,0,6447,5242,1080,125
"2021-06-15","JAMBI",0,52,-53,1,6447,5294,1027,126
"2021-06-16","JAMBI",0,70,-70,0,6447,5364,957,126
"2021-06-17","JAMBI",0,33,-33,0,6447,5397,924,126
"2021-06-18","JAMBI",0,59,-59,0,6447,5456,865,126
"2021-06-19","JAMBI",0,128,-128,0,6447,5584,737,126
"2021-06-20","JAMBI",0,121,-121,0,6447,5705,616,126
"2021-06-21","JAMBI",0,37,-42,5,6447,5742,574,131
"2021-06-22","JAMBI",141,121,19,1,6588,5863,593,132
"2021-06-23","JAMBI",103,72,30,1,6691,5935,623,133
"2021-06-24","JAMBI",43,103,-61,1,6734,6038,562,134
"2021-06-25","JAMBI",152,86,61,5,6886,6124,623,139
"2021-06-26","JAMBI",0,56,-57,1,6886,6180,566,140
"2021-06-27","JAMBI",0,0,0,0,6886,6180,566,140
"2021-06-28","JAMBI",0,75,-78,3,6886,6255,488,143
"2021-06-29","JAMBI",0,26,-26,0,6886,6281,462,143
"2021-06-30","JAMBI",0,0,-2,2,6886,6281,460,145
"2021-07-01","JAMBI",0,1,-2,1,6886,6282,458,146
"2021-07-02","JAMBI",0,8,-9,1,6886,6290,449,147
"2021-07-03","JAMBI",0,11,-12,1,6886,6301,437,148
"2021-07-04","JAMBI",131,16,115,0,7017,6317,552,148
"2021-07-05","JAMBI",121,18,101,2,7138,6335,653,150
"2021-07-06","JAMBI",58,95,-38,1,7196,6430,615,151
"2021-07-07","JAMBI",106,25,77,4,7302,6455,692,155
"2021-07-08","JAMBI",132,69,62,1,7434,6524,754,156
"2021-07-09","JAMBI",186,82,103,1,7620,6606,857,157
"2021-07-10","JAMBI",134,29,99,6,7754,6635,956,163
"2021-07-11","JAMBI",147,47,94,6,7901,6682,1050,169
"2021-07-12","JAMBI",31,14,15,2,7932,6696,1065,171
"2021-07-13","JAMBI",165,5,159,1,8097,6701,1224,172
"2021-07-14","JAMBI",70,10,59,1,8167,6711,1283,173
"2021-07-15","JAMBI",141,4,136,1,8308,6715,1419,174
"2021-07-16","JAMBI",97,62,33,2,8405,6777,1452,176
"2021-07-17","JAMBI",284,0,284,0,8689,6777,1736,176
"2021-07-18","JAMBI",430,73,355,2,9119,6850,2091,178
"2021-07-19","JAMBI",193,68,125,0,9312,6918,2216,178
"2021-07-20","JAMBI",198,40,157,1,9510,6958,2373,179
"2021-07-21","JAMBI",14,166,-155,3,9524,7124,2218,182
"2021-07-22","JAMBI",343,15,322,6,9867,7139,2540,188
"2021-07-23","JAMBI",394,35,354,5,10261,7174,2894,193
"2021-07-24","JAMBI",334,51,276,7,10595,7225,3170,200
"2021-07-25","JAMBI",168,49,110,9,10763,7274,3280,209
"2021-07-26","JAMBI",93,114,-25,4,10856,7388,3255,213
"2021-07-27","JAMBI",188,107,74,7,11044,7495,3329,220
"2021-07-28","JAMBI",499,114,380,5,11543,7609,3709,225
"2021-07-29","JAMBI",323,116,191,16,11866,7725,3900,241
"2021-07-30","JAMBI",329,74,245,10,12195,7799,4145,251
"2021-07-31","JAMBI",280,57,216,7,12475,7856,4361,258
"2021-08-01","JAMBI",392,87,301,4,12867,7943,4662,262
"2021-08-02","JAMBI",61,259,-202,4,12928,8202,4460,266
"2021-08-03","JAMBI",139,80,54,5,13067,8282,4514,271
"2021-08-04","JAMBI",78,365,-313,26,13145,8647,4201,297
"2021-08-05","JAMBI",79,286,-214,7,13224,8933,3987,304
"2021-08-06","JAMBI",104,615,-521,10,13328,9548,3466,314
"2021-08-07","JAMBI",64,356,-293,1,13392,9904,3173,315
"2021-08-08","JAMBI",71,194,-124,1,13463,10098,3049,316
"2021-08-09","JAMBI",15,213,-199,1,13478,10311,2850,317
"2021-08-10","JAMBI",446,131,312,3,13924,10442,3162,320
"2021-08-11","JAMBI",429,261,160,8,14353,10703,3322,328
"2021-08-12","JAMBI",96,416,-324,4,14449,11119,2998,332
"2021-08-13","JAMBI",383,227,150,6,14832,11346,3148,338
"2021-08-14","JAMBI",380,182,188,10,15212,11528,3336,348
"2021-08-15","JAMBI",333,204,122,7,15545,11732,3458,355
"2021-08-16","JAMBI",142,210,-73,5,15687,11942,3385,360
"2021-08-17","JAMBI",303,181,117,5,15990,12123,3502,365
"2021-08-18","JAMBI",102,195,-100,7,16092,12318,3402,372
"2021-08-19","JAMBI",275,359,-91,7,16367,12677,3311,379
"2021-08-20","JAMBI",262,203,54,5,16629,12880,3365,384
"2021-08-21","JAMBI",288,89,195,4,16917,12969,3560,388
"2021-08-22","JAMBI",159,394,-244,9,17076,13363,3316,397
"2021-08-23","JAMBI",29,240,-224,13,17105,13603,3092,410
"2021-08-24","JAMBI",28,331,-308,5,17133,13934,2784,415
"2021-08-25","JAMBI",36,188,-158,6,17169,14122,2626,421
"2021-08-26","JAMBI",22,563,-548,7,17191,14685,2078,428
"2021-08-27","JAMBI",26,198,-173,1,17217,14883,1905,429
"2021-08-28","JAMBI",34,292,-266,8,17251,15175,1639,437
"2021-08-29","JAMBI",13,246,-236,3,17264,15421,1403,440
"2021-08-30","JAMBI",14,188,-175,1,17278,15609,1228,441
"2021-08-31","JAMBI",32,162,-130,0,17310,15771,1098,441
"2021-09-01","JAMBI",58,157,-100,1,17368,15928,998,442
"2021-09-02","JAMBI",97,69,27,1,17465,15997,1025,443
"2021-09-03","JAMBI",105,130,-25,0,17570,16127,1000,443
"2021-09-04","JAMBI",116,82,33,1,17686,16209,1033,444
"2021-09-05","JAMBI",72,83,-12,1,17758,16292,1021,445
"2021-09-06","JAMBI",40,102,-64,2,17798,16394,957,447
"2021-09-07","JAMBI",54,68,-18,4,17852,16462,939,451
"2021-09-08","JAMBI",72,26,42,4,17924,16488,981,455
"2021-09-09","JAMBI",70,36,34,0,17994,16524,1015,455
"2021-09-10","JAMBI",53,43,7,3,18047,16567,1022,458
"2021-09-11","JAMBI",62,17,43,2,18109,16584,1065,460
"2021-09-12","JAMBI",48,79,-33,2,18157,16663,1032,462
"2021-09-13","JAMBI",14,63,-53,4,18171,16726,979,466
"2021-09-14","JAMBI",45,44,-2,3,18216,16770,977,469
"2021-09-15","JAMBI",35,43,-9,1,18251,16813,968,470
"2021-09-16","JAMBI",20,73,-54,1,18271,16886,914,471
"2021-09-17","JAMBI",56,43,12,1,18327,16929,926,472
"2021-09-18","JAMBI",17,86,-69,0,18344,17015,857,472
"2021-09-19","JAMBI",23,103,-81,1,18367,17118,776,473
"2021-09-20","JAMBI",15,110,-99,4,18382,17228,677,477
"2021-09-21","JAMBI",17,44,-28,1,18399,17272,649,478
"2021-09-22","JAMBI",21,97,-77,1,18420,17369,572,479
"2021-09-23","JAMBI",23,55,-33,1,18443,17424,539,480
"2021-09-24","JAMBI",20,42,-22,0,18463,17466,517,480
"2021-09-25","JAMBI",8,56,-48,0,18471,17522,469,480
"2021-09-26","JAMBI",6,50,-46,2,18477,17572,423,482
"2021-09-27","JAMBI",3,43,-40,0,18480,17615,383,482
"2021-09-28","JAMBI",8,64,-56,0,18488,17679,327,482
"2021-09-29","JAMBI",6,24,-18,0,18494,17703,309,482
"2021-09-30","JAMBI",5,12,-7,0,18499,17715,302,482
"2021-10-01","JAMBI",25,47,-22,0,18524,17762,280,482
"2021-10-02","JAMBI",9,29,-21,1,18533,17791,259,483
"2021-10-03","JAMBI",15,5,10,0,18548,17796,269,483
"2021-10-04","JAMBI",5,34,-32,3,18553,17830,237,486
"2021-10-05","JAMBI",10,15,-5,0,18563,17845,232,486
"2021-10-06","JAMBI",14,6,4,4,18577,17851,236,490
"2021-10-07","JAMBI",9,14,-5,0,18586,17865,231,490
"2021-10-08","JAMBI",6,22,-17,1,18592,17887,214,491
"2021-10-09","JAMBI",8,3,5,0,18600,17890,219,491
"2021-10-10","JAMBI",5,16,-11,0,18605,17906,208,491
"2021-10-11","JAMBI",2,13,-11,0,18607,17919,197,491
"2021-10-12","JAMBI",5,17,-12,0,18612,17936,185,491
"2021-10-13","JAMBI",1,6,-5,0,18613,17942,180,491
"2021-10-14","JAMBI",2,16,-14,0,18615,17958,166,491
"2021-10-15","JAMBI",8,13,-5,0,18623,17971,161,491
"2021-10-16","JAMBI",5,9,-5,1,18628,17980,156,492
"2021-10-17","JAMBI",8,29,-21,0,18636,18009,135,492
"2021-10-18","JAMBI",0,9,-9,0,18636,18018,126,492
"2021-10-19","JAMBI",4,32,-28,0,18640,18050,98,492
"2021-10-20","JAMBI",10,14,-4,0,18650,18064,94,492
"2021-10-21","JAMBI",1,20,-19,0,18651,18084,75,492
"2021-10-22","JAMBI",3,15,-12,0,18654,18099,63,492
"2021-10-23","JAMBI",0,2,-2,0,18654,18101,61,492
"2021-10-24","JAMBI",4,3,1,0,18658,18104,62,492
"2021-10-25","JAMBI",1,14,-13,0,18659,18118,49,492
"2021-10-26","JAMBI",2,13,-11,0,18661,18131,38,492
"2021-10-27","JAMBI",2,4,-2,0,18663,18135,36,492
"2021-10-28","JAMBI",2,2,0,0,18665,18137,36,492
"2021-10-29","JAMBI",0,2,-2,0,18665,18139,34,492
"2021-10-30","JAMBI",1,2,-1,0,18666,18141,33,492
"2021-10-31","JAMBI",1,2,-1,0,18667,18143,32,492
"2021-11-01","JAMBI",0,2,-2,0,18667,18145,30,492
"2021-11-02","JAMBI",1,1,0,0,18668,18146,30,492
"2021-11-03","JAMBI",1,1,0,0,18669,18147,30,492
"2021-11-04","JAMBI",0,0,0,0,18669,18147,30,492
"2021-11-05","JAMBI",0,2,-2,0,18669,18149,28,492
"2021-11-06","JAMBI",3,0,3,0,18672,18149,31,492
"2021-11-07","JAMBI",0,11,-11,0,18672,18160,20,492
"2021-11-08","JAMBI",0,0,0,0,18672,18160,20,492
"2021-11-09","JAMBI",5,4,1,0,18677,18164,21,492
"2021-11-10","JAMBI",0,1,-1,0,18677,18165,20,492
"2021-11-11","JAMBI",0,3,-3,0,18677,18168,17,492
"2021-11-12","JAMBI",0,0,0,0,18677,18168,17,492
"2021-11-13","JAMBI",0,0,0,0,18677,18168,17,492
"2021-11-14","JAMBI",2,1,1,0,18679,18169,18,492
"2021-11-15","JAMBI",0,1,-1,0,18679,18170,17,492
"2021-11-16","JAMBI",1,3,-2,0,18680,18173,15,492
"2021-11-17","JAMBI",1,1,0,0,18681,18174,15,492
"2021-11-18","JAMBI",1,0,1,0,18682,18174,16,492
"2021-11-19","JAMBI",0,0,0,0,18682,18174,16,492
"2021-11-20","JAMBI",1,0,1,0,18683,18174,17,492
"2021-11-21","JAMBI",1,0,1,0,18684,18174,18,492
"2021-11-22","JAMBI",2,1,1,0,18686,18175,19,492
"2021-11-23","JAMBI",0,2,-2,0,18686,18177,17,492
"2021-11-24","JAMBI",1,0,1,0,18687,18177,18,492
"2021-11-25","JAMBI",0,3,-3,0,18687,18180,15,492
"2021-11-26","JAMBI",0,1,-1,0,18687,18181,14,492
"2021-11-27","JAMBI",1,0,1,0,18688,18181,15,492
"2021-11-28","JAMBI",0,2,-2,0,18688,18183,13,492
"2021-11-29","JAMBI",0,0,0,0,18688,18183,13,492
"2021-11-30","JAMBI",1,1,0,0,18689,18184,13,492
"2021-12-01","JAMBI",0,0,0,0,18689,18184,13,492
"2021-12-02","JAMBI",2,2,0,0,18691,18186,13,492
"2021-12-03","JAMBI",0,1,-1,0,18691,18187,12,492
"2021-12-04","JAMBI",1,0,1,0,18692,18187,13,492
"2021-12-05","JAMBI",0,1,-1,0,18692,18188,12,492
"2021-12-06","JAMBI",1,0,1,0,18693,18188,13,492
"2021-12-07","JAMBI",0,0,0,0,18693,18188,13,492
"2021-12-08","JAMBI",1,0,0,1,18694,18188,13,493
"2021-12-09","JAMBI",0,0,0,0,18694,18188,13,493
"2021-12-10","JAMBI",0,1,-1,0,18694,18189,12,493
"2021-12-11","JAMBI",0,0,0,0,18694,18189,12,493
"2021-12-12","JAMBI",0,0,0,0,18694,18189,12,493
"2021-12-13","JAMBI",2,0,2,0,18696,18189,14,493
"2021-12-14","JAMBI",0,2,-2,0,18696,18191,12,493
"2021-12-15","JAMBI",4,0,4,0,18700,18191,16,493
"2021-12-16","JAMBI",2,2,0,0,18702,18193,16,493
"2021-12-17","JAMBI",1,1,0,0,18703,18194,16,493
"2021-12-18","JAMBI",0,0,0,0,18703,18194,16,493
"2021-12-19","JAMBI",0,0,0,0,18703,18194,16,493
"2021-12-20","JAMBI",0,0,0,0,18703,18194,16,493
"2021-12-21","JAMBI",0,0,0,0,18703,18194,16,493
"2021-12-22","JAMBI",0,1,-2,1,18703,18195,14,494
"2021-12-23","JAMBI",4,4,0,0,18707,18199,14,494
"2021-12-24","JAMBI",0,0,0,0,18707,18199,14,494
"2021-12-25","JAMBI",0,3,-3,0,18707,18202,11,494
"2021-12-26","JAMBI",0,0,0,0,18707,18202,11,494
"2021-12-27","JAMBI",0,3,-3,0,18707,18205,8,494
"2021-12-28","JAMBI",2,0,2,0,18709,18205,10,494
"2021-12-29","JAMBI",3,1,2,0,18712,18206,12,494
"2021-12-30","JAMBI",0,1,-1,0,18712,18207,11,494
"2021-12-31","JAMBI",1,0,1,0,18713,18207,12,494
"2022-01-01","JAMBI",0,0,0,0,18713,18207,12,494
"2022-01-02","JAMBI",0,1,-1,0,18713,18208,11,494
"2022-01-03","JAMBI",0,1,-1,0,18713,18209,10,494
"2022-01-04","JAMBI",0,1,-1,0,18713,18210,9,494
"2022-01-05","JAMBI",1,0,1,0,18714,18210,10,494
"2022-01-06","JAMBI",0,1,-2,1,18714,18211,8,495
"2022-01-07","JAMBI",0,1,-1,0,18714,18212,7,495
"2022-01-08","JAMBI",0,2,-2,0,18714,18214,5,495
"2022-01-09","JAMBI",0,0,0,0,18714,18214,5,495
"2022-01-10","JAMBI",1,2,-1,0,18715,18216,4,495
"2022-01-11","JAMBI",0,0,0,0,18715,18216,4,495
"2022-01-12","JAMBI",0,0,0,0,18715,18216,4,495
"2022-01-13","JAMBI",0,0,0,0,18715,18216,4,495
"2022-01-14","JAMBI",0,0,0,0,18715,18216,4,495
"2022-01-15","JAMBI",1,0,1,0,18716,18216,5,495
"2022-01-16","JAMBI",0,0,0,0,18716,18216,5,495
"2022-01-17","JAMBI",0,0,0,0,18716,18216,5,495
"2022-01-18","JAMBI",1,0,1,0,18717,18216,6,495
"2022-01-19","JAMBI",0,1,-1,0,18717,18217,5,495
"2022-01-20","JAMBI",1,1,0,0,18718,18218,5,495
"2022-01-21","JAMBI",1,1,0,0,18719,18219,5,495
"2022-01-22","JAMBI",0,0,0,0,18719,18219,5,495
"2022-01-23","JAMBI",0,0,0,0,18719,18219,5,495
"2022-01-24","JAMBI",0,1,-1,0,18719,18220,4,495
"2022-01-25","JAMBI",0,1,-1,0,18719,18221,3,495
"2022-01-26","JAMBI",3,0,3,0,18722,18221,6,495
"2022-01-27","JAMBI",2,0,2,0,18724,18221,8,495
"2022-01-28","JAMBI",3,0,3,0,18727,18221,11,495
"2022-01-29","JAMBI",2,1,1,0,18729,18222,12,495
"2022-01-30","JAMBI",15,0,15,0,18744,18222,27,495
"2022-01-31","JAMBI",4,0,4,0,18748,18222,31,495
"2022-02-01","JAMBI",16,0,16,0,18764,18222,47,495
"2022-02-02","JAMBI",7,0,7,0,18771,18222,54,495
"2022-02-03","JAMBI",16,0,16,0,18787,18222,70,495
"2022-02-04","JAMBI",27,1,25,1,18814,18223,95,496
"2022-02-05","JAMBI",30,1,29,0,18844,18224,124,496
"2022-02-06","JAMBI",34,0,34,0,18878,18224,158,496
"2022-02-07","JAMBI",8,0,8,0,18886,18224,166,496
"2022-02-08","JAMBI",62,8,54,0,18948,18232,220,496
"2022-02-09","JAMBI",108,7,100,1,19056,18239,320,497
"2022-02-10","JAMBI",85,4,80,1,19141,18243,400,498
"2022-02-11","JAMBI",54,7,47,0,19195,18250,447,498
"2022-02-12","JAMBI",89,13,76,0,19284,18263,523,498
"2022-02-13","JAMBI",96,25,71,0,19380,18288,594,498
"2022-02-14","JAMBI",51,26,25,0,19431,18314,619,498
"2022-02-15","JAMBI",153,23,129,1,19584,18337,748,499
"2022-02-16","JAMBI",143,23,120,0,19727,18360,868,499
"2022-02-17","JAMBI",222,35,187,0,19949,18395,1055,499
"2022-02-18","JAMBI",325,39,284,2,20274,18434,1339,501
"2022-02-19","JAMBI",192,40,152,0,20466,18474,1491,501
"2022-02-20","JAMBI",173,83,88,2,20639,18557,1579,503
"2022-02-21","JAMBI",95,99,-6,2,20734,18656,1573,505
"2022-02-22","JAMBI",317,148,169,0,21051,18804,1742,505
"2022-02-23","JAMBI",418,82,335,1,21469,18886,2077,506
"2022-02-24","JAMBI",402,63,339,0,21871,18949,2416,506
"2022-02-25","JAMBI",335,152,183,0,22206,19101,2599,506
"2022-02-26","JAMBI",363,90,271,2,22569,19191,2870,508
"2022-02-27","JAMBI",274,186,88,0,22843,19377,2958,508
"2022-02-28","JAMBI",126,147,-24,3,22969,19524,2934,511
"2022-03-01","JAMBI",159,352,-198,5,23128,19876,2736,516
"2022-03-02","JAMBI",419,173,243,3,23547,20049,2979,519
"2022-03-03","JAMBI",445,172,271,2,23992,20221,3250,521
"2022-03-04","JAMBI",109,420,-316,5,24101,20641,2934,526
"2022-03-05","JAMBI",426,391,34,1,24527,21032,2968,527
"2022-03-06","JAMBI",306,443,-138,1,24833,21475,2830,528
"2022-03-07","JAMBI",86,488,-407,5,24919,21963,2423,533
"2020-08-06","SUMATERA SELATAN",50,0,48,2,50,0,48,2
"2020-08-07","SUMATERA SELATAN",21,0,18,3,71,0,66,5
"2020-08-08","SUMATERA SELATAN",52,1,51,0,123,1,117,5
"2020-08-09","SUMATERA SELATAN",19,6,11,2,142,7,128,7
"2020-08-10","SUMATERA SELATAN",19,3,14,2,161,10,142,9
"2020-08-11","SUMATERA SELATAN",22,4,17,1,183,14,159,10
"2020-08-12","SUMATERA SELATAN",43,0,42,1,226,14,201,11
"2020-08-13","SUMATERA SELATAN",27,3,24,0,253,17,225,11
"2020-08-14","SUMATERA SELATAN",39,3,35,1,292,20,260,12
"2020-08-15","SUMATERA SELATAN",36,16,19,1,328,36,279,13
"2020-08-16","SUMATERA SELATAN",29,15,14,0,357,51,293,13
"2020-08-17","SUMATERA SELATAN",1,0,1,0,358,51,294,13
"2020-08-18","SUMATERA SELATAN",9,1,7,1,367,52,301,14
"2020-08-19","SUMATERA SELATAN",45,21,18,6,412,73,319,20
"2020-08-20","SUMATERA SELATAN",24,6,15,3,436,79,334,23
"2020-08-21","SUMATERA SELATAN",49,6,42,1,485,85,376,24
"2020-08-22","SUMATERA SELATAN",54,14,35,5,539,99,411,29
"2020-08-23","SUMATERA SELATAN",34,6,24,4,573,105,435,33
"2020-08-24","SUMATERA SELATAN",32,25,7,0,605,130,442,33
"2020-08-25","SUMATERA SELATAN",45,2,40,3,650,132,482,36
"2020-08-26","SUMATERA SELATAN",21,3,16,2,671,135,498,38
"2020-08-27","SUMATERA SELATAN",25,8,14,3,696,143,512,41
"2020-08-28","SUMATERA SELATAN",57,24,30,3,753,167,542,44
"2020-08-29","SUMATERA SELATAN",56,26,21,9,809,193,563,53
"2020-08-30","SUMATERA SELATAN",40,4,36,0,849,197,599,53
"2020-08-31","SUMATERA SELATAN",53,5,46,2,902,202,645,55
"2020-09-01","SUMATERA SELATAN",32,23,7,2,934,225,652,57
"2020-09-02","SUMATERA SELATAN",34,17,11,6,968,242,663,63
"2020-09-03","SUMATERA SELATAN",63,18,43,2,1031,260,706,65
"2020-09-04","SUMATERA SELATAN",35,29,5,1,1066,289,711,66
"2020-09-05","SUMATERA SELATAN",42,9,24,9,1108,298,735,75
"2020-09-06","SUMATERA SELATAN",15,32,-20,3,1123,330,715,78
"2020-09-07","SUMATERA SELATAN",70,18,49,3,1193,348,764,81
"2020-09-08","SUMATERA SELATAN",41,31,8,2,1234,379,772,83
"2020-09-09","SUMATERA SELATAN",38,4,29,5,1272,383,801,88
"2020-09-10","SUMATERA SELATAN",66,11,50,5,1338,394,851,93
"2020-09-11","SUMATERA SELATAN",55,53,1,1,1393,447,852,94
"2020-09-12","SUMATERA SELATAN",73,42,28,3,1466,489,880,97
"2020-09-13","SUMATERA SELATAN",33,36,-6,3,1499,525,874,100
"2020-09-14","SUMATERA SELATAN",27,93,-69,3,1526,618,805,103
"2020-09-15","SUMATERA SELATAN",40,45,-9,4,1566,663,796,107
"2020-09-16","SUMATERA SELATAN",57,31,22,4,1623,694,818,111
"2020-09-17","SUMATERA SELATAN",58,16,39,3,1681,710,857,114
"2020-09-18","SUMATERA SELATAN",60,25,31,4,1741,735,888,118
"2020-09-19","SUMATERA SELATAN",38,26,10,2,1779,761,898,120
"2020-09-20","SUMATERA SELATAN",71,14,56,1,1850,775,954,121
"2020-09-21","SUMATERA SELATAN",47,47,0,0,1897,822,954,121
"2020-09-22","SUMATERA SELATAN",48,54,-7,1,1945,876,947,122
"2020-09-23","SUMATERA SELATAN",110,13,92,5,2055,889,1039,127
"2020-09-24","SUMATERA SELATAN",83,17,65,1,2138,906,1104,128
"2020-09-25","SUMATERA SELATAN",44,31,8,5,2182,937,1112,133
"2020-09-26","SUMATERA SELATAN",60,19,40,1,2242,956,1152,134
"2020-09-27","SUMATERA SELATAN",82,42,37,3,2324,998,1189,137
"2020-09-28","SUMATERA SELATAN",51,47,2,2,2375,1045,1191,139
"2020-09-29","SUMATERA SELATAN",58,23,35,0,2433,1068,1226,139
"2020-09-30","SUMATERA SELATAN",110,84,20,6,2543,1152,1246,145
"2020-10-01","SUMATERA SELATAN",40,65,-28,3,2583,1217,1218,148
"2020-10-02","SUMATERA SELATAN",72,85,-16,3,2655,1302,1202,151
"2020-10-03","SUMATERA SELATAN",0,84,-84,0,2655,1386,1118,151
"2020-10-04","SUMATERA SELATAN",0,57,-58,1,2655,1443,1060,152
"2020-10-05","SUMATERA SELATAN",23,75,-53,1,2678,1518,1007,153
"2020-10-06","SUMATERA SELATAN",71,4,62,5,2749,1522,1069,158
"2020-10-07","SUMATERA SELATAN",114,37,76,1,2863,1559,1145,159
"2020-10-08","SUMATERA SELATAN",83,144,-64,3,2946,1703,1081,162
"2020-10-09","SUMATERA SELATAN",63,54,6,3,3009,1757,1087,165
"2020-10-10","SUMATERA SELATAN",66,55,10,1,3075,1812,1097,166
"2020-10-11","SUMATERA SELATAN",33,36,-3,0,3108,1848,1094,166
"2020-10-12","SUMATERA SELATAN",45,41,0,4,3153,1889,1094,170
"2020-10-13","SUMATERA SELATAN",66,16,47,3,3219,1905,1141,173
"2020-10-14","SUMATERA SELATAN",60,44,10,6,3279,1949,1151,179
"2020-10-15","SUMATERA SELATAN",58,25,30,3,3337,1974,1181,182
"2020-10-16","SUMATERA SELATAN",53,62,-9,0,3390,2036,1172,182
"2020-10-17","SUMATERA SELATAN",46,38,8,0,3436,2074,1180,182
"2020-10-18","SUMATERA SELATAN",39,47,-12,4,3475,2121,1168,186
"2020-10-19","SUMATERA SELATAN",39,5,32,2,3514,2126,1200,188
"2020-10-20","SUMATERA SELATAN",47,35,10,2,3561,2161,1210,190
"2020-10-21","SUMATERA SELATAN",99,32,64,3,3660,2193,1274,193
"2020-10-22","SUMATERA SELATAN",34,69,-36,1,3694,2262,1238,194
"2020-10-23","SUMATERA SELATAN",0,46,-48,2,3694,2308,1190,196
"2020-10-24","SUMATERA SELATAN",0,38,-38,0,3694,2346,1152,196
"2020-10-25","SUMATERA SELATAN",22,172,-150,0,3716,2518,1002,196
"2020-10-26","SUMATERA SELATAN",16,116,-102,2,3732,2634,900,198
"2020-10-27","SUMATERA SELATAN",43,55,-13,1,3775,2689,887,199
"2020-10-28","SUMATERA SELATAN",86,28,58,0,3861,2717,945,199
"2020-10-29","SUMATERA SELATAN",77,136,-61,2,3938,2853,884,201
"2020-10-30","SUMATERA SELATAN",43,27,16,0,3981,2880,900,201
"2020-10-31","SUMATERA SELATAN",62,33,28,1,4043,2913,928,202
"2020-11-01","SUMATERA SELATAN",54,59,-14,9,4097,2972,914,211
"2020-11-02","SUMATERA SELATAN",18,4,9,5,4115,2976,923,216
"2020-11-03","SUMATERA SELATAN",31,60,-35,6,4146,3036,888,222
"2020-11-04","SUMATERA SELATAN",70,28,37,5,4216,3064,925,227
"2020-11-05","SUMATERA SELATAN",68,83,-17,2,4284,3147,908,229
"2020-11-06","SUMATERA SELATAN",94,34,59,1,4378,3181,967,230
"2020-11-07","SUMATERA SELATAN",83,4,78,1,4461,3185,1045,231
"2020-11-08","SUMATERA SELATAN",42,88,-48,2,4503,3273,997,233
"2020-11-09","SUMATERA SELATAN",26,22,1,3,4529,3295,998,236
"2020-11-10","SUMATERA SELATAN",51,38,12,1,4580,3333,1010,237
"2020-11-11","SUMATERA SELATAN",76,81,-10,5,4656,3414,1000,242
"2020-11-12","SUMATERA SELATAN",72,50,18,4,4728,3464,1018,246
"2020-11-13","SUMATERA SELATAN",68,12,54,2,4796,3476,1072,248
"2020-11-14","SUMATERA SELATAN",64,34,28,2,4860,3510,1100,250
"2020-11-15","SUMATERA SELATAN",44,33,11,0,4904,3543,1111,250
"2020-11-16","SUMATERA SELATAN",45,91,-47,1,4949,3634,1064,251
"2020-11-17","SUMATERA SELATAN",50,31,19,0,4999,3665,1083,251
"2020-11-18","SUMATERA SELATAN",50,6,42,2,5049,3671,1125,253
"2020-11-19","SUMATERA SELATAN",44,38,-7,13,5093,3709,1118,266
"2020-11-20","SUMATERA SELATAN",71,24,45,2,5164,3733,1163,268
"2020-11-21","SUMATERA SELATAN",53,1,51,1,5217,3734,1214,269
"2020-11-22","SUMATERA SELATAN",57,17,39,1,5274,3751,1253,270
"2020-11-23","SUMATERA SELATAN",33,20,12,1,5307,3771,1265,271
"2020-11-24","SUMATERA SELATAN",47,64,-21,4,5354,3835,1244,275
"2020-11-25","SUMATERA SELATAN",59,47,12,0,5413,3882,1256,275
"2020-11-26","SUMATERA SELATAN",81,35,43,3,5494,3917,1299,278
"2020-11-27","SUMATERA SELATAN",49,46,0,3,5543,3963,1299,281
"2020-11-28","SUMATERA SELATAN",38,46,-11,3,5581,4009,1288,284
"2020-11-29","SUMATERA SELATAN",41,46,-7,2,5622,4055,1281,286
"2020-11-30","SUMATERA SELATAN",35,48,-18,5,5657,4103,1263,291
"2020-12-01","SUMATERA SELATAN",67,93,-32,6,5724,4196,1231,297
"2020-12-02","SUMATERA SELATAN",0,26,-28,2,5724,4222,1203,299
"2020-12-03","SUMATERA SELATAN",0,64,-66,2,5724,4286,1137,301
"2020-12-04","SUMATERA SELATAN",88,106,-24,6,5812,4392,1113,307
"2020-12-05","SUMATERA SELATAN",58,50,6,2,5870,4442,1119,309
"2020-12-06","SUMATERA SELATAN",52,49,-4,7,5922,4491,1115,316
"2020-12-07","SUMATERA SELATAN",63,54,6,3,5985,4545,1121,319
"2020-12-08","SUMATERA SELATAN",68,78,-10,0,6053,4623,1111,319
"2020-12-09","SUMATERA SELATAN",40,112,-73,1,6093,4735,1038,320
"2020-12-10","SUMATERA SELATAN",58,50,6,2,6151,4785,1044,322
"2020-12-11","SUMATERA SELATAN",65,65,-3,3,6216,4850,1041,325
"2020-12-12","SUMATERA SELATAN",76,46,25,5,6292,4896,1066,330
"2020-12-13","SUMATERA SELATAN",61,26,32,3,6353,4922,1098,333
"2020-12-14","SUMATERA SELATAN",48,9,36,3,6401,4931,1134,336
"2020-12-15","SUMATERA SELATAN",73,45,27,1,6474,4976,1161,337
"2020-12-16","SUMATERA SELATAN",0,21,-22,1,6474,4997,1139,338
"2020-12-17","SUMATERA SELATAN",0,13,-13,0,6474,5010,1126,338
"2020-12-18","SUMATERA SELATAN",0,30,-31,1,6474,5040,1095,339
"2020-12-19","SUMATERA SELATAN",0,38,-40,2,6474,5078,1055,341
"2020-12-20","SUMATERA SELATAN",0,24,-28,4,6474,5102,1027,345
"2020-12-21","SUMATERA SELATAN",0,28,-28,0,6474,5130,999,345
"2020-12-22","SUMATERA SELATAN",0,21,-21,0,6474,5151,978,345
"2020-12-23","SUMATERA SELATAN",0,116,-119,3,6474,5267,859,348
"2020-12-24","SUMATERA SELATAN",81,39,42,0,6555,5306,901,348
"2020-12-25","SUMATERA SELATAN",89,14,71,4,6644,5320,972,352
"2020-12-26","SUMATERA SELATAN",81,54,26,1,6725,5374,998,353
"2020-12-27","SUMATERA SELATAN",95,36,56,3,6820,5410,1054,356
"2020-12-28","SUMATERA SELATAN",78,1,76,1,6898,5411,1130,357
"2020-12-29","SUMATERA SELATAN",84,68,15,1,6982,5479,1145,358
"2020-12-30","SUMATERA SELATAN",110,10,99,1,7092,5489,1244,359
"2020-12-31","SUMATERA SELATAN",92,20,71,1,7184,5509,1315,360
"2021-01-01","SUMATERA SELATAN",74,31,39,4,7258,5540,1354,364
"2021-01-02","SUMATERA SELATAN",45,66,-21,0,7303,5606,1333,364
"2021-01-03","SUMATERA SELATAN",0,32,-32,0,7303,5638,1301,364
"2021-01-04","SUMATERA SELATAN",0,29,-29,0,7303,5667,1272,364
"2021-01-05","SUMATERA SELATAN",0,35,-35,0,7303,5702,1237,364
"2021-01-06","SUMATERA SELATAN",0,75,-76,1,7303,5777,1161,365
"2021-01-07","SUMATERA SELATAN",0,45,-48,3,7303,5822,1113,368
"2021-01-08","SUMATERA SELATAN",0,18,-18,0,7303,5840,1095,368
"2021-01-09","SUMATERA SELATAN",0,49,-50,1,7303,5889,1045,369
"2021-01-10","SUMATERA SELATAN",0,37,-39,2,7303,5926,1006,371
"2021-01-11","SUMATERA SELATAN",0,28,-28,0,7303,5954,978,371
"2021-01-12","SUMATERA SELATAN",0,34,-34,0,7303,5988,944,371
"2021-01-13","SUMATERA SELATAN",80,38,42,0,7383,6026,986,371
"2021-01-14","SUMATERA SELATAN",98,19,79,0,7481,6045,1065,371
"2021-01-15","SUMATERA SELATAN",92,30,60,2,7573,6075,1125,373
"2021-01-16","SUMATERA SELATAN",78,34,40,4,7651,6109,1165,377
"2021-01-17","SUMATERA SELATAN",76,36,35,5,7727,6145,1200,382
"2021-01-18","SUMATERA SELATAN",54,24,27,3,7781,6169,1227,385
"2021-01-19","SUMATERA SELATAN",0,29,-32,3,7781,6198,1195,388
"2021-01-20","SUMATERA SELATAN",0,73,-73,0,7781,6271,1122,388
"2021-01-21","SUMATERA SELATAN",0,10,-10,0,7781,6281,1112,388
"2021-01-22","SUMATERA SELATAN",0,6,-6,0,7781,6287,1106,388
"2021-01-23","SUMATERA SELATAN",0,17,-17,0,7781,6304,1089,388
"2021-01-24","SUMATERA SELATAN",0,11,-11,0,7781,6315,1078,388
"2021-01-25","SUMATERA SELATAN",0,19,-20,1,7781,6334,1058,389
"2021-01-26","SUMATERA SELATAN",0,68,-71,3,7781,6402,987,392
"2021-01-27","SUMATERA SELATAN",0,31,-33,2,7781,6433,954,394
"2021-01-28","SUMATERA SELATAN",0,20,-21,1,7781,6453,933,395
"2021-01-29","SUMATERA SELATAN",0,48,-48,0,7781,6501,885,395
"2021-01-30","SUMATERA SELATAN",0,74,-74,0,7781,6575,811,395
"2021-01-31","SUMATERA SELATAN",0,21,-21,0,7781,6596,790,395
"2021-02-01","SUMATERA SELATAN",0,20,-20,0,7781,6616,770,395
"2021-02-02","SUMATERA SELATAN",62,23,38,1,7843,6639,808,396
"2021-02-03","SUMATERA SELATAN",60,58,-2,4,7903,6697,806,400
"2021-02-04","SUMATERA SELATAN",29,30,-1,0,7932,6727,805,400
"2021-02-05","SUMATERA SELATAN",68,31,37,0,8000,6758,842,400
"2021-02-06","SUMATERA SELATAN",58,17,41,0,8058,6775,883,400
"2021-02-07","SUMATERA SELATAN",71,15,53,3,8129,6790,936,403
"2021-02-08","SUMATERA SELATAN",0,5,-6,1,8129,6795,930,404
"2021-02-09","SUMATERA SELATAN",0,22,-26,4,8129,6817,904,408
"2021-02-10","SUMATERA SELATAN",0,33,-33,0,8129,6850,871,408
"2021-02-11","SUMATERA SELATAN",0,26,-28,2,8129,6876,843,410
"2021-02-12","SUMATERA SELATAN",0,29,-30,1,8129,6905,813,411
"2021-02-13","SUMATERA SELATAN",0,23,-23,0,8129,6928,790,411
"2021-02-14","SUMATERA SELATAN",0,27,-27,0,8129,6955,763,411
"2021-02-15","SUMATERA SELATAN",0,26,-26,0,8129,6981,737,411
"2021-02-16","SUMATERA SELATAN",0,9,-9,0,8129,6990,728,411
"2021-02-17","SUMATERA SELATAN",0,9,-9,0,8129,6999,719,411
"2021-02-18","SUMATERA SELATAN",0,17,-17,0,8129,7016,702,411
"2021-02-19","SUMATERA SELATAN",0,22,-22,0,8129,7038,680,411
"2021-02-20","SUMATERA SELATAN",0,17,-17,0,8129,7055,663,411
"2021-02-21","SUMATERA SELATAN",0,8,-8,0,8129,7063,655,411
"2021-02-22","SUMATERA SELATAN",45,40,5,0,8174,7103,660,411
"2021-02-23","SUMATERA SELATAN",60,49,9,2,8234,7152,669,413
"2021-02-24","SUMATERA SELATAN",57,1,55,1,8291,7153,724,414
"2021-02-25","SUMATERA SELATAN",75,7,68,0,8366,7160,792,414
"2021-02-26","SUMATERA SELATAN",39,25,13,1,8405,7185,805,415
"2021-02-27","SUMATERA SELATAN",60,39,21,0,8465,7224,826,415
"2021-02-28","SUMATERA SELATAN",36,54,-23,5,8501,7278,803,420
"2021-03-01","SUMATERA SELATAN",56,45,7,4,8557,7323,810,424
"2021-03-02","SUMATERA SELATAN",0,15,-15,0,8557,7338,795,424
"2021-03-03","SUMATERA SELATAN",0,29,-29,0,8557,7367,766,424
"2021-03-04","SUMATERA SELATAN",0,27,-29,2,8557,7394,737,426
"2021-03-05","SUMATERA SELATAN",0,16,-16,0,8557,7410,721,426
"2021-03-06","SUMATERA SELATAN",0,55,-55,0,8557,7465,666,426
"2021-03-07","SUMATERA SELATAN",0,2,-2,0,8557,7467,664,426
"2021-03-08","SUMATERA SELATAN",0,35,-35,0,8557,7502,629,426
"2021-03-09","SUMATERA SELATAN",0,35,-36,1,8557,7537,593,427
"2021-03-10","SUMATERA SELATAN",0,21,-24,3,8557,7558,569,430
"2021-03-11","SUMATERA SELATAN",0,15,-15,0,8557,7573,554,430
"2021-03-12","SUMATERA SELATAN",0,12,-12,0,8557,7585,542,430
"2021-03-13","SUMATERA SELATAN",0,16,-16,0,8557,7601,526,430
"2021-03-14","SUMATERA SELATAN",20,15,5,0,8577,7616,531,430
"2021-03-15","SUMATERA SELATAN",57,23,34,0,8634,7639,565,430
"2021-03-16","SUMATERA SELATAN",55,5,48,2,8689,7644,613,432
"2021-03-17","SUMATERA SELATAN",45,36,7,2,8734,7680,620,434
"2021-03-18","SUMATERA SELATAN",39,17,20,2,8773,7697,640,436
"2021-03-19","SUMATERA SELATAN",40,9,30,1,8813,7706,670,437
"2021-03-20","SUMATERA SELATAN",52,5,46,1,8865,7711,716,438
"2021-03-21","SUMATERA SELATAN",54,4,48,2,8919,7715,764,440
"2021-03-22","SUMATERA SELATAN",45,112,-69,2,8964,7827,695,442
"2021-03-23","SUMATERA SELATAN",27,42,-17,2,8991,7869,678,444
"2021-03-24","SUMATERA SELATAN",51,37,13,1,9042,7906,691,445
"2021-03-25","SUMATERA SELATAN",0,99,-101,2,9042,8005,590,447
"2021-03-26","SUMATERA SELATAN",0,19,-24,5,9042,8024,566,452
"2021-03-27","SUMATERA SELATAN",0,5,-5,0,9042,8029,561,452
"2021-03-28","SUMATERA SELATAN",0,35,-38,3,9042,8064,523,455
"2021-03-29","SUMATERA SELATAN",0,33,-33,0,9042,8097,490,455
"2021-03-30","SUMATERA SELATAN",0,26,-26,0,9042,8123,464,455
"2021-03-31","SUMATERA SELATAN",0,26,-27,1,9042,8149,437,456
"2021-04-01","SUMATERA SELATAN",0,14,-15,1,9042,8163,422,457
"2021-04-02","SUMATERA SELATAN",0,22,-22,0,9042,8185,400,457
"2021-04-03","SUMATERA SELATAN",39,5,34,0,9081,8190,434,457
"2021-04-04","SUMATERA SELATAN",41,31,10,0,9122,8221,444,457
"2021-04-05","SUMATERA SELATAN",54,13,40,1,9176,8234,484,458
"2021-04-06","SUMATERA SELATAN",49,30,15,4,9225,8264,499,462
"2021-04-07","SUMATERA SELATAN",70,20,50,0,9295,8284,549,462
"2021-04-08","SUMATERA SELATAN",90,67,19,4,9385,8351,568,466
"2021-04-09","SUMATERA SELATAN",79,45,31,3,9464,8396,599,469
"2021-04-10","SUMATERA SELATAN",94,35,51,8,9558,8431,650,477
"2021-04-11","SUMATERA SELATAN",52,22,30,0,9610,8453,680,477
"2021-04-12","SUMATERA SELATAN",63,42,17,4,9673,8495,697,481
"2021-04-13","SUMATERA SELATAN",60,41,17,2,9733,8536,714,483
"2021-04-14","SUMATERA SELATAN",78,29,44,5,9811,8565,758,488
"2021-04-15","SUMATERA SELATAN",0,61,-65,4,9811,8626,693,492
"2021-04-16","SUMATERA SELATAN",0,30,-31,1,9811,8656,662,493
"2021-04-17","SUMATERA SELATAN",0,66,-66,0,9811,8722,596,493
"2021-04-18","SUMATERA SELATAN",0,38,-39,1,9811,8760,557,494
"2021-04-19","SUMATERA SELATAN",0,48,-50,2,9811,8808,507,496
"2021-04-20","SUMATERA SELATAN",0,43,-43,0,9811,8851,464,496
"2021-04-21","SUMATERA SELATAN",0,74,-74,0,9811,8925,390,496
"2021-04-22","SUMATERA SELATAN",0,38,-40,2,9811,8963,350,498
"2021-04-23","SUMATERA SELATAN",101,18,82,1,9912,8981,432,499
"2021-04-24","SUMATERA SELATAN",125,34,90,1,10037,9015,522,500
"2021-04-25","SUMATERA SELATAN",144,41,96,7,10181,9056,618,507
"2021-04-26","SUMATERA SELATAN",99,34,59,6,10280,9090,677,513
"2021-04-27","SUMATERA SELATAN",93,22,61,10,10373,9112,738,523
"2021-04-28","SUMATERA SELATAN",137,55,80,2,10510,9167,818,525
"2021-04-29","SUMATERA SELATAN",117,43,67,7,10627,9210,885,532
"2021-04-30","SUMATERA SELATAN",126,29,93,4,10753,9239,978,536
"2021-05-01","SUMATERA SELATAN",147,46,96,5,10900,9285,1074,541
"2021-05-02","SUMATERA SELATAN",130,34,89,7,11030,9319,1163,548
"2021-05-03","SUMATERA SELATAN",113,116,-11,8,11143,9435,1152,556
"2021-05-04","SUMATERA SELATAN",111,131,-29,9,11254,9566,1123,565
"2021-05-05","SUMATERA SELATAN",0,36,-46,10,11254,9602,1077,575
"2021-05-06","SUMATERA SELATAN",0,92,-95,3,11254,9694,982,578
"2021-05-07","SUMATERA SELATAN",0,83,-85,2,11254,9777,897,580
"2021-05-08","SUMATERA SELATAN",0,216,-218,2,11254,9993,679,582
"2021-05-09","SUMATERA SELATAN",0,82,-83,1,11254,10075,596,583
"2021-05-10","SUMATERA SELATAN",0,93,-95,2,11254,10168,501,585
"2021-05-11","SUMATERA SELATAN",0,66,-67,1,11254,10234,434,586
"2021-05-12","SUMATERA SELATAN",0,40,-40,0,11254,10274,394,586
"2021-05-13","SUMATERA SELATAN",99,15,84,0,11353,10289,478,586
"2021-05-14","SUMATERA SELATAN",67,16,48,3,11420,10305,526,589
"2021-05-15","SUMATERA SELATAN",74,11,60,3,11494,10316,586,592
"2021-05-16","SUMATERA SELATAN",77,97,-24,4,11571,10413,562,596
"2021-05-17","SUMATERA SELATAN",106,104,-2,4,11677,10517,560,600
"2021-05-18","SUMATERA SELATAN",68,70,-10,8,11745,10587,550,608
"2021-05-19","SUMATERA SELATAN",75,52,14,9,11820,10639,564,617
"2021-05-20","SUMATERA SELATAN",95,56,25,14,11915,10695,589,631
"2021-05-21","SUMATERA SELATAN",120,25,90,5,12035,10720,679,636
"2021-05-22","SUMATERA SELATAN",204,64,135,5,12239,10784,814,641
"2021-05-23","SUMATERA SELATAN",194,47,137,10,12433,10831,951,651
"2021-05-24","SUMATERA SELATAN",130,52,69,9,12563,10883,1020,660
"2021-05-25","SUMATERA SELATAN",129,79,40,10,12692,10962,1060,670
"2021-05-26","SUMATERA SELATAN",159,44,109,6,12851,11006,1169,676
"2021-05-27","SUMATERA SELATAN",0,97,-104,7,12851,11103,1065,683
"2021-05-28","SUMATERA SELATAN",0,70,-71,1,12851,11173,994,684
"2021-05-29","SUMATERA SELATAN",1,189,-192,4,12852,11362,802,688
"2021-05-30","SUMATERA SELATAN",0,77,-79,2,12852,11439,723,690
"2021-05-31","SUMATERA SELATAN",0,70,-71,1,12852,11509,652,691
"2021-06-01","SUMATERA SELATAN",0,70,-71,1,12852,11579,581,692
"2021-06-02","SUMATERA SELATAN",129,50,78,1,12981,11629,659,693
"2021-06-03","SUMATERA SELATAN",161,58,99,4,13142,11687,758,697
"2021-06-04","SUMATERA SELATAN",156,117,32,7,13298,11804,790,704
"2021-06-05","SUMATERA SELATAN",158,70,85,3,13456,11874,875,707
"2021-06-06","SUMATERA SELATAN",127,34,85,8,13583,11908,960,715
"2021-06-07","SUMATERA SELATAN",126,120,-3,9,13709,12028,957,724
"2021-06-08","SUMATERA SELATAN",122,82,36,4,13831,12110,993,728
"2021-06-09","SUMATERA SELATAN",152,94,50,8,13983,12204,1043,736
"2021-06-10","SUMATERA SELATAN",154,70,76,8,14137,12274,1119,744
"2021-06-11","SUMATERA SELATAN",0,67,-75,8,14137,12341,1044,752
"2021-06-12","SUMATERA SELATAN",0,61,-62,1,14137,12402,982,753
"2021-06-13","SUMATERA SELATAN",0,60,-62,2,14137,12462,920,755
"2021-06-14","SUMATERA SELATAN",0,200,-205,5,14137,12662,715,760
"2021-06-15","SUMATERA SELATAN",0,47,-47,0,14137,12709,668,760
"2021-06-16","SUMATERA SELATAN",0,84,-86,2,14137,12793,582,762
"2021-06-17","SUMATERA SELATAN",0,44,-45,1,14137,12837,537,763
"2021-06-18","SUMATERA SELATAN",0,86,-89,3,14137,12923,448,766
"2021-06-19","SUMATERA SELATAN",0,87,-87,0,14137,13010,361,766
"2021-06-20","SUMATERA SELATAN",0,63,-65,2,14137,13073,296,768
"2021-06-21","SUMATERA SELATAN",0,32,-32,0,14137,13105,264,768
"2021-06-22","SUMATERA SELATAN",151,27,124,0,14288,13132,388,768
"2021-06-23","SUMATERA SELATAN",115,29,85,1,14403,13161,473,769
"2021-06-24","SUMATERA SELATAN",144,12,125,7,14547,13173,598,776
"2021-06-25","SUMATERA SELATAN",202,40,151,11,14749,13213,749,787
"2021-06-26","SUMATERA SELATAN",0,19,-26,7,14749,13232,723,794
"2021-06-27","SUMATERA SELATAN",0,34,-37,3,14749,13266,686,797
"2021-06-28","SUMATERA SELATAN",0,98,-102,4,14749,13364,584,801
"2021-06-29","SUMATERA SELATAN",0,59,-61,2,14749,13423,523,803
"2021-06-30","SUMATERA SELATAN",0,26,-27,1,14749,13449,496,804
"2021-07-01","SUMATERA SELATAN",0,62,-65,3,14749,13511,431,807
"2021-07-02","SUMATERA SELATAN",0,27,-32,5,14749,13538,399,812
"2021-07-03","SUMATERA SELATAN",0,39,-39,0,14749,13577,360,812
"2021-07-04","SUMATERA SELATAN",244,93,149,2,14993,13670,509,814
"2021-07-05","SUMATERA SELATAN",172,20,148,4,15165,13690,657,818
"2021-07-06","SUMATERA SELATAN",255,28,220,7,15420,13718,877,825
"2021-07-07","SUMATERA SELATAN",358,47,298,13,15778,13765,1175,838
"2021-07-08","SUMATERA SELATAN",296,35,248,13,16074,13800,1423,851
"2021-07-09","SUMATERA SELATAN",341,82,256,3,16415,13882,1679,854
"2021-07-10","SUMATERA SELATAN",423,99,298,26,16838,13981,1977,880
"2021-07-11","SUMATERA SELATAN",388,122,255,11,17226,14103,2232,891
"2021-07-12","SUMATERA SELATAN",421,189,216,16,17647,14292,2448,907
"2021-07-13","SUMATERA SELATAN",378,99,271,8,18025,14391,2719,915
"2021-07-14","SUMATERA SELATAN",200,165,26,9,18225,14556,2745,924
"2021-07-15","SUMATERA SELATAN",260,172,84,4,18485,14728,2829,928
"2021-07-16","SUMATERA SELATAN",224,228,-12,8,18709,14956,2817,936
"2021-07-17","SUMATERA SELATAN",519,297,214,8,19228,15253,3031,944
"2021-07-18","SUMATERA SELATAN",541,217,315,9,19769,15470,3346,953
"2021-07-19","SUMATERA SELATAN",363,210,132,21,20132,15680,3478,974
"2021-07-20","SUMATERA SELATAN",575,98,473,4,20707,15778,3951,978
"2021-07-21","SUMATERA SELATAN",427,127,293,7,21134,15905,4244,985
"2021-07-22","SUMATERA SELATAN",758,128,621,9,21892,16033,4865,994
"2021-07-23","SUMATERA SELATAN",780,235,525,20,22672,16268,5390,1014
"2021-07-24","SUMATERA SELATAN",733,190,513,30,23405,16458,5903,1044
"2021-07-25","SUMATERA SELATAN",341,290,33,18,23746,16748,5936,1062
"2021-07-26","SUMATERA SELATAN",313,169,129,15,24059,16917,6065,1077
"2021-07-27","SUMATERA SELATAN",920,278,625,17,24979,17195,6690,1094
"2021-07-28","SUMATERA SELATAN",1104,390,680,34,26083,17585,7370,1128
"2021-07-29","SUMATERA SELATAN",1131,428,659,44,27214,18013,8029,1172
"2021-07-30","SUMATERA SELATAN",879,393,451,35,28093,18406,8480,1207
"2021-07-31","SUMATERA SELATAN",797,491,262,44,28890,18897,8742,1251
"2021-08-01","SUMATERA SELATAN",468,691,-262,39,29358,19588,8480,1290
"2021-08-02","SUMATERA SELATAN",150,305,-187,32,29508,19893,8293,1322
"2021-08-03","SUMATERA SELATAN",331,413,-102,20,29839,20306,8191,1342
"2021-08-04","SUMATERA SELATAN",166,458,-327,35,30005,20764,7864,1377
"2021-08-05","SUMATERA SELATAN",233,485,-282,30,30238,21249,7582,1407
"2021-08-06","SUMATERA SELATAN",214,573,-400,41,30452,21822,7182,1448
"2021-08-07","SUMATERA SELATAN",129,514,-402,17,30581,22336,6780,1465
"2021-08-08","SUMATERA SELATAN",158,445,-294,7,30739,22781,6486,1472
"2021-08-09","SUMATERA SELATAN",143,656,-520,7,30882,23437,5966,1479
"2021-08-10","SUMATERA SELATAN",587,412,164,11,31469,23849,6130,1490
"2021-08-11","SUMATERA SELATAN",500,544,-61,17,31969,24393,6069,1507
"2021-08-12","SUMATERA SELATAN",256,520,-280,16,32225,24913,5789,1523
"2021-08-13","SUMATERA SELATAN",654,385,256,13,32879,25298,6045,1536
"2021-08-14","SUMATERA SELATAN",346,473,-151,24,33225,25771,5894,1560
"2021-08-15","SUMATERA SELATAN",176,263,-103,16,33401,26034,5791,1576
"2021-08-16","SUMATERA SELATAN",207,271,-83,19,33608,26305,5708,1595
"2021-08-17","SUMATERA SELATAN",276,479,-228,25,33884,26784,5480,1620
"2021-08-18","SUMATERA SELATAN",85,308,-243,20,33969,27092,5237,1640
"2021-08-19","SUMATERA SELATAN",221,592,-388,17,34190,27684,4849,1657
"2021-08-20","SUMATERA SELATAN",202,308,-126,20,34392,27992,4723,1677
"2021-08-21","SUMATERA SELATAN",167,402,-247,12,34559,28394,4476,1689
"2021-08-22","SUMATERA SELATAN",137,759,-639,17,34696,29153,3837,1706
"2021-08-23","SUMATERA SELATAN",41,598,-579,22,34737,29751,3258,1728
"2021-08-24","SUMATERA SELATAN",41,342,-316,15,34778,30093,2942,1743
"2021-08-25","SUMATERA SELATAN",38,203,-175,10,34816,30296,2767,1753
"2021-08-26","SUMATERA SELATAN",49,381,-345,13,34865,30677,2422,1766
"2021-08-27","SUMATERA SELATAN",38,351,-322,9,34903,31028,2100,1775
"2021-08-28","SUMATERA SELATAN",36,223,-190,3,34939,31251,1910,1778
"2021-08-29","SUMATERA SELATAN",26,261,-248,13,34965,31512,1662,1791
"2021-08-30","SUMATERA SELATAN",17,398,-383,2,34982,31910,1279,1793
"2021-08-31","SUMATERA SELATAN",39,269,-236,6,35021,32179,1043,1799
"2021-09-01","SUMATERA SELATAN",43,75,-37,5,35064,32254,1006,1804
"2021-09-02","SUMATERA SELATAN",82,110,-35,7,35146,32364,971,1811
"2021-09-03","SUMATERA SELATAN",94,106,-17,5,35240,32470,954,1816
"2021-09-04","SUMATERA SELATAN",80,77,-1,4,35320,32547,953,1820
"2021-09-05","SUMATERA SELATAN",90,57,29,4,35410,32604,982,1824
"2021-09-06","SUMATERA SELATAN",56,63,-11,4,35466,32667,971,1828
"2021-09-07","SUMATERA SELATAN",105,85,14,6,35571,32752,985,1834
"2021-09-08","SUMATERA SELATAN",66,82,-24,8,35637,32834,961,1842
"2021-09-09","SUMATERA SELATAN",105,88,13,4,35742,32922,974,1846
"2021-09-10","SUMATERA SELATAN",80,128,-51,3,35822,33050,923,1849
"2021-09-11","SUMATERA SELATAN",78,107,-33,4,35900,33157,890,1853
"2021-09-12","SUMATERA SELATAN",56,128,-78,6,35956,33285,812,1859
"2021-09-13","SUMATERA SELATAN",69,88,-22,3,36025,33373,790,1862
"2021-09-14","SUMATERA SELATAN",61,75,-19,5,36086,33448,771,1867
"2021-09-15","SUMATERA SELATAN",43,79,-39,3,36129,33527,732,1870
"2021-09-16","SUMATERA SELATAN",38,53,-18,3,36167,33580,714,1873
"2021-09-17","SUMATERA SELATAN",42,51,-14,5,36209,33631,700,1878
"2021-09-18","SUMATERA SELATAN",55,54,-4,5,36264,33685,696,1883
"2021-09-19","SUMATERA SELATAN",25,68,-44,1,36289,33753,652,1884
"2021-09-20","SUMATERA SELATAN",20,82,-67,5,36309,33835,585,1889
"2021-09-21","SUMATERA SELATAN",48,59,-14,3,36357,33894,571,1892
"2021-09-22","SUMATERA SELATAN",23,34,-12,1,36380,33928,559,1893
"2021-09-23","SUMATERA SELATAN",23,55,-35,3,36403,33983,524,1896
"2021-09-24","SUMATERA SELATAN",28,39,-14,3,36431,34022,510,1899
"2021-09-25","SUMATERA SELATAN",11,73,-63,1,36442,34095,447,1900
"2021-09-26","SUMATERA SELATAN",3,76,-73,0,36445,34171,374,1900
"2021-09-27","SUMATERA SELATAN",1,31,-31,1,36446,34202,343,1901
"2021-09-28","SUMATERA SELATAN",3,45,-45,3,36449,34247,298,1904
"2021-09-29","SUMATERA SELATAN",9,42,-35,2,36458,34289,263,1906
"2021-09-30","SUMATERA SELATAN",15,34,-20,1,36473,34323,243,1907
"2021-10-01","SUMATERA SELATAN",9,9,-1,1,36482,34332,242,1908
"2021-10-02","SUMATERA SELATAN",5,9,-4,0,36487,34341,238,1908
"2021-10-03","SUMATERA SELATAN",5,19,-14,0,36492,34360,224,1908
"2021-10-04","SUMATERA SELATAN",5,18,-13,0,36497,34378,211,1908
"2021-10-05","SUMATERA SELATAN",22,21,0,1,36519,34399,211,1909
"2021-10-06","SUMATERA SELATAN",11,29,-19,1,36530,34428,192,1910
"2021-10-07","SUMATERA SELATAN",7,15,-8,0,36537,34443,184,1910
"2021-10-08","SUMATERA SELATAN",22,18,4,0,36559,34461,188,1910
"2021-10-09","SUMATERA SELATAN",10,12,-3,1,36569,34473,185,1911
"2021-10-10","SUMATERA SELATAN",4,13,-10,1,36573,34486,175,1912
"2021-10-11","SUMATERA SELATAN",4,11,-7,0,36577,34497,168,1912
"2021-10-12","SUMATERA SELATAN",6,8,-2,0,36583,34505,166,1912
"2021-10-13","SUMATERA SELATAN",8,10,-4,2,36591,34515,162,1914
"2021-10-14","SUMATERA SELATAN",9,21,-12,0,36600,34536,150,1914
"2021-10-15","SUMATERA SELATAN",13,20,-7,0,36613,34556,143,1914
"2021-10-16","SUMATERA SELATAN",8,3,5,0,36621,34559,148,1914
"2021-10-17","SUMATERA SELATAN",9,6,2,1,36630,34565,150,1915
"2021-10-18","SUMATERA SELATAN",4,6,-2,0,36634,34571,148,1915
"2021-10-19","SUMATERA SELATAN",6,5,0,1,36640,34576,148,1916
"2021-10-20","SUMATERA SELATAN",4,8,-4,0,36644,34584,144,1916
"2021-10-21","SUMATERA SELATAN",0,14,-14,0,36644,34598,130,1916
"2021-10-22","SUMATERA SELATAN",2,16,-15,1,36646,34614,115,1917
"2021-10-23","SUMATERA SELATAN",11,11,0,0,36657,34625,115,1917
"2021-10-24","SUMATERA SELATAN",7,4,1,2,36664,34629,116,1919
"2021-10-25","SUMATERA SELATAN",6,5,1,0,36670,34634,117,1919
"2021-10-26","SUMATERA SELATAN",4,45,-43,2,36674,34679,74,1921
"2021-10-27","SUMATERA SELATAN",9,7,2,0,36683,34686,76,1921
"2021-10-28","SUMATERA SELATAN",10,7,3,0,36693,34693,79,1921
"2021-10-29","SUMATERA SELATAN",2,18,-16,0,36695,34711,63,1921
"2021-10-30","SUMATERA SELATAN",2,6,-4,0,36697,34717,59,1921
"2021-10-31","SUMATERA SELATAN",2,2,0,0,36699,34719,59,1921
"2021-11-01","SUMATERA SELATAN",0,5,-5,0,36699,34724,54,1921
"2021-11-02","SUMATERA SELATAN",3,7,-4,0,36702,34731,50,1921
"2021-11-03","SUMATERA SELATAN",1,0,1,0,36703,34731,51,1921
"2021-11-04","SUMATERA SELATAN",4,3,1,0,36707,34734,52,1921
"2021-11-05","SUMATERA SELATAN",1,8,-7,0,36708,34742,45,1921
"2021-11-06","SUMATERA SELATAN",2,5,-3,0,36710,34747,42,1921
"2021-11-07","SUMATERA SELATAN",0,0,-1,1,36710,34747,41,1922
"2021-11-08","SUMATERA SELATAN",6,3,3,0,36716,34750,44,1922
"2021-11-09","SUMATERA SELATAN",4,2,2,0,36720,34752,46,1922
"2021-11-10","SUMATERA SELATAN",2,2,0,0,36722,34754,46,1922
"2021-11-11","SUMATERA SELATAN",3,1,2,0,36725,34755,48,1922
"2021-11-12","SUMATERA SELATAN",6,3,3,0,36731,34758,51,1922
"2021-11-13","SUMATERA SELATAN",0,1,-1,0,36731,34759,50,1922
"2021-11-14","SUMATERA SELATAN",2,2,0,0,36733,34761,50,1922
"2021-11-15","SUMATERA SELATAN",0,10,-11,1,36733,34771,39,1923
"2021-11-16","SUMATERA SELATAN",5,3,2,0,36738,34774,41,1923
"2021-11-17","SUMATERA SELATAN",2,4,-2,0,36740,34778,39,1923
"2021-11-18","SUMATERA SELATAN",4,3,1,0,36744,34781,40,1923
"2021-11-19","SUMATERA SELATAN",0,4,-4,0,36744,34785,36,1923
"2021-11-20","SUMATERA SELATAN",2,4,-2,0,36746,34789,34,1923
"2021-11-21","SUMATERA SELATAN",0,5,-5,0,36746,34794,29,1923
"2021-11-22","SUMATERA SELATAN",0,1,-1,0,36746,34795,28,1923
"2021-11-23","SUMATERA SELATAN",3,1,2,0,36749,34796,30,1923
"2021-11-24","SUMATERA SELATAN",4,2,2,0,36753,34798,32,1923
"2021-11-25","SUMATERA SELATAN",0,0,0,0,36753,34798,32,1923
"2021-11-26","SUMATERA SELATAN",0,0,0,0,36753,34798,32,1923
"2021-11-27","SUMATERA SELATAN",3,3,0,0,36756,34801,32,1923
"2021-11-28","SUMATERA SELATAN",2,1,1,0,36758,34802,33,1923
"2021-11-29","SUMATERA SELATAN",0,4,-5,1,36758,34806,28,1924
"2021-11-30","SUMATERA SELATAN",1,1,0,0,36759,34807,28,1924
"2021-12-01","SUMATERA SELATAN",1,2,-1,0,36760,34809,27,1924
"2021-12-02","SUMATERA SELATAN",4,4,0,0,36764,34813,27,1924
"2021-12-03","SUMATERA SELATAN",4,2,2,0,36768,34815,29,1924
"2021-12-04","SUMATERA SELATAN",1,0,1,0,36769,34815,30,1924
"2021-12-05","SUMATERA SELATAN",1,0,1,0,36770,34815,31,1924
"2021-12-06","SUMATERA SELATAN",1,1,0,0,36771,34816,31,1924
"2021-12-07","SUMATERA SELATAN",5,3,2,0,36776,34819,33,1924
"2021-12-08","SUMATERA SELATAN",3,0,3,0,36779,34819,36,1924
"2021-12-09","SUMATERA SELATAN",1,1,0,0,36780,34820,36,1924
"2021-12-10","SUMATERA SELATAN",4,0,4,0,36784,34820,40,1924
"2021-12-11","SUMATERA SELATAN",2,4,-2,0,36786,34824,38,1924
"2021-12-12","SUMATERA SELATAN",0,2,-2,0,36786,34826,36,1924
"2021-12-13","SUMATERA SELATAN",2,2,0,0,36788,34828,36,1924
"2021-12-14","SUMATERA SELATAN",5,4,0,1,36793,34832,36,1925
"2021-12-15","SUMATERA SELATAN",1,1,0,0,36794,34833,36,1925
"2021-12-16","SUMATERA SELATAN",5,0,5,0,36799,34833,41,1925
"2021-12-17","SUMATERA SELATAN",0,4,-5,1,36799,34837,36,1926
"2021-12-18","SUMATERA SELATAN",1,2,-4,3,36800,34839,32,1929
"2021-12-19","SUMATERA SELATAN",0,2,-2,0,36800,34841,30,1929
"2021-12-20","SUMATERA SELATAN",0,3,-3,0,36800,34844,27,1929
"2021-12-21","SUMATERA SELATAN",2,2,0,0,36802,34846,27,1929
"2021-12-22","SUMATERA SELATAN",0,4,-4,0,36802,34850,23,1929
"2021-12-23","SUMATERA SELATAN",1,2,-1,0,36803,34852,22,1929
"2021-12-24","SUMATERA SELATAN",2,2,0,0,36805,34854,22,1929
"2021-12-25","SUMATERA SELATAN",2,5,-3,0,36807,34859,19,1929
"2021-12-26","SUMATERA SELATAN",0,5,-5,0,36807,34864,14,1929
"2021-12-27","SUMATERA SELATAN",0,0,0,0,36807,34864,14,1929
"2021-12-28","SUMATERA SELATAN",4,1,3,0,36811,34865,17,1929
"2021-12-29","SUMATERA SELATAN",0,0,0,0,36811,34865,17,1929
"2021-12-30","SUMATERA SELATAN",1,2,-1,0,36812,34867,16,1929
"2021-12-31","SUMATERA SELATAN",0,2,-2,0,36812,34869,14,1929
"2022-01-01","SUMATERA SELATAN",0,4,-4,0,36812,34873,10,1929
"2022-01-02","SUMATERA SELATAN",1,0,1,0,36813,34873,11,1929
"2022-01-03","SUMATERA SELATAN",1,0,1,0,36814,34873,12,1929
"2022-01-04","SUMATERA SELATAN",1,1,0,0,36815,34874,12,1929
"2022-01-05","SUMATERA SELATAN",0,4,-4,0,36815,34878,8,1929
"2022-01-06","SUMATERA SELATAN",1,0,1,0,36816,34878,9,1929
"2022-01-07","SUMATERA SELATAN",0,0,0,0,36816,34878,9,1929
"2022-01-08","SUMATERA SELATAN",0,0,0,0,36816,34878,9,1929
"2022-01-09","SUMATERA SELATAN",1,1,0,0,36817,34879,9,1929
"2022-01-10","SUMATERA SELATAN",1,0,1,0,36818,34879,10,1929
"2022-01-11","SUMATERA SELATAN",4,0,4,0,36822,34879,14,1929
"2022-01-12","SUMATERA SELATAN",1,2,-1,0,36823,34881,13,1929
"2022-01-13","SUMATERA SELATAN",2,0,2,0,36825,34881,15,1929
"2022-01-14","SUMATERA SELATAN",0,0,0,0,36825,34881,15,1929
"2022-01-15","SUMATERA SELATAN",1,1,0,0,36826,34882,15,1929
"2022-01-16","SUMATERA SELATAN",1,0,1,0,36827,34882,16,1929
"2022-01-17","SUMATERA SELATAN",0,0,0,0,36827,34882,16,1929
"2022-01-18","SUMATERA SELATAN",6,0,6,0,36833,34882,22,1929
"2022-01-19","SUMATERA SELATAN",1,0,1,0,36834,34882,23,1929
"2022-01-20","SUMATERA SELATAN",3,0,3,0,36837,34882,26,1929
"2022-01-21","SUMATERA SELATAN",2,0,2,0,36839,34882,28,1929
"2022-01-22","SUMATERA SELATAN",4,3,1,0,36843,34885,29,1929
"2022-01-23","SUMATERA SELATAN",1,2,-2,1,36844,34887,27,1930
"2022-01-24","SUMATERA SELATAN",6,2,4,0,36850,34889,31,1930
"2022-01-25","SUMATERA SELATAN",5,6,-2,1,36855,34895,29,1931
"2022-01-26","SUMATERA SELATAN",11,1,10,0,36866,34896,39,1931
"2022-01-27","SUMATERA SELATAN",10,1,9,0,36876,34897,48,1931
"2022-01-28","SUMATERA SELATAN",11,1,10,0,36887,34898,58,1931
"2022-01-29","SUMATERA SELATAN",14,0,14,0,36901,34898,72,1931
"2022-01-30","SUMATERA SELATAN",26,1,25,0,36927,34899,97,1931
"2022-01-31","SUMATERA SELATAN",41,6,35,0,36968,34905,132,1931
"2022-02-01","SUMATERA SELATAN",65,0,65,0,37033,34905,197,1931
"2022-02-02","SUMATERA SELATAN",32,3,29,0,37065,34908,226,1931
"2022-02-03","SUMATERA SELATAN",112,6,106,0,37177,34914,332,1931
"2022-02-04","SUMATERA SELATAN",116,3,113,0,37293,34917,445,1931
"2022-02-05","SUMATERA SELATAN",183,12,171,0,37476,34929,616,1931
"2022-02-06","SUMATERA SELATAN",155,26,129,0,37631,34955,745,1931
"2022-02-07","SUMATERA SELATAN",121,23,95,3,37752,34978,840,1934
"2022-02-08","SUMATERA SELATAN",361,25,336,0,38113,35003,1176,1934
"2022-02-09","SUMATERA SELATAN",305,37,268,0,38418,35040,1444,1934
"2022-02-10","SUMATERA SELATAN",395,23,372,0,38813,35063,1816,1934
"2022-02-11","SUMATERA SELATAN",445,34,411,0,39258,35097,2227,1934
"2022-02-12","SUMATERA SELATAN",639,30,609,0,39897,35127,2836,1934
"2022-02-13","SUMATERA SELATAN",645,73,570,2,40542,35200,3406,1936
"2022-02-14","SUMATERA SELATAN",480,78,399,3,41022,35278,3805,1939
"2022-02-15","SUMATERA SELATAN",1095,89,1006,0,42117,35367,4811,1939
"2022-02-16","SUMATERA SELATAN",1043,95,943,5,43160,35462,5754,1944
"2022-02-17","SUMATERA SELATAN",1291,124,1163,4,44451,35586,6917,1948
"2022-02-18","SUMATERA SELATAN",974,147,823,4,45425,35733,7740,1952
"2022-02-19","SUMATERA SELATAN",1042,216,823,3,46467,35949,8563,1955
"2022-02-20","SUMATERA SELATAN",711,342,364,5,47178,36291,8927,1960
"2022-02-21","SUMATERA SELATAN",469,349,109,11,47647,36640,9036,1971
"2022-02-22","SUMATERA SELATAN",1166,368,789,9,48813,37008,9825,1980
"2022-02-23","SUMATERA SELATAN",1193,322,864,7,50006,37330,10689,1987
"2022-02-24","SUMATERA SELATAN",963,492,464,7,50969,37822,11153,1994
"2022-02-25","SUMATERA SELATAN",765,571,190,4,51734,38393,11343,1998
"2022-02-26","SUMATERA SELATAN",832,710,116,6,52566,39103,11459,2004
"2022-02-27","SUMATERA SELATAN",587,622,-40,5,53153,39725,11419,2009
"2022-02-28","SUMATERA SELATAN",113,682,-574,5,53266,40407,10845,2014
"2022-03-01","SUMATERA SELATAN",313,648,-340,5,53579,41055,10505,2019
"2022-03-02","SUMATERA SELATAN",487,729,-248,6,54066,41784,10257,2025
"2022-03-03","SUMATERA SELATAN",452,797,-354,9,54518,42581,9903,2034
"2022-03-04","SUMATERA SELATAN",271,507,-245,9,54789,43088,9658,2043
"2022-03-05","SUMATERA SELATAN",326,987,-665,4,55115,44075,8993,2047
"2022-03-06","SUMATERA SELATAN",217,914,-709,12,55332,44989,8284,2059
"2022-03-07","SUMATERA SELATAN",98,691,-600,7,55430,45680,7684,2066
"2020-08-06","BENGKULU",1,0,1,0,1,0,1,0
"2020-08-07","BENGKULU",0,0,0,0,1,0,1,0
"2020-08-08","BENGKULU",3,0,3,0,4,0,4,0
"2020-08-09","BENGKULU",9,0,9,0,13,0,13,0
"2020-08-10","BENGKULU",1,0,0,1,14,0,13,1
"2020-08-11","BENGKULU",5,0,5,0,19,0,18,1
"2020-08-12","BENGKULU",2,0,0,2,21,0,18,3
"2020-08-13","BENGKULU",4,0,4,0,25,0,22,3
"2020-08-14","BENGKULU",10,0,10,0,35,0,32,3
"2020-08-15","BENGKULU",3,0,3,0,38,0,35,3
"2020-08-16","BENGKULU",2,0,2,0,40,0,37,3
"2020-08-17","BENGKULU",0,0,0,0,40,0,37,3
"2020-08-18","BENGKULU",1,0,1,0,41,0,38,3
"2020-08-19","BENGKULU",6,0,6,0,47,0,44,3
"2020-08-20","BENGKULU",0,1,-1,0,47,1,43,3
"2020-08-21","BENGKULU",1,0,1,0,48,1,44,3
"2020-08-22","BENGKULU",1,0,1,0,49,1,45,3
"2020-08-23","BENGKULU",0,1,-1,0,49,2,44,3
"2020-08-24","BENGKULU",1,1,0,0,50,3,44,3
"2020-08-25","BENGKULU",11,0,11,0,61,3,55,3
"2020-08-26","BENGKULU",3,2,1,0,64,5,56,3
"2020-08-27","BENGKULU",2,0,1,1,66,5,57,4
"2020-08-28","BENGKULU",24,1,23,0,90,6,80,4
"2020-08-29","BENGKULU",3,0,3,0,93,6,83,4
"2020-08-30","BENGKULU",11,5,6,0,104,11,89,4
"2020-08-31","BENGKULU",0,4,-4,0,104,15,85,4
"2020-09-01","BENGKULU",6,0,6,0,110,15,91,4
"2020-09-02","BENGKULU",4,0,4,0,114,15,95,4
"2020-09-03","BENGKULU",8,0,8,0,122,15,103,4
"2020-09-04","BENGKULU",3,0,3,0,125,15,106,4
"2020-09-05","BENGKULU",5,0,4,1,130,15,110,5
"2020-09-06","BENGKULU",22,0,22,0,152,15,132,5
"2020-09-07","BENGKULU",0,10,-10,0,152,25,122,5
"2020-09-08","BENGKULU",3,0,3,0,155,25,125,5
"2020-09-09","BENGKULU",3,5,-2,0,158,30,123,5
"2020-09-10","BENGKULU",3,8,-6,1,161,38,117,6
"2020-09-11","BENGKULU",30,0,29,1,191,38,146,7
"2020-09-12","BENGKULU",28,0,26,2,219,38,172,9
"2020-09-13","BENGKULU",8,0,8,0,227,38,180,9
"2020-09-14","BENGKULU",1,0,1,0,228,38,181,9
"2020-09-15","BENGKULU",9,15,-6,0,237,53,175,9
"2020-09-16","BENGKULU",4,13,-9,0,241,66,166,9
"2020-09-17","BENGKULU",30,18,12,0,271,84,178,9
"2020-09-18","BENGKULU",13,4,9,0,284,88,187,9
"2020-09-19","BENGKULU",7,1,5,1,291,89,192,10
"2020-09-20","BENGKULU",6,0,6,0,297,89,198,10
"2020-09-21","BENGKULU",0,27,-27,0,297,116,171,10
"2020-09-22","BENGKULU",5,1,4,0,302,117,175,10
"2020-09-23","BENGKULU",31,18,13,0,333,135,188,10
"2020-09-24","BENGKULU",7,14,-7,0,340,149,181,10
"2020-09-25","BENGKULU",11,12,-2,1,351,161,179,11
"2020-09-26","BENGKULU",10,12,-4,2,361,173,175,13
"2020-09-27","BENGKULU",45,11,34,0,406,184,209,13
"2020-09-28","BENGKULU",2,0,2,0,408,184,211,13
"2020-09-29","BENGKULU",18,19,-1,0,426,203,210,13
"2020-09-30","BENGKULU",28,20,8,0,454,223,218,13
"2020-10-01","BENGKULU",20,15,3,2,474,238,221,15
"2020-10-02","BENGKULU",9,10,-2,1,483,248,219,16
"2020-10-03","BENGKULU",0,0,0,0,483,248,219,16
"2020-10-04","BENGKULU",0,6,-6,0,483,254,213,16
"2020-10-05","BENGKULU",24,29,-5,0,507,283,208,16
"2020-10-06","BENGKULU",6,30,-24,0,513,313,184,16
"2020-10-07","BENGKULU",4,20,-16,0,517,333,168,16
"2020-10-08","BENGKULU",12,20,-8,0,529,353,160,16
"2020-10-09","BENGKULU",11,14,-4,1,540,367,156,17
"2020-10-10","BENGKULU",11,25,-14,0,551,392,142,17
"2020-10-11","BENGKULU",7,30,-24,1,558,422,118,18
"2020-10-12","BENGKULU",1,30,-29,0,559,452,89,18
"2020-10-13","BENGKULU",3,0,3,0,562,452,92,18
"2020-10-14","BENGKULU",18,14,4,0,580,466,96,18
"2020-10-15","BENGKULU",7,0,7,0,587,466,103,18
"2020-10-16","BENGKULU",7,15,-9,1,594,481,94,19
"2020-10-17","BENGKULU",23,2,18,3,617,483,112,22
"2020-10-18","BENGKULU",15,20,-6,1,632,503,106,23
"2020-10-19","BENGKULU",3,0,3,0,635,503,109,23
"2020-10-20","BENGKULU",35,6,28,1,670,509,137,24
"2020-10-21","BENGKULU",2,0,2,0,672,509,139,24
"2020-10-22","BENGKULU",11,20,-10,1,683,529,129,25
"2020-10-23","BENGKULU",0,13,-13,0,683,542,116,25
"2020-10-24","BENGKULU",0,0,0,0,683,542,116,25
"2020-10-25","BENGKULU",26,5,20,1,709,547,136,26
"2020-10-26","BENGKULU",0,5,-5,0,709,552,131,26
"2020-10-27","BENGKULU",22,10,12,0,731,562,143,26
"2020-10-28","BENGKULU",23,0,23,0,754,562,166,26
"2020-10-29","BENGKULU",9,5,4,0,763,567,170,26
"2020-10-30","BENGKULU",32,10,22,0,795,577,192,26
"2020-10-31","BENGKULU",0,0,0,0,795,577,192,26
"2020-11-01","BENGKULU",1,0,1,0,796,577,193,26
"2020-11-02","BENGKULU",5,15,-13,3,801,592,180,29
"2020-11-03","BENGKULU",12,5,5,2,813,597,185,31
"2020-11-04","BENGKULU",18,13,5,0,831,610,190,31
"2020-11-05","BENGKULU",23,27,-4,0,854,637,186,31
"2020-11-06","BENGKULU",17,5,12,0,871,642,198,31
"2020-11-07","BENGKULU",40,8,30,2,911,650,228,33
"2020-11-08","BENGKULU",38,22,16,0,949,672,244,33
"2020-11-09","BENGKULU",4,20,-18,2,953,692,226,35
"2020-11-10","BENGKULU",24,27,-3,0,977,719,223,35
"2020-11-11","BENGKULU",18,16,2,0,995,735,225,35
"2020-11-12","BENGKULU",13,11,2,0,1008,746,227,35
"2020-11-13","BENGKULU",61,15,45,1,1069,761,272,36
"2020-11-14","BENGKULU",37,22,14,1,1106,783,286,37
"2020-11-15","BENGKULU",11,13,-4,2,1117,796,282,39
"2020-11-16","BENGKULU",2,4,-2,0,1119,800,280,39
"2020-11-17","BENGKULU",14,25,-12,1,1133,825,268,40
"2020-11-18","BENGKULU",21,20,0,1,1154,845,268,41
"2020-11-19","BENGKULU",21,15,4,2,1175,860,272,43
"2020-11-20","BENGKULU",15,41,-26,0,1190,901,246,43
"2020-11-21","BENGKULU",62,15,47,0,1252,916,293,43
"2020-11-22","BENGKULU",31,25,5,1,1283,941,298,44
"2020-11-23","BENGKULU",5,43,-42,4,1288,984,256,48
"2020-11-24","BENGKULU",13,19,-6,0,1301,1003,250,48
"2020-11-25","BENGKULU",48,20,27,1,1349,1023,277,49
"2020-11-26","BENGKULU",30,23,6,1,1379,1046,283,50
"2020-11-27","BENGKULU",42,25,16,1,1421,1071,299,51
"2020-11-28","BENGKULU",43,30,10,3,1464,1101,309,54
"2020-11-29","BENGKULU",71,35,36,0,1535,1136,345,54
"2020-11-30","BENGKULU",2,32,-30,0,1537,1168,315,54
"2020-12-01","BENGKULU",19,18,0,1,1556,1186,315,55
"2020-12-02","BENGKULU",0,29,-29,0,1556,1215,286,55
"2020-12-03","BENGKULU",0,1,-2,1,1556,1216,284,56
"2020-12-04","BENGKULU",90,30,57,3,1646,1246,341,59
"2020-12-05","BENGKULU",35,39,-6,2,1681,1285,335,61
"2020-12-06","BENGKULU",60,38,21,1,1741,1323,356,62
"2020-12-07","BENGKULU",11,26,-16,1,1752,1349,340,63
"2020-12-08","BENGKULU",65,29,36,0,1817,1378,376,63
"2020-12-09","BENGKULU",8,0,6,2,1825,1378,382,65
"2020-12-10","BENGKULU",62,19,43,0,1887,1397,425,65
"2020-12-11","BENGKULU",50,29,20,1,1937,1426,445,66
"2020-12-12","BENGKULU",90,20,69,1,2027,1446,514,67
"2020-12-13","BENGKULU",51,15,35,1,2078,1461,549,68
"2020-12-14","BENGKULU",28,23,2,3,2106,1484,551,71
"2020-12-15","BENGKULU",80,18,59,3,2186,1502,610,74
"2020-12-16","BENGKULU",0,0,0,0,2186,1502,610,74
"2020-12-17","BENGKULU",0,28,-28,0,2186,1530,582,74
"2020-12-18","BENGKULU",0,49,-49,0,2186,1579,533,74
"2020-12-19","BENGKULU",0,54,-55,1,2186,1633,478,75
"2020-12-20","BENGKULU",0,46,-47,1,2186,1679,431,76
"2020-12-21","BENGKULU",0,57,-57,0,2186,1736,374,76
"2020-12-22","BENGKULU",0,1,-1,0,2186,1737,373,76
"2020-12-23","BENGKULU",0,28,-28,0,2186,1765,345,76
"2020-12-24","BENGKULU",60,50,10,0,2246,1815,355,76
"2020-12-25","BENGKULU",109,59,50,0,2355,1874,405,76
"2020-12-26","BENGKULU",2,3,-1,0,2357,1877,404,76
"2020-12-27","BENGKULU",100,61,39,0,2457,1938,443,76
"2020-12-28","BENGKULU",20,50,-30,0,2477,1988,413,76
"2020-12-29","BENGKULU",17,63,-47,1,2494,2051,366,77
"2020-12-30","BENGKULU",40,0,40,0,2534,2051,406,77
"2020-12-31","BENGKULU",72,53,18,1,2606,2104,424,78
"2021-01-01","BENGKULU",68,0,66,2,2674,2104,490,80
"2021-01-02","BENGKULU",19,0,19,0,2693,2104,509,80
"2021-01-03","BENGKULU",0,0,0,0,2693,2104,509,80
"2021-01-04","BENGKULU",0,2,-2,0,2693,2106,507,80
"2021-01-05","BENGKULU",0,10,-10,0,2693,2116,497,80
"2021-01-06","BENGKULU",0,1,-1,0,2693,2117,496,80
"2021-01-07","BENGKULU",0,43,-43,0,2693,2160,453,80
"2021-01-08","BENGKULU",0,62,-62,0,2693,2222,391,80
"2021-01-09","BENGKULU",0,91,-91,0,2693,2313,300,80
"2021-01-10","BENGKULU",0,96,-96,0,2693,2409,204,80
"2021-01-11","BENGKULU",0,95,-95,0,2693,2504,109,80
"2021-01-12","BENGKULU",0,71,-71,0,2693,2575,38,80
"2021-01-13","BENGKULU",51,29,22,0,2744,2604,60,80
"2021-01-14","BENGKULU",17,0,17,0,2761,2604,77,80
"2021-01-15","BENGKULU",27,0,27,0,2788,2604,104,80
"2021-01-16","BENGKULU",35,0,35,0,2823,2604,139,80
"2021-01-17","BENGKULU",40,0,40,0,2863,2604,179,80
"2021-01-18","BENGKULU",2,0,1,1,2865,2604,180,81
"2021-01-19","BENGKULU",0,2,-2,0,2865,2606,178,81
"2021-01-20","BENGKULU",0,0,-1,1,2865,2606,177,82
"2021-01-21","BENGKULU",0,0,0,0,2865,2606,177,82
"2021-01-22","BENGKULU",0,31,-31,0,2865,2637,146,82
"2021-01-23","BENGKULU",0,32,-32,0,2865,2669,114,82
"2021-01-24","BENGKULU",0,31,-31,0,2865,2700,83,82
"2021-01-25","BENGKULU",0,30,-31,1,2865,2730,52,83
"2021-01-26","BENGKULU",0,25,-25,0,2865,2755,27,83
"2021-01-27","BENGKULU",0,18,-18,0,2865,2773,9,83
"2021-01-28","BENGKULU",0,3,-3,0,2865,2776,6,83
"2021-01-29","BENGKULU",0,0,0,0,2865,2776,6,83
"2021-01-30","BENGKULU",0,0,0,0,2865,2776,6,83
"2021-01-31","BENGKULU",0,1,-1,0,2865,2777,5,83
"2021-02-01","BENGKULU",0,0,0,0,2865,2777,5,83
"2021-02-02","BENGKULU",13,0,13,0,2878,2777,18,83
"2021-02-03","BENGKULU",12,0,12,0,2890,2777,30,83
"2021-02-04","BENGKULU",13,0,13,0,2903,2777,43,83
"2021-02-05","BENGKULU",6,0,5,1,2909,2777,48,84
"2021-02-06","BENGKULU",6,0,6,0,2915,2777,54,84
"2021-02-07","BENGKULU",8,0,7,1,2923,2777,61,85
"2021-02-08","BENGKULU",0,0,0,0,2923,2777,61,85
"2021-02-09","BENGKULU",0,0,0,0,2923,2777,61,85
"2021-02-10","BENGKULU",0,0,0,0,2923,2777,61,85
"2021-02-11","BENGKULU",0,0,0,0,2923,2777,61,85
"2021-02-12","BENGKULU",0,5,-5,0,2923,2782,56,85
"2021-02-13","BENGKULU",0,0,0,0,2923,2782,56,85
"2021-02-14","BENGKULU",0,9,-9,0,2923,2791,47,85
"2021-02-15","BENGKULU",0,15,-15,0,2923,2806,32,85
"2021-02-16","BENGKULU",0,0,0,0,2923,2806,32,85
"2021-02-17","BENGKULU",0,0,0,0,2923,2806,32,85
"2021-02-18","BENGKULU",0,0,0,0,2923,2806,32,85
"2021-02-19","BENGKULU",0,0,0,0,2923,2806,32,85
"2021-02-20","BENGKULU",0,0,0,0,2923,2806,32,85
"2021-02-21","BENGKULU",0,26,-26,0,2923,2832,6,85
"2021-02-22","BENGKULU",22,1,21,0,2945,2833,27,85
"2021-02-23","BENGKULU",42,0,42,0,2987,2833,69,85
"2021-02-24","BENGKULU",16,0,16,0,3003,2833,85,85
"2021-02-25","BENGKULU",11,0,11,0,3014,2833,96,85
"2021-02-26","BENGKULU",20,0,20,0,3034,2833,116,85
"2021-02-27","BENGKULU",13,0,13,0,3047,2833,129,85
"2021-02-28","BENGKULU",6,0,6,0,3053,2833,135,85
"2021-03-01","BENGKULU",3,0,3,0,3056,2833,138,85
"2021-03-02","BENGKULU",0,0,0,0,3056,2833,138,85
"2021-03-03","BENGKULU",0,0,0,0,3056,2833,138,85
"2021-03-04","BENGKULU",0,0,0,0,3056,2833,138,85
"2021-03-05","BENGKULU",0,0,0,0,3056,2833,138,85
"2021-03-06","BENGKULU",0,0,0,0,3056,2833,138,85
"2021-03-07","BENGKULU",0,9,-9,0,3056,2842,129,85
"2021-03-08","BENGKULU",0,12,-13,1,3056,2854,116,86
"2021-03-09","BENGKULU",0,9,-9,0,3056,2863,107,86
"2021-03-10","BENGKULU",1,10,-9,0,3057,2873,98,86
"2021-03-11","BENGKULU",0,15,-15,0,3057,2888,83,86
"2021-03-12","BENGKULU",0,13,-13,0,3057,2901,70,86
"2021-03-13","BENGKULU",0,10,-10,0,3057,2911,60,86
"2021-03-14","BENGKULU",20,13,7,0,3077,2924,67,86
"2021-03-15","BENGKULU",9,20,-11,0,3086,2944,56,86
"2021-03-16","BENGKULU",15,15,0,0,3101,2959,56,86
"2021-03-17","BENGKULU",35,6,29,0,3136,2965,85,86
"2021-03-18","BENGKULU",8,0,7,1,3144,2965,92,87
"2021-03-19","BENGKULU",20,0,19,1,3164,2965,111,88
"2021-03-20","BENGKULU",10,0,10,0,3174,2965,121,88
"2021-03-21","BENGKULU",13,0,13,0,3187,2965,134,88
"2021-03-22","BENGKULU",3,0,3,0,3190,2965,137,88
"2021-03-23","BENGKULU",35,0,35,0,3225,2965,172,88
"2021-03-24","BENGKULU",24,0,24,0,3249,2965,196,88
"2021-03-25","BENGKULU",0,0,0,0,3249,2965,196,88
"2021-03-26","BENGKULU",0,0,-1,1,3249,2965,195,89
"2021-03-27","BENGKULU",0,0,0,0,3249,2965,195,89
"2021-03-28","BENGKULU",0,0,0,0,3249,2965,195,89
"2021-03-29","BENGKULU",0,16,-16,0,3249,2981,179,89
"2021-03-30","BENGKULU",0,18,-18,0,3249,2999,161,89
"2021-03-31","BENGKULU",0,17,-17,0,3249,3016,144,89
"2021-04-01","BENGKULU",0,18,-18,0,3249,3034,126,89
"2021-04-02","BENGKULU",0,15,-15,0,3249,3049,111,89
"2021-04-03","BENGKULU",6,15,-9,0,3255,3064,102,89
"2021-04-04","BENGKULU",38,0,38,0,3293,3064,140,89
"2021-04-05","BENGKULU",14,40,-26,0,3307,3104,114,89
"2021-04-06","BENGKULU",28,18,9,1,3335,3122,123,90
"2021-04-07","BENGKULU",42,20,22,0,3377,3142,145,90
"2021-04-08","BENGKULU",68,12,56,0,3445,3154,201,90
"2021-04-09","BENGKULU",47,0,47,0,3492,3154,248,90
"2021-04-10","BENGKULU",16,0,16,0,3508,3154,264,90
"2021-04-11","BENGKULU",45,0,45,0,3553,3154,309,90
"2021-04-12","BENGKULU",6,0,4,2,3559,3154,313,92
"2021-04-13","BENGKULU",25,0,25,0,3584,3154,338,92
"2021-04-14","BENGKULU",15,0,15,0,3599,3154,353,92
"2021-04-15","BENGKULU",0,6,-8,2,3599,3160,345,94
"2021-04-16","BENGKULU",0,30,-30,0,3599,3190,315,94
"2021-04-17","BENGKULU",0,29,-29,0,3599,3219,286,94
"2021-04-18","BENGKULU",0,35,-36,1,3599,3254,250,95
"2021-04-19","BENGKULU",0,34,-35,1,3599,3288,215,96
"2021-04-20","BENGKULU",0,31,-31,0,3599,3319,184,96
"2021-04-21","BENGKULU",0,40,-41,1,3599,3359,143,97
"2021-04-22","BENGKULU",0,21,-21,0,3599,3380,122,97
"2021-04-23","BENGKULU",90,31,59,0,3689,3411,181,97
"2021-04-24","BENGKULU",40,25,15,0,3729,3436,196,97
"2021-04-25","BENGKULU",114,51,63,0,3843,3487,259,97
"2021-04-26","BENGKULU",42,3,37,2,3885,3490,296,99
"2021-04-27","BENGKULU",70,0,70,0,3955,3490,366,99
"2021-04-28","BENGKULU",65,0,65,0,4020,3490,431,99
"2021-04-29","BENGKULU",44,0,44,0,4064,3490,475,99
"2021-04-30","BENGKULU",43,1,42,0,4107,3491,517,99
"2021-05-01","BENGKULU",102,0,102,0,4209,3491,619,99
"2021-05-02","BENGKULU",75,0,74,1,4284,3491,693,100
"2021-05-03","BENGKULU",7,0,6,1,4291,3491,699,101
"2021-05-04","BENGKULU",54,0,54,0,4345,3491,753,101
"2021-05-05","BENGKULU",0,0,0,0,4345,3491,753,101
"2021-05-06","BENGKULU",0,0,0,0,4345,3491,753,101
"2021-05-07","BENGKULU",0,18,-18,0,4345,3509,735,101
"2021-05-08","BENGKULU",0,46,-46,0,4345,3555,689,101
"2021-05-09","BENGKULU",0,61,-61,0,4345,3616,628,101
"2021-05-10","BENGKULU",0,53,-53,0,4345,3669,575,101
"2021-05-11","BENGKULU",0,40,-40,0,4345,3709,535,101
"2021-05-12","BENGKULU",0,51,-51,0,4345,3760,484,101
"2021-05-13","BENGKULU",35,61,-26,0,4380,3821,458,101
"2021-05-14","BENGKULU",29,40,-11,0,4409,3861,447,101
"2021-05-15","BENGKULU",4,52,-48,0,4413,3913,399,101
"2021-05-16","BENGKULU",8,35,-27,0,4421,3948,372,101
"2021-05-17","BENGKULU",4,17,-13,0,4425,3965,359,101
"2021-05-18","BENGKULU",26,51,-25,0,4451,4016,334,101
"2021-05-19","BENGKULU",35,0,35,0,4486,4016,369,101
"2021-05-20","BENGKULU",37,0,37,0,4523,4016,406,101
"2021-05-21","BENGKULU",80,56,24,0,4603,4072,430,101
"2021-05-22","BENGKULU",60,50,10,0,4663,4122,440,101
"2021-05-23","BENGKULU",70,51,19,0,4733,4173,459,101
"2021-05-24","BENGKULU",8,24,-17,1,4741,4197,442,102
"2021-05-25","BENGKULU",30,37,-8,1,4771,4234,434,103
"2021-05-26","BENGKULU",27,0,27,0,4798,4234,461,103
"2021-05-27","BENGKULU",0,0,0,0,4798,4234,461,103
"2021-05-28","BENGKULU",0,0,0,0,4798,4234,461,103
"2021-05-29","BENGKULU",0,3,-4,1,4798,4237,457,104
"2021-05-30","BENGKULU",0,2,-2,0,4798,4239,455,104
"2021-05-31","BENGKULU",0,0,0,0,4798,4239,455,104
"2021-06-01","BENGKULU",0,17,-17,0,4798,4256,438,104
"2021-06-02","BENGKULU",13,30,-17,0,4811,4286,421,104
"2021-06-03","BENGKULU",30,36,-6,0,4841,4322,415,104
"2021-06-04","BENGKULU",67,55,11,1,4908,4377,426,105
"2021-06-05","BENGKULU",53,0,53,0,4961,4377,479,105
"2021-06-06","BENGKULU",63,46,17,0,5024,4423,496,105
"2021-06-07","BENGKULU",35,54,-19,0,5059,4477,477,105
"2021-06-08","BENGKULU",26,64,-38,0,5085,4541,439,105
"2021-06-09","BENGKULU",24,74,-50,0,5109,4615,389,105
"2021-06-10","BENGKULU",33,34,-1,0,5142,4649,388,105
"2021-06-11","BENGKULU",0,34,-35,1,5142,4683,353,106
"2021-06-12","BENGKULU",0,0,0,0,5142,4683,353,106
"2021-06-13","BENGKULU",0,0,-1,1,5142,4683,352,107
"2021-06-14","BENGKULU",0,1,-1,0,5142,4684,351,107
"2021-06-15","BENGKULU",0,12,-13,1,5142,4696,338,108
"2021-06-16","BENGKULU",0,5,-5,0,5142,4701,333,108
"2021-06-17","BENGKULU",0,0,0,0,5142,4701,333,108
"2021-06-18","BENGKULU",0,26,-26,0,5142,4727,307,108
"2021-06-19","BENGKULU",0,64,-64,0,5142,4791,243,108
"2021-06-20","BENGKULU",0,72,-72,0,5142,4863,171,108
"2021-06-21","BENGKULU",0,65,-65,0,5142,4928,106,108
"2021-06-22","BENGKULU",101,0,101,0,5243,4928,207,108
"2021-06-23","BENGKULU",106,95,11,0,5349,5023,218,108
"2021-06-24","BENGKULU",141,0,141,0,5490,5023,359,108
"2021-06-25","BENGKULU",196,0,195,1,5686,5023,554,109
"2021-06-26","BENGKULU",0,0,0,0,5686,5023,554,109
"2021-06-27","BENGKULU",0,0,0,0,5686,5023,554,109
"2021-06-28","BENGKULU",0,1,-1,0,5686,5024,553,109
"2021-06-29","BENGKULU",0,0,0,0,5686,5024,553,109
"2021-06-30","BENGKULU",0,0,0,0,5686,5024,553,109
"2021-07-01","BENGKULU",0,25,-25,0,5686,5049,528,109
"2021-07-02","BENGKULU",0,74,-74,0,5686,5123,454,109
"2021-07-03","BENGKULU",0,89,-89,0,5686,5212,365,109
"2021-07-04","BENGKULU",190,67,123,0,5876,5279,488,109
"2021-07-05","BENGKULU",100,89,11,0,5976,5368,499,109
"2021-07-06","BENGKULU",201,0,201,0,6177,5368,700,109
"2021-07-07","BENGKULU",227,144,83,0,6404,5512,783,109
"2021-07-08","BENGKULU",264,54,209,1,6668,5566,992,110
"2021-07-09","BENGKULU",101,0,101,0,6769,5566,1093,110
"2021-07-10","BENGKULU",212,0,207,5,6981,5566,1300,115
"2021-07-11","BENGKULU",161,8,145,8,7142,5574,1445,123
"2021-07-12","BENGKULU",147,0,147,0,7289,5574,1592,123
"2021-07-13","BENGKULU",59,0,59,0,7348,5574,1651,123
"2021-07-14","BENGKULU",48,0,48,0,7396,5574,1699,123
"2021-07-15","BENGKULU",38,0,38,0,7434,5574,1737,123
"2021-07-16","BENGKULU",29,0,29,0,7463,5574,1766,123
"2021-07-17","BENGKULU",132,0,132,0,7595,5574,1898,123
"2021-07-18","BENGKULU",465,184,280,1,8060,5758,2178,124
"2021-07-19","BENGKULU",115,130,-17,2,8175,5888,2161,126
"2021-07-20","BENGKULU",100,167,-67,0,8275,6055,2094,126
"2021-07-21","BENGKULU",195,93,102,0,8470,6148,2196,126
"2021-07-22","BENGKULU",207,95,111,1,8677,6243,2307,127
"2021-07-23","BENGKULU",428,208,215,5,9105,6451,2522,132
"2021-07-24","BENGKULU",241,155,82,4,9346,6606,2604,136
"2021-07-25","BENGKULU",261,190,64,7,9607,6796,2668,143
"2021-07-26","BENGKULU",249,116,132,1,9856,6912,2800,144
"2021-07-27","BENGKULU",261,189,71,1,10117,7101,2871,145
"2021-07-28","BENGKULU",371,97,274,0,10488,7198,3145,145
"2021-07-29","BENGKULU",352,20,331,1,10840,7218,3476,146
"2021-07-30","BENGKULU",392,41,345,6,11232,7259,3821,152
"2021-07-31","BENGKULU",511,48,462,1,11743,7307,4283,153
"2021-08-01","BENGKULU",295,78,206,11,12038,7385,4489,164
"2021-08-02","BENGKULU",307,399,-96,4,12345,7784,4393,168
"2021-08-03","BENGKULU",226,467,-243,2,12571,8251,4150,170
"2021-08-04","BENGKULU",39,464,-428,3,12610,8715,3722,173
"2021-08-05","BENGKULU",28,332,-306,2,12638,9047,3416,175
"2021-08-06","BENGKULU",27,339,-315,3,12665,9386,3101,178
"2021-08-07","BENGKULU",15,375,-360,0,12680,9761,2741,178
"2021-08-08","BENGKULU",4,284,-280,0,12684,10045,2461,178
"2021-08-09","BENGKULU",66,292,-227,1,12750,10337,2234,179
"2021-08-10","BENGKULU",115,190,-86,11,12865,10527,2148,190
"2021-08-11","BENGKULU",196,196,-3,3,13061,10723,2145,193
"2021-08-12","BENGKULU",106,193,-88,1,13167,10916,2057,194
"2021-08-13","BENGKULU",186,196,-15,5,13353,11112,2042,199
"2021-08-14","BENGKULU",253,198,55,0,13606,11310,2097,199
"2021-08-15","BENGKULU",71,196,-129,4,13677,11506,1968,203
"2021-08-16","BENGKULU",71,94,-25,2,13748,11600,1943,205
"2021-08-17","BENGKULU",97,99,-4,2,13845,11699,1939,207
"2021-08-18","BENGKULU",26,90,-64,0,13871,11789,1875,207
"2021-08-19","BENGKULU",124,99,23,2,13995,11888,1898,209
"2021-08-20","BENGKULU",91,95,-18,14,14086,11983,1880,223
"2021-08-21","BENGKULU",57,99,-51,9,14143,12082,1829,232
"2021-08-22","BENGKULU",103,147,-44,0,14246,12229,1785,232
"2021-08-23","BENGKULU",14,80,-69,3,14260,12309,1716,235
"2021-08-24","BENGKULU",5,91,-87,1,14265,12400,1629,236
"2021-08-25","BENGKULU",9,114,-105,0,14274,12514,1524,236
"2021-08-26","BENGKULU",15,138,-124,1,14289,12652,1400,237
"2021-08-27","BENGKULU",13,44,-48,17,14302,12696,1352,254
"2021-08-28","BENGKULU",3,22,-19,0,14305,12718,1333,254
"2021-08-29","BENGKULU",3,33,-30,0,14308,12751,1303,254
"2021-08-30","BENGKULU",1,167,-170,4,14309,12918,1133,258
"2021-08-31","BENGKULU",12,25,-13,0,14321,12943,1120,258
"2021-09-01","BENGKULU",19,82,-63,0,14340,13025,1057,258
"2021-09-02","BENGKULU",25,180,-155,0,14365,13205,902,258
"2021-09-03","BENGKULU",51,113,-64,2,14416,13318,838,260
"2021-09-04","BENGKULU",74,193,-120,1,14490,13511,718,261
"2021-09-05","BENGKULU",35,96,-66,5,14525,13607,652,266
"2021-09-06","BENGKULU",19,105,-86,0,14544,13712,566,266
"2021-09-07","BENGKULU",57,102,-47,2,14601,13814,519,268
"2021-09-08","BENGKULU",28,142,-115,1,14629,13956,404,269
"2021-09-09","BENGKULU",29,53,-24,0,14658,14009,380,269
"2021-09-10","BENGKULU",23,12,8,3,14681,14021,388,272
"2021-09-11","BENGKULU",28,13,14,1,14709,14034,402,273
"2021-09-12","BENGKULU",9,74,-68,3,14718,14108,334,276
"2021-09-13","BENGKULU",5,45,-40,0,14723,14153,294,276
"2021-09-14","BENGKULU",22,55,-34,1,14745,14208,260,277
"2021-09-15","BENGKULU",11,100,-89,0,14756,14308,171,277
"2021-09-16","BENGKULU",5,100,-95,0,14761,14408,76,277
"2021-09-17","BENGKULU",16,10,5,1,14777,14418,81,278
"2021-09-18","BENGKULU",15,16,-4,3,14792,14434,77,281
"2021-09-19","BENGKULU",5,15,-10,0,14797,14449,67,281
"2021-09-20","BENGKULU",9,17,-8,0,14806,14466,59,281
"2021-09-21","BENGKULU",1,0,1,0,14807,14466,60,281
"2021-09-22","BENGKULU",4,0,4,0,14811,14466,64,281
"2021-09-23","BENGKULU",7,0,7,0,14818,14466,71,281
"2021-09-24","BENGKULU",10,1,9,0,14828,14467,80,281
"2021-09-25","BENGKULU",9,0,9,0,14837,14467,89,281
"2021-09-26","BENGKULU",2,0,2,0,14839,14467,91,281
"2021-09-27","BENGKULU",0,2,-2,0,14839,14469,89,281
"2021-09-28","BENGKULU",0,3,-3,0,14839,14472,86,281
"2021-09-29","BENGKULU",0,8,-8,0,14839,14480,78,281
"2021-09-30","BENGKULU",2,10,-8,0,14841,14490,70,281
"2021-10-01","BENGKULU",2,10,-8,0,14843,14500,62,281
"2021-10-02","BENGKULU",3,1,2,0,14846,14501,64,281
"2021-10-03","BENGKULU",4,2,2,0,14850,14503,66,281
"2021-10-04","BENGKULU",5,3,0,2,14855,14506,66,283
"2021-10-05","BENGKULU",3,4,-1,0,14858,14510,65,283
"2021-10-06","BENGKULU",5,1,4,0,14863,14511,69,283
"2021-10-07","BENGKULU",6,13,-7,0,14869,14524,62,283
"2021-10-08","BENGKULU",3,12,-9,0,14872,14536,53,283
"2021-10-09","BENGKULU",2,0,2,0,14874,14536,55,283
"2021-10-10","BENGKULU",1,1,0,0,14875,14537,55,283
"2021-10-11","BENGKULU",1,5,-4,0,14876,14542,51,283
"2021-10-12","BENGKULU",2,0,2,0,14878,14542,53,283
"2021-10-13","BENGKULU",2,1,1,0,14880,14543,54,283
"2021-10-14","BENGKULU",0,5,-5,0,14880,14548,49,283
"2021-10-15","BENGKULU",10,0,10,0,14890,14548,59,283
"2021-10-16","BENGKULU",2,0,1,1,14892,14548,60,284
"2021-10-17","BENGKULU",2,1,1,0,14894,14549,61,284
"2021-10-18","BENGKULU",0,0,0,0,14894,14549,61,284
"2021-10-19","BENGKULU",1,5,-5,1,14895,14554,56,285
"2021-10-20","BENGKULU",2,1,1,0,14897,14555,57,285
"2021-10-21","BENGKULU",0,0,0,0,14897,14555,57,285
"2021-10-22","BENGKULU",1,3,-2,0,14898,14558,55,285
"2021-10-23","BENGKULU",0,0,0,0,14898,14558,55,285
"2021-10-24","BENGKULU",1,0,1,0,14899,14558,56,285
"2021-10-25","BENGKULU",0,0,0,0,14899,14558,56,285
"2021-10-26","BENGKULU",1,6,-5,0,14900,14564,51,285
"2021-10-27","BENGKULU",2,0,2,0,14902,14564,53,285
"2021-10-28","BENGKULU",1,1,0,0,14903,14565,53,285
"2021-10-29","BENGKULU",3,3,0,0,14906,14568,53,285
"2021-10-30","BENGKULU",0,0,0,0,14906,14568,53,285
"2021-10-31","BENGKULU",0,0,0,0,14906,14568,53,285
"2021-11-01","BENGKULU",7,0,7,0,14913,14568,60,285
"2021-11-02","BENGKULU",1,0,1,0,14914,14568,61,285
"2021-11-03","BENGKULU",0,2,-3,1,14914,14570,58,286
"2021-11-04","BENGKULU",0,21,-21,0,14914,14591,37,286
"2021-11-05","BENGKULU",0,0,0,0,14914,14591,37,286
"2021-11-06","BENGKULU",0,0,0,0,14914,14591,37,286
"2021-11-07","BENGKULU",0,0,0,0,14914,14591,37,286
"2021-11-08","BENGKULU",0,0,0,0,14914,14591,37,286
"2021-11-09","BENGKULU",0,2,-2,0,14914,14593,35,286
"2021-11-10","BENGKULU",0,1,-1,0,14914,14594,34,286
"2021-11-11","BENGKULU",0,1,-1,0,14914,14595,33,286
"2021-11-12","BENGKULU",1,2,-1,0,14915,14597,32,286
"2021-11-13","BENGKULU",1,0,1,0,14916,14597,33,286
"2021-11-14","BENGKULU",1,0,1,0,14917,14597,34,286
"2021-11-15","BENGKULU",0,5,-5,0,14917,14602,29,286
"2021-11-16","BENGKULU",0,4,-4,0,14917,14606,25,286
"2021-11-17","BENGKULU",0,0,0,0,14917,14606,25,286
"2021-11-18","BENGKULU",0,0,0,0,14917,14606,25,286
"2021-11-19","BENGKULU",0,0,0,0,14917,14606,25,286
"2021-11-20","BENGKULU",0,0,0,0,14917,14606,25,286
"2021-11-21","BENGKULU",0,0,0,0,14917,14606,25,286
"2021-11-22","BENGKULU",0,0,0,0,14917,14606,25,286
"2021-11-23","BENGKULU",0,0,0,0,14917,14606,25,286
"2021-11-24","BENGKULU",0,6,-6,0,14917,14612,19,286
"2021-11-25","BENGKULU",1,1,0,0,14918,14613,19,286
"2021-11-26","BENGKULU",0,0,0,0,14918,14613,19,286
"2021-11-27","BENGKULU",0,0,0,0,14918,14613,19,286
"2021-11-28","BENGKULU",0,0,0,0,14918,14613,19,286
"2021-11-29","BENGKULU",0,0,0,0,14918,14613,19,286
"2021-11-30","BENGKULU",0,0,0,0,14918,14613,19,286
"2021-12-01","BENGKULU",1,0,1,0,14919,14613,20,286
"2021-12-02","BENGKULU",0,10,-10,0,14919,14623,10,286
"2021-12-03","BENGKULU",0,0,0,0,14919,14623,10,286
"2021-12-04","BENGKULU",0,0,0,0,14919,14623,10,286
"2021-12-05","BENGKULU",0,0,0,0,14919,14623,10,286
"2021-12-06","BENGKULU",1,0,1,0,14920,14623,11,286
"2021-12-07","BENGKULU",0,0,0,0,14920,14623,11,286
"2021-12-08","BENGKULU",0,0,0,0,14920,14623,11,286
"2021-12-09","BENGKULU",0,0,0,0,14920,14623,11,286
"2021-12-10","BENGKULU",0,0,0,0,14920,14623,11,286
"2021-12-11","BENGKULU",0,5,-5,0,14920,14628,6,286
"2021-12-12","BENGKULU",0,0,0,0,14920,14628,6,286
"2021-12-13","BENGKULU",0,0,0,0,14920,14628,6,286
"2021-12-14","BENGKULU",1,0,1,0,14921,14628,7,286
"2021-12-15","BENGKULU",0,0,0,0,14921,14628,7,286
"2021-12-16","BENGKULU",0,0,0,0,14921,14628,7,286
"2021-12-17","BENGKULU",0,0,0,0,14921,14628,7,286
"2021-12-18","BENGKULU",0,0,0,0,14921,14628,7,286
"2021-12-19","BENGKULU",0,4,-4,0,14921,14632,3,286
"2021-12-20","BENGKULU",0,0,0,0,14921,14632,3,286
"2021-12-21","BENGKULU",0,1,-1,0,14921,14633,2,286
"2021-12-22","BENGKULU",0,0,0,0,14921,14633,2,286
"2021-12-23","BENGKULU",0,1,-1,0,14921,14634,1,286
"2021-12-24","BENGKULU",0,0,0,0,14921,14634,1,286
"2021-12-25","BENGKULU",0,0,0,0,14921,14634,1,286
"2021-12-26","BENGKULU",0,0,0,0,14921,14634,1,286
"2021-12-27","BENGKULU",0,0,0,0,14921,14634,1,286
"2021-12-28","BENGKULU",0,0,0,0,14921,14634,1,286
"2021-12-29","BENGKULU",0,0,0,0,14921,14634,1,286
"2021-12-30","BENGKULU",0,0,0,0,14921,14634,1,286
"2021-12-31","BENGKULU",0,0,0,0,14921,14634,1,286
"2022-01-01","BENGKULU",0,0,0,0,14921,14634,1,286
"2022-01-02","BENGKULU",0,0,0,0,14921,14634,1,286
"2022-01-03","BENGKULU",0,0,0,0,14921,14634,1,286
"2022-01-04","BENGKULU",0,0,0,0,14921,14634,1,286
"2022-01-05","BENGKULU",0,0,0,0,14921,14634,1,286
"2022-01-06","BENGKULU",0,0,0,0,14921,14634,1,286
"2022-01-07","BENGKULU",0,1,-1,0,14921,14635,0,286
"2022-01-08","BENGKULU",0,0,0,0,14921,14635,0,286
"2022-01-09","BENGKULU",0,0,0,0,14921,14635,0,286
"2022-01-10","BENGKULU",0,0,0,0,14921,14635,0,286
"2022-01-11","BENGKULU",1,0,1,0,14922,14635,1,286
"2022-01-12","BENGKULU",0,0,0,0,14922,14635,1,286
"2022-01-13","BENGKULU",0,0,0,0,14922,14635,1,286
"2022-01-14","BENGKULU",0,0,0,0,14922,14635,1,286
"2022-01-15","BENGKULU",0,0,0,0,14922,14635,1,286
"2022-01-16","BENGKULU",0,0,0,0,14922,14635,1,286
"2022-01-17","BENGKULU",0,0,0,0,14922,14635,1,286
"2022-01-18","BENGKULU",0,0,0,0,14922,14635,1,286
"2022-01-19","BENGKULU",0,0,0,0,14922,14635,1,286
"2022-01-20","BENGKULU",0,0,0,0,14922,14635,1,286
"2022-01-21","BENGKULU",0,0,0,0,14922,14635,1,286
"2022-01-22","BENGKULU",0,0,0,0,14922,14635,1,286
"2022-01-23","BENGKULU",0,0,0,0,14922,14635,1,286
"2022-01-24","BENGKULU",0,0,0,0,14922,14635,1,286
"2022-01-25","BENGKULU",1,0,1,0,14923,14635,2,286
"2022-01-26","BENGKULU",0,0,0,0,14923,14635,2,286
"2022-01-27","BENGKULU",8,0,8,0,14931,14635,10,286
"2022-01-28","BENGKULU",6,0,6,0,14937,14635,16,286
"2022-01-29","BENGKULU",2,0,2,0,14939,14635,18,286
"2022-01-30","BENGKULU",2,0,2,0,14941,14635,20,286
"2022-01-31","BENGKULU",4,0,4,0,14945,14635,24,286
"2022-02-01","BENGKULU",6,0,6,0,14951,14635,30,286
"2022-02-02","BENGKULU",13,1,12,0,14964,14636,42,286
"2022-02-03","BENGKULU",25,0,25,0,14989,14636,67,286
"2022-02-04","BENGKULU",30,0,30,0,15019,14636,97,286
"2022-02-05","BENGKULU",21,1,19,1,15040,14637,116,287
"2022-02-06","BENGKULU",19,4,15,0,15059,14641,131,287
"2022-02-07","BENGKULU",8,0,7,1,15067,14641,138,288
"2022-02-08","BENGKULU",32,1,31,0,15099,14642,169,288
"2022-02-09","BENGKULU",57,0,56,1,15156,14642,225,289
"2022-02-10","BENGKULU",55,10,45,0,15211,14652,270,289
"2022-02-11","BENGKULU",51,4,46,1,15262,14656,316,290
"2022-02-12","BENGKULU",139,0,139,0,15401,14656,455,290
"2022-02-13","BENGKULU",45,0,45,0,15446,14656,500,290
"2022-02-14","BENGKULU",77,17,60,0,15523,14673,560,290
"2022-02-15","BENGKULU",161,1,160,0,15684,14674,720,290
"2022-02-16","BENGKULU",253,5,248,0,15937,14679,968,290
"2022-02-17","BENGKULU",261,69,192,0,16198,14748,1160,290
"2022-02-18","BENGKULU",218,0,218,0,16416,14748,1378,290
"2022-02-19","BENGKULU",264,0,264,0,16680,14748,1642,290
"2022-02-20","BENGKULU",193,4,189,0,16873,14752,1831,290
"2022-02-21","BENGKULU",144,46,98,0,17017,14798,1929,290
"2022-02-22","BENGKULU",464,81,383,0,17481,14879,2312,290
"2022-02-23","BENGKULU",311,22,289,0,17792,14901,2601,290
"2022-02-24","BENGKULU",319,46,273,0,18111,14947,2874,290
"2022-02-25","BENGKULU",233,8,224,1,18344,14955,3098,291
"2022-02-26","BENGKULU",298,83,214,1,18642,15038,3312,292
"2022-02-27","BENGKULU",110,57,50,3,18752,15095,3362,295
"2022-02-28","BENGKULU",129,50,79,0,18881,15145,3441,295
"2022-03-01","BENGKULU",120,4,114,2,19001,15149,3555,297
"2022-03-02","BENGKULU",298,37,258,3,19299,15186,3813,300
"2022-03-03","BENGKULU",186,109,76,1,19485,15295,3889,301
"2022-03-04","BENGKULU",107,57,49,1,19592,15352,3938,302
"2022-03-05","BENGKULU",194,16,178,0,19786,15368,4116,302
"2022-03-06","BENGKULU",97,246,-149,0,19883,15614,3967,302
"2022-03-07","BENGKULU",117,64,53,0,20000,15678,4020,302
"2022-03-08","BENGKULU",1,12,-13,2,20001,15690,4007,304
"2020-08-06","LAMPUNG",1,0,1,0,1,0,1,0
"2020-08-07","LAMPUNG",4,0,4,0,5,0,5,0
"2020-08-08","LAMPUNG",4,0,4,0,9,0,9,0
"2020-08-09","LAMPUNG",0,0,0,0,9,0,9,0
"2020-08-10","LAMPUNG",9,0,9,0,18,0,18,0
"2020-08-11","LAMPUNG",2,0,2,0,20,0,20,0
"2020-08-12","LAMPUNG",2,0,2,0,22,0,22,0
"2020-08-13","LAMPUNG",7,0,7,0,29,0,29,0
"2020-08-14","LAMPUNG",5,0,5,0,34,0,34,0
"2020-08-15","LAMPUNG",0,0,0,0,34,0,34,0
"2020-08-16","LAMPUNG",9,0,8,1,43,0,42,1
"2020-08-17","LAMPUNG",2,3,-1,0,45,3,41,1
"2020-08-18","LAMPUNG",0,0,0,0,45,3,41,1
"2020-08-19","LAMPUNG",3,1,2,0,48,4,43,1
"2020-08-20","LAMPUNG",6,0,6,0,54,4,49,1
"2020-08-21","LAMPUNG",1,1,0,0,55,5,49,1
"2020-08-22","LAMPUNG",3,0,3,0,58,5,52,1
"2020-08-23","LAMPUNG",6,0,6,0,64,5,58,1
"2020-08-24","LAMPUNG",3,11,-8,0,67,16,50,1
"2020-08-25","LAMPUNG",4,0,4,0,71,16,54,1
"2020-08-26","LAMPUNG",2,15,-13,0,73,31,41,1
"2020-08-27","LAMPUNG",5,7,-2,0,78,38,39,1
"2020-08-28","LAMPUNG",2,0,2,0,80,38,41,1
"2020-08-29","LAMPUNG",4,0,4,0,84,38,45,1
"2020-08-30","LAMPUNG",7,3,4,0,91,41,49,1
"2020-08-31","LAMPUNG",6,5,1,0,97,46,50,1
"2020-09-01","LAMPUNG",4,0,2,2,101,46,52,3
"2020-09-02","LAMPUNG",11,3,8,0,112,49,60,3
"2020-09-03","LAMPUNG",14,2,11,1,126,51,71,4
"2020-09-04","LAMPUNG",4,2,2,0,130,53,73,4
"2020-09-05","LAMPUNG",12,1,10,1,142,54,83,5
"2020-09-06","LAMPUNG",12,6,5,1,154,60,88,6
"2020-09-07","LAMPUNG",3,0,1,2,157,60,89,8
"2020-09-08","LAMPUNG",11,6,5,0,168,66,94,8
"2020-09-09","LAMPUNG",22,10,11,1,190,76,105,9
"2020-09-10","LAMPUNG",21,2,19,0,211,78,124,9
"2020-09-11","LAMPUNG",2,3,-1,0,213,81,123,9
"2020-09-12","LAMPUNG",44,0,44,0,257,81,167,9
"2020-09-13","LAMPUNG",0,5,-5,0,257,86,162,9
"2020-09-14","LAMPUNG",60,8,51,1,317,94,213,10
"2020-09-15","LAMPUNG",29,6,23,0,346,100,236,10
"2020-09-16","LAMPUNG",22,22,-2,2,368,122,234,12
"2020-09-17","LAMPUNG",21,21,-1,1,389,143,233,13
"2020-09-18","LAMPUNG",7,2,4,1,396,145,237,14
"2020-09-19","LAMPUNG",21,6,14,1,417,151,251,15
"2020-09-20","LAMPUNG",13,0,12,1,430,151,263,16
"2020-09-21","LAMPUNG",10,0,10,0,440,151,273,16
"2020-09-22","LAMPUNG",24,24,-1,1,464,175,272,17
"2020-09-23","LAMPUNG",16,34,-18,0,480,209,254,17
"2020-09-24","LAMPUNG",21,0,21,0,501,209,275,17
"2020-09-25","LAMPUNG",15,25,-10,0,516,234,265,17
"2020-09-26","LAMPUNG",12,63,-51,0,528,297,214,17
"2020-09-27","LAMPUNG",15,14,1,0,543,311,215,17
"2020-09-28","LAMPUNG",10,19,-9,0,553,330,206,17
"2020-09-29","LAMPUNG",24,14,10,0,577,344,216,17
"2020-09-30","LAMPUNG",19,11,5,3,596,355,221,20
"2020-10-01","LAMPUNG",13,16,-3,0,609,371,218,20
"2020-10-02","LAMPUNG",25,17,5,3,634,388,223,23
"2020-10-03","LAMPUNG",0,9,-9,0,634,397,214,23
"2020-10-04","LAMPUNG",0,13,-13,0,634,410,201,23
"2020-10-05","LAMPUNG",37,16,21,0,671,426,222,23
"2020-10-06","LAMPUNG",27,22,5,0,698,448,227,23
"2020-10-07","LAMPUNG",16,0,14,2,714,448,241,25
"2020-10-08","LAMPUNG",58,16,42,0,772,464,283,25
"2020-10-09","LAMPUNG",0,17,-18,1,772,481,265,26
"2020-10-10","LAMPUNG",31,3,26,2,803,484,291,28
"2020-10-11","LAMPUNG",11,1,10,0,814,485,301,28
"2020-10-12","LAMPUNG",16,0,16,0,830,485,317,28
"2020-10-13","LAMPUNG",15,0,15,0,845,485,332,28
"2020-10-14","LAMPUNG",42,17,20,5,887,502,352,33
"2020-10-15","LAMPUNG",17,0,16,1,904,502,368,34
"2020-10-16","LAMPUNG",29,54,-25,0,933,556,343,34
"2020-10-17","LAMPUNG",35,19,15,1,968,575,358,35
"2020-10-18","LAMPUNG",13,20,-10,3,981,595,348,38
"2020-10-19","LAMPUNG",42,24,16,2,1023,619,364,40
"2020-10-20","LAMPUNG",36,0,35,1,1059,619,399,41
"2020-10-21","LAMPUNG",44,0,43,1,1103,619,442,42
"2020-10-22","LAMPUNG",40,22,16,2,1143,641,458,44
"2020-10-23","LAMPUNG",0,4,-4,0,1143,645,454,44
"2020-10-24","LAMPUNG",0,0,-1,1,1143,645,453,45
"2020-10-25","LAMPUNG",50,1,49,0,1193,646,502,45
"2020-10-26","LAMPUNG",45,6,37,2,1238,652,539,47
"2020-10-27","LAMPUNG",40,0,36,4,1278,652,575,51
"2020-10-28","LAMPUNG",43,39,2,2,1321,691,577,53
"2020-10-29","LAMPUNG",28,46,-21,3,1349,737,556,56
"2020-10-30","LAMPUNG",37,25,11,1,1386,762,567,57
"2020-10-31","LAMPUNG",31,0,29,2,1417,762,596,59
"2020-11-01","LAMPUNG",26,56,-32,2,1443,818,564,61
"2020-11-02","LAMPUNG",33,1,32,0,1476,819,596,61
"2020-11-03","LAMPUNG",52,1,48,3,1528,820,644,64
"2020-11-04","LAMPUNG",48,14,30,4,1576,834,674,68
"2020-11-05","LAMPUNG",38,2,34,2,1614,836,708,70
"2020-11-06","LAMPUNG",44,0,41,3,1658,836,749,73
"2020-11-07","LAMPUNG",39,69,-31,1,1697,905,718,74
"2020-11-08","LAMPUNG",60,6,48,6,1757,911,766,80
"2020-11-09","LAMPUNG",86,19,61,6,1843,930,827,86
"2020-11-10","LAMPUNG",0,4,-4,0,1843,934,823,86
"2020-11-11","LAMPUNG",99,22,77,0,1942,956,900,86
"2020-11-12","LAMPUNG",95,29,65,1,2037,985,965,87
"2020-11-13","LAMPUNG",137,11,123,3,2174,996,1088,90
"2020-11-14","LAMPUNG",87,26,61,0,2261,1022,1149,90
"2020-11-15","LAMPUNG",14,55,-44,3,2275,1077,1105,93
"2020-11-16","LAMPUNG",61,11,48,2,2336,1088,1153,95
"2020-11-17","LAMPUNG",22,114,-95,3,2358,1202,1058,98
"2020-11-18","LAMPUNG",0,3,-3,0,2358,1205,1055,98
"2020-11-19","LAMPUNG",125,49,72,4,2483,1254,1127,102
"2020-11-20","LAMPUNG",44,3,40,1,2527,1257,1167,103
"2020-11-21","LAMPUNG",46,50,-4,0,2573,1307,1163,103
"2020-11-22","LAMPUNG",46,9,34,3,2619,1316,1197,106
"2020-11-23","LAMPUNG",60,30,19,11,2679,1346,1216,117
"2020-11-24","LAMPUNG",67,9,58,0,2746,1355,1274,117
"2020-11-25","LAMPUNG",84,49,26,9,2830,1404,1300,126
"2020-11-26","LAMPUNG",102,30,63,9,2932,1434,1363,135
"2020-11-27","LAMPUNG",157,83,64,10,3089,1517,1427,145
"2020-11-28","LAMPUNG",125,68,51,6,3214,1585,1478,151
"2020-11-29","LAMPUNG",56,29,24,3,3270,1614,1502,154
"2020-11-30","LAMPUNG",145,37,107,1,3415,1651,1609,155
"2020-12-01","LAMPUNG",116,50,66,0,3531,1701,1675,155
"2020-12-02","LAMPUNG",0,58,-58,0,3531,1759,1617,155
"2020-12-03","LAMPUNG",0,50,-52,2,3531,1809,1565,157
"2020-12-04","LAMPUNG",81,55,25,1,3612,1864,1590,158
"2020-12-05","LAMPUNG",65,38,26,1,3677,1902,1616,159
"2020-12-06","LAMPUNG",55,92,-38,1,3732,1994,1578,160
"2020-12-07","LAMPUNG",34,176,-143,1,3766,2170,1435,161
"2020-12-08","LAMPUNG",64,41,18,5,3830,2211,1453,166
"2020-12-09","LAMPUNG",80,46,31,3,3910,2257,1484,169
"2020-12-10","LAMPUNG",65,56,4,5,3975,2313,1488,174
"2020-12-11","LAMPUNG",62,65,-6,3,4037,2378,1482,177
"2020-12-12","LAMPUNG",66,3,59,4,4103,2381,1541,181
"2020-12-13","LAMPUNG",79,81,-5,3,4182,2462,1536,184
"2020-12-14","LAMPUNG",78,12,60,6,4260,2474,1596,190
"2020-12-15","LAMPUNG",73,150,-81,4,4333,2624,1515,194
"2020-12-16","LAMPUNG",0,113,-120,7,4333,2737,1395,201
"2020-12-17","LAMPUNG",0,139,-141,2,4333,2876,1254,203
"2020-12-18","LAMPUNG",0,69,-70,1,4333,2945,1184,204
"2020-12-19","LAMPUNG",0,49,-49,0,4333,2994,1135,204
"2020-12-20","LAMPUNG",0,40,-40,0,4333,3034,1095,204
"2020-12-21","LAMPUNG",0,12,-12,0,4333,3046,1083,204
"2020-12-22","LAMPUNG",0,29,-29,0,4333,3075,1054,204
"2020-12-23","LAMPUNG",0,18,-19,1,4333,3093,1035,205
"2020-12-24","LAMPUNG",78,66,12,0,4411,3159,1047,205
"2020-12-25","LAMPUNG",65,38,24,3,4476,3197,1071,208
"2020-12-26","LAMPUNG",65,91,-28,2,4541,3288,1043,210
"2020-12-27","LAMPUNG",91,50,38,3,4632,3338,1081,213
"2020-12-28","LAMPUNG",78,36,39,3,4710,3374,1120,216
"2020-12-29","LAMPUNG",102,42,57,3,4812,3416,1177,219
"2020-12-30","LAMPUNG",64,29,30,5,4876,3445,1207,224
"2020-12-31","LAMPUNG",85,66,14,5,4961,3511,1221,229
"2021-01-01","LAMPUNG",80,97,-19,2,5041,3608,1202,231
"2021-01-02","LAMPUNG",115,5,110,0,5156,3613,1312,231
"2021-01-03","LAMPUNG",0,2,-5,3,5156,3615,1307,234
"2021-01-04","LAMPUNG",0,69,-72,3,5156,3684,1235,237
"2021-01-05","LAMPUNG",0,44,-47,3,5156,3728,1188,240
"2021-01-06","LAMPUNG",0,71,-86,15,5156,3799,1102,255
"2021-01-07","LAMPUNG",0,18,-20,2,5156,3817,1082,257
"2021-01-08","LAMPUNG",0,23,-23,0,5156,3840,1059,257
"2021-01-09","LAMPUNG",0,14,-14,0,5156,3854,1045,257
"2021-01-10","LAMPUNG",0,30,-31,1,5156,3884,1014,258
"2021-01-11","LAMPUNG",0,28,-28,0,5156,3912,986,258
"2021-01-12","LAMPUNG",0,27,-31,4,5156,3939,955,262
"2021-01-13","LAMPUNG",108,70,36,2,5264,4009,991,264
"2021-01-14","LAMPUNG",96,49,40,7,5360,4058,1031,271
"2021-01-15","LAMPUNG",166,25,137,4,5526,4083,1168,275
"2021-01-16","LAMPUNG",114,5,101,8,5640,4088,1269,283
"2021-01-17","LAMPUNG",118,41,68,9,5758,4129,1337,292
"2021-01-18","LAMPUNG",85,12,67,6,5843,4141,1404,298
"2021-01-19","LAMPUNG",0,50,-57,7,5843,4191,1347,305
"2021-01-20","LAMPUNG",0,20,-20,0,5843,4211,1327,305
"2021-01-21","LAMPUNG",0,135,-136,1,5843,4346,1191,306
"2021-01-22","LAMPUNG",0,72,-72,0,5843,4418,1119,306
"2021-01-23","LAMPUNG",0,83,-90,7,5843,4501,1029,313
"2021-01-24","LAMPUNG",0,2,-5,3,5843,4503,1024,316
"2021-01-25","LAMPUNG",0,79,-79,0,5843,4582,945,316
"2021-01-26","LAMPUNG",0,29,-29,0,5843,4611,916,316
"2021-01-27","LAMPUNG",0,61,-61,0,5843,4672,855,316
"2021-01-28","LAMPUNG",0,53,-53,0,5843,4725,802,316
"2021-01-29","LAMPUNG",0,35,-35,0,5843,4760,767,316
"2021-01-30","LAMPUNG",0,30,-30,0,5843,4790,737,316
"2021-01-31","LAMPUNG",0,45,-46,1,5843,4835,691,317
"2021-02-01","LAMPUNG",0,147,-147,0,5843,4982,544,317
"2021-02-02","LAMPUNG",165,27,137,1,6008,5009,681,318
"2021-02-03","LAMPUNG",124,61,57,6,6132,5070,738,324
"2021-02-04","LAMPUNG",98,61,31,6,6230,5131,769,330
"2021-02-05","LAMPUNG",114,21,84,9,6344,5152,853,339
"2021-02-06","LAMPUNG",115,10,102,3,6459,5162,955,342
"2021-02-07","LAMPUNG",114,24,88,2,6573,5186,1043,344
"2021-02-08","LAMPUNG",0,20,-25,5,6573,5206,1018,349
"2021-02-09","LAMPUNG",0,32,-33,1,6573,5238,985,350
"2021-02-10","LAMPUNG",0,63,-64,1,6573,5301,921,351
"2021-02-11","LAMPUNG",0,18,-20,2,6573,5319,901,353
"2021-02-12","LAMPUNG",0,66,-67,1,6573,5385,834,354
"2021-02-13","LAMPUNG",0,114,-115,1,6573,5499,719,355
"2021-02-14","LAMPUNG",0,46,-46,0,6573,5545,673,355
"2021-02-15","LAMPUNG",0,47,-47,0,6573,5592,626,355
"2021-02-16","LAMPUNG",0,30,-30,0,6573,5622,596,355
"2021-02-17","LAMPUNG",0,1,-1,0,6573,5623,595,355
"2021-02-18","LAMPUNG",0,182,-182,0,6573,5805,413,355
"2021-02-19","LAMPUNG",0,177,-177,0,6573,5982,236,355
"2021-02-20","LAMPUNG",0,8,-8,0,6573,5990,228,355
"2021-02-21","LAMPUNG",0,29,-29,0,6573,6019,199,355
"2021-02-22","LAMPUNG",92,40,51,1,6665,6059,250,356
"2021-02-23","LAMPUNG",94,20,72,2,6759,6079,322,358
"2021-02-24","LAMPUNG",68,0,66,2,6827,6079,388,360
"2021-02-25","LAMPUNG",68,30,36,2,6895,6109,424,362
"2021-02-26","LAMPUNG",68,17,47,4,6963,6126,471,366
"2021-02-27","LAMPUNG",82,10,71,1,7045,6136,542,367
"2021-02-28","LAMPUNG",68,25,36,7,7113,6161,578,374
"2021-03-01","LAMPUNG",73,22,45,6,7186,6183,623,380
"2021-03-02","LAMPUNG",0,23,-31,8,7186,6206,592,388
"2021-03-03","LAMPUNG",0,31,-34,3,7186,6237,558,391
"2021-03-04","LAMPUNG",0,29,-29,0,7186,6266,529,391
"2021-03-05","LAMPUNG",0,38,-39,1,7186,6304,490,392
"2021-03-06","LAMPUNG",0,45,-45,0,7186,6349,445,392
"2021-03-07","LAMPUNG",0,25,-25,0,7186,6374,420,392
"2021-03-08","LAMPUNG",0,36,-36,0,7186,6410,384,392
"2021-03-09","LAMPUNG",0,57,-57,0,7186,6467,327,392
"2021-03-10","LAMPUNG",0,66,-66,0,7186,6533,261,392
"2021-03-11","LAMPUNG",0,3,-3,0,7186,6536,258,392
"2021-03-12","LAMPUNG",0,63,-65,2,7186,6599,193,394
"2021-03-13","LAMPUNG",0,22,-22,0,7186,6621,171,394
"2021-03-14","LAMPUNG",48,23,24,1,7234,6644,195,395
"2021-03-15","LAMPUNG",47,8,37,2,7281,6652,232,397
"2021-03-16","LAMPUNG",43,10,31,2,7324,6662,263,399
"2021-03-17","LAMPUNG",41,35,5,1,7365,6697,268,400
"2021-03-18","LAMPUNG",37,18,12,7,7402,6715,280,407
"2021-03-19","LAMPUNG",40,5,33,2,7442,6720,313,409
"2021-03-20","LAMPUNG",54,1,48,5,7496,6721,361,414
"2021-03-21","LAMPUNG",58,0,52,6,7554,6721,413,420
"2021-03-22","LAMPUNG",36,8,22,6,7590,6729,435,426
"2021-03-23","LAMPUNG",37,29,6,2,7627,6758,441,428
"2021-03-24","LAMPUNG",51,23,25,3,7678,6781,466,431
"2021-03-25","LAMPUNG",0,29,-29,0,7678,6810,437,431
"2021-03-26","LAMPUNG",0,33,-34,1,7678,6843,403,432
"2021-03-27","LAMPUNG",0,39,-39,0,7678,6882,364,432
"2021-03-28","LAMPUNG",0,36,-37,1,7678,6918,327,433
"2021-03-29","LAMPUNG",0,41,-41,0,7678,6959,286,433
"2021-03-30","LAMPUNG",0,50,-51,1,7678,7009,235,434
"2021-03-31","LAMPUNG",0,39,-39,0,7678,7048,196,434
"2021-04-01","LAMPUNG",0,20,-20,0,7678,7068,176,434
"2021-04-02","LAMPUNG",0,23,-23,0,7678,7091,153,434
"2021-04-03","LAMPUNG",44,18,25,1,7722,7109,178,435
"2021-04-04","LAMPUNG",28,2,26,0,7750,7111,204,435
"2021-04-05","LAMPUNG",28,12,15,1,7778,7123,219,436
"2021-04-06","LAMPUNG",38,5,33,0,7816,7128,252,436
"2021-04-07","LAMPUNG",44,3,40,1,7860,7131,292,437
"2021-04-08","LAMPUNG",39,13,24,2,7899,7144,316,439
"2021-04-09","LAMPUNG",49,8,41,0,7948,7152,357,439
"2021-04-10","LAMPUNG",54,12,40,2,8002,7164,397,441
"2021-04-11","LAMPUNG",52,16,36,0,8054,7180,433,441
"2021-04-12","LAMPUNG",68,1,67,0,8122,7181,500,441
"2021-04-13","LAMPUNG",79,3,76,0,8201,7184,576,441
"2021-04-14","LAMPUNG",58,42,13,3,8259,7226,589,444
"2021-04-15","LAMPUNG",0,15,-15,0,8259,7241,574,444
"2021-04-16","LAMPUNG",1,5,-4,0,8260,7246,570,444
"2021-04-17","LAMPUNG",0,3,-3,0,8260,7249,567,444
"2021-04-18","LAMPUNG",0,5,-7,2,8260,7254,560,446
"2021-04-19","LAMPUNG",0,32,-36,4,8260,7286,524,450
"2021-04-20","LAMPUNG",0,27,-28,1,8260,7313,496,451
"2021-04-21","LAMPUNG",0,22,-23,1,8260,7335,473,452
"2021-04-22","LAMPUNG",0,10,-10,0,8260,7345,463,452
"2021-04-23","LAMPUNG",80,35,43,2,8340,7380,506,454
"2021-04-24","LAMPUNG",68,2,65,1,8408,7382,571,455
"2021-04-25","LAMPUNG",81,6,75,0,8489,7388,646,455
"2021-04-26","LAMPUNG",67,41,19,7,8556,7429,665,462
"2021-04-27","LAMPUNG",69,38,27,4,8625,7467,692,466
"2021-04-28","LAMPUNG",115,79,34,2,8740,7546,726,468
"2021-04-29","LAMPUNG",97,38,57,2,8837,7584,783,470
"2021-04-30","LAMPUNG",61,29,31,1,8898,7613,814,471
"2021-05-01","LAMPUNG",66,8,58,0,8964,7621,872,471
"2021-05-02","LAMPUNG",75,16,59,0,9039,7637,931,471
"2021-05-03","LAMPUNG",95,38,56,1,9134,7675,987,472
"2021-05-04","LAMPUNG",52,35,15,2,9186,7710,1002,474
"2021-05-05","LAMPUNG",0,63,-63,0,9186,7773,939,474
"2021-05-06","LAMPUNG",0,33,-33,0,9186,7806,906,474
"2021-05-07","LAMPUNG",0,22,-23,1,9186,7828,883,475
"2021-05-08","LAMPUNG",0,46,-46,0,9186,7874,837,475
"2021-05-09","LAMPUNG",0,17,-19,2,9186,7891,818,477
"2021-05-10","LAMPUNG",0,26,-26,0,9186,7917,792,477
"2021-05-11","LAMPUNG",1,131,-138,8,9187,8048,654,485
"2021-05-12","LAMPUNG",0,43,-43,0,9187,8091,611,485
"2021-05-13","LAMPUNG",49,15,32,2,9236,8106,643,487
"2021-05-14","LAMPUNG",29,4,23,2,9265,8110,666,489
"2021-05-15","LAMPUNG",65,3,62,0,9330,8113,728,489
"2021-05-16","LAMPUNG",58,1,55,2,9388,8114,783,491
"2021-05-17","LAMPUNG",60,59,-3,4,9448,8173,780,495
"2021-05-18","LAMPUNG",55,97,-45,3,9503,8270,735,498
"2021-05-19","LAMPUNG",64,0,62,2,9567,8270,797,500
"2021-05-20","LAMPUNG",69,53,3,13,9636,8323,800,513
"2021-05-21","LAMPUNG",86,38,48,0,9722,8361,848,513
"2021-05-22","LAMPUNG",70,23,42,5,9792,8384,890,518
"2021-05-23","LAMPUNG",104,15,89,0,9896,8399,979,518
"2021-05-24","LAMPUNG",94,32,61,1,9990,8431,1040,519
"2021-05-25","LAMPUNG",84,36,45,3,10074,8467,1085,522
"2021-05-26","LAMPUNG",75,43,31,1,10149,8510,1116,523
"2021-05-27","LAMPUNG",0,87,-91,4,10149,8597,1025,527
"2021-05-28","LAMPUNG",0,57,-58,1,10149,8654,967,528
"2021-05-29","LAMPUNG",0,79,-80,1,10149,8733,887,529
"2021-05-30","LAMPUNG",0,18,-18,0,10149,8751,869,529
"2021-05-31","LAMPUNG",0,66,-66,0,10149,8817,803,529
"2021-06-01","LAMPUNG",0,30,-30,0,10149,8847,773,529
"2021-06-02","LAMPUNG",90,34,55,1,10239,8881,828,530
"2021-06-03","LAMPUNG",99,22,74,3,10338,8903,902,533
"2021-06-04","LAMPUNG",74,14,58,2,10412,8917,960,535
"2021-06-05","LAMPUNG",83,13,68,2,10495,8930,1028,537
"2021-06-06","LAMPUNG",94,11,82,1,10589,8941,1110,538
"2021-06-07","LAMPUNG",119,44,73,2,10708,8985,1183,540
"2021-06-08","LAMPUNG",103,25,73,5,10811,9010,1256,545
"2021-06-09","LAMPUNG",112,11,100,1,10923,9021,1356,546
"2021-06-10","LAMPUNG",97,60,31,6,11020,9081,1387,552
"2021-06-11","LAMPUNG",0,17,-18,1,11020,9098,1369,553
"2021-06-12","LAMPUNG",0,48,-49,1,11020,9146,1320,554
"2021-06-13","LAMPUNG",0,40,-42,2,11020,9186,1278,556
"2021-06-14","LAMPUNG",0,53,-53,0,11020,9239,1225,556
"2021-06-15","LAMPUNG",0,48,-49,1,11020,9287,1176,557
"2021-06-16","LAMPUNG",1,70,-74,5,11021,9357,1102,562
"2021-06-17","LAMPUNG",1,488,-521,34,11022,9845,581,596
"2021-06-18","LAMPUNG",0,92,-98,6,11022,9937,483,602
"2021-06-19","LAMPUNG",0,116,-121,5,11022,10053,362,607
"2021-06-20","LAMPUNG",0,41,-41,0,11022,10094,321,607
"2021-06-21","LAMPUNG",0,8,-8,0,11022,10102,313,607
"2021-06-22","LAMPUNG",72,45,27,0,11094,10147,340,607
"2021-06-23","LAMPUNG",142,14,127,1,11236,10161,467,608
"2021-06-24","LAMPUNG",121,5,113,3,11357,10166,580,611
"2021-06-25","LAMPUNG",153,12,140,1,11510,10178,720,612
"2021-06-26","LAMPUNG",0,5,-6,1,11510,10183,714,613
"2021-06-27","LAMPUNG",1,42,-43,2,11511,10225,671,615
"2021-06-28","LAMPUNG",0,11,-20,9,11511,10236,651,624
"2021-06-29","LAMPUNG",0,7,-7,0,11511,10243,644,624
"2021-06-30","LAMPUNG",0,24,-24,0,11511,10267,620,624
"2021-07-01","LAMPUNG",0,33,-33,0,11511,10300,587,624
"2021-07-02","LAMPUNG",0,48,-48,0,11511,10348,539,624
"2021-07-03","LAMPUNG",0,17,-17,0,11511,10365,522,624
"2021-07-04","LAMPUNG",281,20,258,3,11792,10385,780,627
"2021-07-05","LAMPUNG",305,11,292,2,12097,10396,1072,629
"2021-07-06","LAMPUNG",266,11,249,6,12363,10407,1321,635
"2021-07-07","LAMPUNG",320,5,314,1,12683,10412,1635,636
"2021-07-08","LAMPUNG",372,16,354,2,13055,10428,1989,638
"2021-07-09","LAMPUNG",383,26,351,6,13438,10454,2340,644
"2021-07-10","LAMPUNG",336,38,287,11,13774,10492,2627,655
"2021-07-11","LAMPUNG",326,29,293,4,14100,10521,2920,659
"2021-07-12","LAMPUNG",384,68,311,5,14484,10589,3231,664
"2021-07-13","LAMPUNG",1,275,-297,23,14485,10864,2934,687
"2021-07-14","LAMPUNG",4,20,-16,0,14489,10884,2918,687
"2021-07-15","LAMPUNG",1,27,-27,1,14490,10911,2891,688
"2021-07-16","LAMPUNG",7,382,-394,19,14497,11293,2497,707
"2021-07-17","LAMPUNG",448,68,378,2,14945,11361,2875,709
"2021-07-18","LAMPUNG",677,98,570,9,15622,11459,3445,718
"2021-07-19","LAMPUNG",649,103,543,3,16271,11562,3988,721
"2021-07-20","LAMPUNG",419,31,387,1,16690,11593,4375,722
"2021-07-21","LAMPUNG",441,78,350,13,17131,11671,4725,735
"2021-07-22","LAMPUNG",424,131,271,22,17555,11802,4996,757
"2021-07-23","LAMPUNG",445,80,355,10,18000,11882,5351,767
"2021-07-24","LAMPUNG",499,36,458,5,18499,11918,5809,772
"2021-07-25","LAMPUNG",399,63,330,6,18898,11981,6139,778
"2021-07-26","LAMPUNG",449,106,327,16,19347,12087,6466,794
"2021-07-27","LAMPUNG",580,230,169,181,19927,12317,6635,975
"2021-07-28","LAMPUNG",517,896,-523,144,20444,13213,6112,1119
"2021-07-29","LAMPUNG",686,496,113,77,21130,13709,6225,1196
"2021-07-30","LAMPUNG",569,248,242,79,21699,13957,6467,1275
"2021-07-31","LAMPUNG",677,223,413,41,22376,14180,6880,1316
"2021-08-01","LAMPUNG",575,396,108,71,22951,14576,6988,1387
"2021-08-02","LAMPUNG",470,467,-70,73,23421,15043,6918,1460
"2021-08-03","LAMPUNG",8,538,-572,42,23429,15581,6346,1502
"2021-08-04","LAMPUNG",22,274,-302,50,23451,15855,6044,1552
"2021-08-05","LAMPUNG",15,241,-243,17,23466,16096,5801,1569
"2021-08-06","LAMPUNG",20,457,-443,6,23486,16553,5358,1575
"2021-08-07","LAMPUNG",27,530,-524,21,23513,17083,4834,1596
"2021-08-08","LAMPUNG",18,752,-770,36,23531,17835,4064,1632
"2021-08-09","LAMPUNG",365,538,-191,18,23896,18373,3873,1650
"2021-08-10","LAMPUNG",484,430,42,12,24380,18803,3915,1662
"2021-08-11","LAMPUNG",425,482,-99,42,24805,19285,3816,1704
"2021-08-12","LAMPUNG",371,322,-33,82,25176,19607,3783,1786
"2021-08-13","LAMPUNG",459,603,-183,39,25635,20210,3600,1825
"2021-08-14","LAMPUNG",452,231,199,22,26087,20441,3799,1847
"2021-08-15","LAMPUNG",368,320,-1,49,26455,20761,3798,1896
"2021-08-16","LAMPUNG",364,43,292,29,26819,20804,4090,1925
"2021-08-17","LAMPUNG",354,100,220,34,27173,20904,4310,1959
"2021-08-18","LAMPUNG",222,87,99,36,27395,20991,4409,1995
"2021-08-19","LAMPUNG",359,86,186,87,27754,21077,4595,2082
"2021-08-20","LAMPUNG",357,301,22,34,28111,21378,4617,2116
"2021-08-21","LAMPUNG",310,220,74,16,28421,21598,4691,2132
"2021-08-22","LAMPUNG",236,320,-135,51,28657,21918,4556,2183
"2021-08-23","LAMPUNG",6,244,-273,35,28663,22162,4283,2218
"2021-08-24","LAMPUNG",4,324,-351,31,28667,22486,3932,2249
"2021-08-25","LAMPUNG",7,198,-195,4,28674,22684,3737,2253
"2021-08-26","LAMPUNG",10,238,-240,12,28684,22922,3497,2265
"2021-08-27","LAMPUNG",8,241,-239,6,28692,23163,3258,2271
"2021-08-28","LAMPUNG",14,224,-213,3,28706,23387,3045,2274
"2021-08-29","LAMPUNG",7,222,-233,18,28713,23609,2812,2292
"2021-08-30","LAMPUNG",7,678,-686,15,28720,24287,2126,2307
"2021-08-31","LAMPUNG",15,168,-156,3,28735,24455,1970,2310
"2021-09-01","LAMPUNG",179,346,-173,6,28914,24801,1797,2316
"2021-09-02","LAMPUNG",147,195,-55,7,29061,24996,1742,2323
"2021-09-03","LAMPUNG",119,223,-119,15,29180,25219,1623,2338
"2021-09-04","LAMPUNG",111,35,74,2,29291,25254,1697,2340
"2021-09-05","LAMPUNG",136,25,108,3,29427,25279,1805,2343
"2021-09-06","LAMPUNG",130,157,-48,21,29557,25436,1757,2364
"2021-09-07","LAMPUNG",107,13,92,2,29664,25449,1849,2366
"2021-09-08","LAMPUNG",121,46,72,3,29785,25495,1921,2369
"2021-09-09","LAMPUNG",130,238,-125,17,29915,25733,1796,2386
"2021-09-10","LAMPUNG",100,54,31,15,30015,25787,1827,2401
"2021-09-11","LAMPUNG",92,67,20,5,30107,25854,1847,2406
"2021-09-12","LAMPUNG",65,49,12,4,30172,25903,1859,2410
"2021-09-13","LAMPUNG",69,112,-56,13,30241,26015,1803,2423
"2021-09-14","LAMPUNG",80,98,-21,3,30321,26113,1782,2426
"2021-09-15","LAMPUNG",73,43,26,4,30394,26156,1808,2430
"2021-09-16","LAMPUNG",71,77,-12,6,30465,26233,1796,2436
"2021-09-17","LAMPUNG",61,98,-52,15,30526,26331,1744,2451
"2021-09-18","LAMPUNG",72,29,40,3,30598,26360,1784,2454
"2021-09-19","LAMPUNG",54,75,-26,5,30652,26435,1758,2459
"2021-09-20","LAMPUNG",44,154,-119,9,30696,26589,1639,2468
"2021-09-21","LAMPUNG",57,209,-164,12,30753,26798,1475,2480
"2021-09-22","LAMPUNG",47,98,-55,4,30800,26896,1420,2484
"2021-09-23","LAMPUNG",49,102,-54,1,30849,26998,1366,2485
"2021-09-24","LAMPUNG",42,100,-61,3,30891,27098,1305,2488
"2021-09-25","LAMPUNG",1,44,-48,5,30892,27142,1257,2493
"2021-09-26","LAMPUNG",0,34,-35,1,30892,27176,1222,2494
"2021-09-27","LAMPUNG",1,152,-156,5,30893,27328,1066,2499
"2021-09-28","LAMPUNG",2,77,-78,3,30895,27405,988,2502
"2021-09-29","LAMPUNG",3,33,-30,0,30898,27438,958,2502
"2021-09-30","LAMPUNG",31,19,10,2,30929,27457,968,2504
"2021-10-01","LAMPUNG",0,99,-100,1,30929,27556,868,2505
"2021-10-02","LAMPUNG",33,18,14,1,30962,27574,882,2506
"2021-10-03","LAMPUNG",25,7,17,1,30987,27581,899,2507
"2021-10-04","LAMPUNG",19,36,-20,3,31006,27617,879,2510
"2021-10-05","LAMPUNG",39,25,14,0,31045,27642,893,2510
"2021-10-06","LAMPUNG",24,58,-37,3,31069,27700,856,2513
"2021-10-07","LAMPUNG",32,4,27,1,31101,27704,883,2514
"2021-10-08","LAMPUNG",28,22,3,3,31129,27726,886,2517
"2021-10-09","LAMPUNG",22,24,-2,0,31151,27750,884,2517
"2021-10-10","LAMPUNG",15,0,15,0,31166,27750,899,2517
"2021-10-11","LAMPUNG",14,12,1,1,31180,27762,900,2518
"2021-10-12","LAMPUNG",24,12,10,2,31204,27774,910,2520
"2021-10-13","LAMPUNG",25,3,20,2,31229,27777,930,2522
"2021-10-14","LAMPUNG",16,27,-12,1,31245,27804,918,2523
"2021-10-15","LAMPUNG",19,5,12,2,31264,27809,930,2525
"2021-10-16","LAMPUNG",10,31,-25,4,31274,27840,905,2529
"2021-10-17","LAMPUNG",15,0,15,0,31289,27840,920,2529
"2021-10-18","LAMPUNG",12,40,-30,2,31301,27880,890,2531
"2021-10-19","LAMPUNG",10,17,-8,1,31311,27897,882,2532
"2021-10-20","LAMPUNG",0,33,-34,1,31311,27930,848,2533
"2021-10-21","LAMPUNG",0,9,-10,1,31311,27939,838,2534
"2021-10-22","LAMPUNG",5,35,-30,0,31316,27974,808,2534
"2021-10-23","LAMPUNG",10,2,7,1,31326,27976,815,2535
"2021-10-24","LAMPUNG",1,7,-7,1,31327,27983,808,2536
"2021-10-25","LAMPUNG",2,26,-24,0,31329,28009,784,2536
"2021-10-26","LAMPUNG",11,31,-20,0,31340,28040,764,2536
"2021-10-27","LAMPUNG",13,28,-16,1,31353,28068,748,2537
"2021-10-28","LAMPUNG",14,107,-94,1,31367,28175,654,2538
"2021-10-29","LAMPUNG",11,14,-4,1,31378,28189,650,2539
"2021-10-30","LAMPUNG",6,2,3,1,31384,28191,653,2540
"2021-10-31","LAMPUNG",4,4,0,0,31388,28195,653,2540
"2021-11-01","LAMPUNG",1,17,-19,3,31389,28212,634,2543
"2021-11-02","LAMPUNG",12,13,-2,1,31401,28225,632,2544
"2021-11-03","LAMPUNG",2,2,-1,1,31403,28227,631,2545
"2021-11-04","LAMPUNG",2,36,-35,1,31405,28263,596,2546
"2021-11-05","LAMPUNG",3,4,-1,0,31408,28267,595,2546
"2021-11-06","LAMPUNG",1,2,-1,0,31409,28269,594,2546
"2021-11-07","LAMPUNG",3,12,-10,1,31412,28281,584,2547
"2021-11-08","LAMPUNG",3,25,-22,0,31415,28306,562,2547
"2021-11-09","LAMPUNG",6,6,-1,1,31421,28312,561,2548
"2021-11-10","LAMPUNG",3,12,-11,2,31424,28324,550,2550
"2021-11-11","LAMPUNG",5,17,-12,0,31429,28341,538,2550
"2021-11-12","LAMPUNG",3,1,2,0,31432,28342,540,2550
"2021-11-13","LAMPUNG",6,30,-25,1,31438,28372,515,2551
"2021-11-14","LAMPUNG",7,6,0,1,31445,28378,515,2552
"2021-11-15","LAMPUNG",4,23,-19,0,31449,28401,496,2552
"2021-11-16","LAMPUNG",5,5,-2,2,31454,28406,494,2554
"2021-11-17","LAMPUNG",2,2,0,0,31456,28408,494,2554
"2021-11-18","LAMPUNG",4,1,3,0,31460,28409,497,2554
"2021-11-19","LAMPUNG",1,0,1,0,31461,28409,498,2554
"2021-11-20","LAMPUNG",7,9,-3,1,31468,28418,495,2555
"2021-11-21","LAMPUNG",8,20,-13,1,31476,28438,482,2556
"2021-11-22","LAMPUNG",1,1,0,0,31477,28439,482,2556
"2021-11-23","LAMPUNG",5,2,2,1,31482,28441,484,2557
"2021-11-24","LAMPUNG",0,2,-4,2,31482,28443,480,2559
"2021-11-25","LAMPUNG",3,5,-2,0,31485,28448,478,2559
"2021-11-26","LAMPUNG",1,10,-10,1,31486,28458,468,2560
"2021-11-27","LAMPUNG",2,1,1,0,31488,28459,469,2560
"2021-11-28","LAMPUNG",4,3,1,0,31492,28462,470,2560
"2021-11-29","LAMPUNG",1,3,-2,0,31493,28465,468,2560
"2021-11-30","LAMPUNG",7,7,-1,1,31500,28472,467,2561
"2021-12-01","LAMPUNG",6,5,1,0,31506,28477,468,2561
"2021-12-02","LAMPUNG",12,10,2,0,31518,28487,470,2561
"2021-12-03","LAMPUNG",17,14,2,1,31535,28501,472,2562
"2021-12-04","LAMPUNG",2,1,1,0,31537,28502,473,2562
"2021-12-05","LAMPUNG",1,0,1,0,31538,28502,474,2562
"2021-12-06","LAMPUNG",0,3,-5,2,31538,28505,469,2564
"2021-12-07","LAMPUNG",1,2,-3,2,31539,28507,466,2566
"2021-12-08","LAMPUNG",1,0,-1,2,31540,28507,465,2568
"2021-12-09","LAMPUNG",1,1,0,0,31541,28508,465,2568
"2021-12-10","LAMPUNG",0,9,-9,0,31541,28517,456,2568
"2021-12-11","LAMPUNG",1,1,0,0,31542,28518,456,2568
"2021-12-12","LAMPUNG",6,4,2,0,31548,28522,458,2568
"2021-12-13","LAMPUNG",0,1,-4,3,31548,28523,454,2571
"2021-12-14","LAMPUNG",0,1,-1,0,31548,28524,453,2571
"2021-12-15","LAMPUNG",3,7,-4,0,31551,28531,449,2571
"2021-12-16","LAMPUNG",1,0,0,1,31552,28531,449,2572
"2021-12-17","LAMPUNG",0,1,-1,0,31552,28532,448,2572
"2021-12-18","LAMPUNG",1,5,-4,0,31553,28537,444,2572
"2021-12-19","LAMPUNG",3,0,1,2,31556,28537,445,2574
"2021-12-20","LAMPUNG",2,0,1,1,31558,28537,446,2575
"2021-12-21","LAMPUNG",1,1,0,0,31559,28538,446,2575
"2021-12-22","LAMPUNG",1,1,-1,1,31560,28539,445,2576
"2021-12-23","LAMPUNG",1,1,0,0,31561,28540,445,2576
"2021-12-24","LAMPUNG",1,2,-1,0,31562,28542,444,2576
"2021-12-25","LAMPUNG",2,1,1,0,31564,28543,445,2576
"2021-12-26","LAMPUNG",0,0,0,0,31564,28543,445,2576
"2021-12-27","LAMPUNG",0,0,0,0,31564,28543,445,2576
"2021-12-28","LAMPUNG",0,0,0,0,31564,28543,445,2576
"2021-12-29","LAMPUNG",0,1,-2,1,31564,28544,443,2577
"2021-12-30","LAMPUNG",0,0,0,0,31564,28544,443,2577
"2021-12-31","LAMPUNG",0,0,0,0,31564,28544,443,2577
"2022-01-01","LAMPUNG",1,5,-4,0,31565,28549,439,2577
"2022-01-02","LAMPUNG",0,0,0,0,31565,28549,439,2577
"2022-01-03","LAMPUNG",0,2,-2,0,31565,28551,437,2577
"2022-01-04","LAMPUNG",1,3,-2,0,31566,28554,435,2577
"2022-01-05","LAMPUNG",1,0,1,0,31567,28554,436,2577
"2022-01-06","LAMPUNG",2,0,2,0,31569,28554,438,2577
"2022-01-07","LAMPUNG",0,1,-1,0,31569,28555,437,2577
"2022-01-08","LAMPUNG",0,2,-2,0,31569,28557,435,2577
"2022-01-09","LAMPUNG",0,0,0,0,31569,28557,435,2577
"2022-01-10","LAMPUNG",0,1,-2,1,31569,28558,433,2578
"2022-01-11","LAMPUNG",0,1,-2,1,31569,28559,431,2579
"2022-01-12","LAMPUNG",0,0,0,0,31569,28559,431,2579
"2022-01-13","LAMPUNG",0,6,-6,0,31569,28565,425,2579
"2022-01-14","LAMPUNG",7,0,7,0,31576,28565,432,2579
"2022-01-15","LAMPUNG",2,0,2,0,31578,28565,434,2579
"2022-01-16","LAMPUNG",1,1,0,0,31579,28566,434,2579
"2022-01-17","LAMPUNG",0,0,0,0,31579,28566,434,2579
"2022-01-18","LAMPUNG",1,0,1,0,31580,28566,435,2579
"2022-01-19","LAMPUNG",3,0,3,0,31583,28566,438,2579
"2022-01-20","LAMPUNG",1,1,0,0,31584,28567,438,2579
"2022-01-21","LAMPUNG",3,0,3,0,31587,28567,441,2579
"2022-01-22","LAMPUNG",6,2,3,1,31593,28569,444,2580
"2022-01-23","LAMPUNG",2,1,1,0,31595,28570,445,2580
"2022-01-24","LAMPUNG",3,1,2,0,31598,28571,447,2580
"2022-01-25","LAMPUNG",3,0,3,0,31601,28571,450,2580
"2022-01-26","LAMPUNG",7,0,7,0,31608,28571,457,2580
"2022-01-27","LAMPUNG",11,0,11,0,31619,28571,468,2580
"2022-01-28","LAMPUNG",24,7,17,0,31643,28578,485,2580
"2022-01-29","LAMPUNG",10,2,8,0,31653,28580,493,2580
"2022-01-30","LAMPUNG",25,64,-40,1,31678,28644,453,2581
"2022-01-31","LAMPUNG",29,1,28,0,31707,28645,481,2581
"2022-02-01","LAMPUNG",71,0,71,0,31778,28645,552,2581
"2022-02-02","LAMPUNG",52,0,52,0,31830,28645,604,2581
"2022-02-03","LAMPUNG",112,0,112,0,31942,28645,716,2581
"2022-02-04","LAMPUNG",169,3,166,0,32111,28648,882,2581
"2022-02-05","LAMPUNG",132,0,132,0,32243,28648,1014,2581
"2022-02-06","LAMPUNG",200,4,196,0,32443,28652,1210,2581
"2022-02-07","LAMPUNG",98,6,90,2,32541,28658,1300,2583
"2022-02-08","LAMPUNG",312,26,284,2,32853,28684,1584,2585
"2022-02-09","LAMPUNG",388,15,373,0,33241,28699,1957,2585
"2022-02-10","LAMPUNG",383,20,362,1,33624,28719,2319,2586
"2022-02-11","LAMPUNG",317,15,301,1,33941,28734,2620,2587
"2022-02-12","LAMPUNG",488,24,464,0,34429,28758,3084,2587
"2022-02-13","LAMPUNG",452,28,424,0,34881,28786,3508,2587
"2022-02-14","LAMPUNG",328,44,284,0,35209,28830,3792,2587
"2022-02-15","LAMPUNG",671,17,654,0,35880,28847,4446,2587
"2022-02-16","LAMPUNG",778,80,691,7,36658,28927,5137,2594
"2022-02-17","LAMPUNG",1039,44,992,3,37697,28971,6129,2597
"2022-02-18","LAMPUNG",871,137,730,4,38568,29108,6859,2601
"2022-02-19","LAMPUNG",965,123,839,3,39533,29231,7698,2604
"2022-02-20","LAMPUNG",891,106,778,7,40424,29337,8476,2611
"2022-02-21","LAMPUNG",571,87,482,2,40995,29424,8958,2613
"2022-02-22","LAMPUNG",1087,130,952,5,42082,29554,9910,2618
"2022-02-23","LAMPUNG",1027,106,916,5,43109,29660,10826,2623
"2022-02-24","LAMPUNG",994,207,781,6,44103,29867,11607,2629
"2022-02-25","LAMPUNG",886,212,671,3,44989,30079,12278,2632
"2022-02-26","LAMPUNG",872,221,644,7,45861,30300,12922,2639
"2022-02-27","LAMPUNG",651,268,382,1,46512,30568,13304,2640
"2022-02-28","LAMPUNG",420,375,44,1,46932,30943,13348,2641
"2022-03-01","LAMPUNG",564,315,227,22,47496,31258,13575,2663
"2022-03-02","LAMPUNG",693,769,-83,7,48189,32027,13492,2670
"2022-03-03","LAMPUNG",749,413,334,2,48938,32440,13826,2672
"2022-03-04","LAMPUNG",556,315,237,4,49494,32755,14063,2676
"2022-03-05","LAMPUNG",607,571,33,3,50101,33326,14096,2679
"2022-03-06","LAMPUNG",451,433,11,7,50552,33759,14107,2686
"2022-03-07","LAMPUNG",413,479,-73,7,50965,34238,14034,2693
"2022-03-08","LAMPUNG",2,7,-7,2,50967,34245,14027,2695
"2020-08-07","KEPULAUAN BANGKA BELITUNG",3,0,3,0,3,0,3,0
"2020-08-08","KEPULAUAN BANGKA BELITUNG",0,0,0,0,3,0,3,0
"2020-08-09","KEPULAUAN BANGKA BELITUNG",1,0,1,0,4,0,4,0
"2020-08-10","KEPULAUAN BANGKA BELITUNG",2,0,2,0,6,0,6,0
"2020-08-11","KEPULAUAN BANGKA BELITUNG",0,0,0,0,6,0,6,0
"2020-08-12","KEPULAUAN BANGKA BELITUNG",0,0,0,0,6,0,6,0
"2020-08-13","KEPULAUAN BANGKA BELITUNG",0,0,0,0,6,0,6,0
"2020-08-14","KEPULAUAN BANGKA BELITUNG",2,0,2,0,8,0,8,0
"2020-08-15","KEPULAUAN BANGKA BELITUNG",2,0,2,0,10,0,10,0
"2020-08-16","KEPULAUAN BANGKA BELITUNG",5,1,4,0,15,1,14,0
"2020-08-17","KEPULAUAN BANGKA BELITUNG",2,0,2,0,17,1,16,0
"2020-08-18","KEPULAUAN BANGKA BELITUNG",2,2,0,0,19,3,16,0
"2020-08-19","KEPULAUAN BANGKA BELITUNG",3,3,0,0,22,6,16,0
"2020-08-20","KEPULAUAN BANGKA BELITUNG",1,0,1,0,23,6,17,0
"2020-08-21","KEPULAUAN BANGKA BELITUNG",2,0,2,0,25,6,19,0
"2020-08-22","KEPULAUAN BANGKA BELITUNG",4,0,4,0,29,6,23,0
"2020-08-23","KEPULAUAN BANGKA BELITUNG",2,0,2,0,31,6,25,0
"2020-08-24","KEPULAUAN BANGKA BELITUNG",0,2,-2,0,31,8,23,0
"2020-08-25","KEPULAUAN BANGKA BELITUNG",3,5,-2,0,34,13,21,0
"2020-08-26","KEPULAUAN BANGKA BELITUNG",4,4,0,0,38,17,21,0
"2020-08-27","KEPULAUAN BANGKA BELITUNG",0,0,0,0,38,17,21,0
"2020-08-28","KEPULAUAN BANGKA BELITUNG",0,2,-2,0,38,19,19,0
"2020-08-29","KEPULAUAN BANGKA BELITUNG",0,3,-3,0,38,22,16,0
"2020-08-30","KEPULAUAN BANGKA BELITUNG",4,0,4,0,42,22,20,0
"2020-08-31","KEPULAUAN BANGKA BELITUNG",0,6,-6,0,42,28,14,0
"2020-09-01","KEPULAUAN BANGKA BELITUNG",0,0,0,0,42,28,14,0
"2020-09-02","KEPULAUAN BANGKA BELITUNG",0,1,-1,0,42,29,13,0
"2020-09-03","KEPULAUAN BANGKA BELITUNG",1,2,-1,0,43,31,12,0
"2020-09-04","KEPULAUAN BANGKA BELITUNG",2,2,0,0,45,33,12,0
"2020-09-05","KEPULAUAN BANGKA BELITUNG",0,3,-3,0,45,36,9,0
"2020-09-06","KEPULAUAN BANGKA BELITUNG",1,0,1,0,46,36,10,0
"2020-09-07","KEPULAUAN BANGKA BELITUNG",0,0,0,0,46,36,10,0
"2020-09-08","KEPULAUAN BANGKA BELITUNG",7,4,3,0,53,40,13,0
"2020-09-09","KEPULAUAN BANGKA BELITUNG",2,0,2,0,55,40,15,0
"2020-09-10","KEPULAUAN BANGKA BELITUNG",11,2,8,1,66,42,23,1
"2020-09-11","KEPULAUAN BANGKA BELITUNG",7,0,7,0,73,42,30,1
"2020-09-12","KEPULAUAN BANGKA BELITUNG",5,0,5,0,78,42,35,1
"2020-09-13","KEPULAUAN BANGKA BELITUNG",8,2,6,0,86,44,41,1
"2020-09-14","KEPULAUAN BANGKA BELITUNG",0,0,0,0,86,44,41,1
"2020-09-15","KEPULAUAN BANGKA BELITUNG",1,5,-4,0,87,49,37,1
"2020-09-16","KEPULAUAN BANGKA BELITUNG",11,2,9,0,98,51,46,1
"2020-09-17","KEPULAUAN BANGKA BELITUNG",10,0,10,0,108,51,56,1
"2020-09-18","KEPULAUAN BANGKA BELITUNG",1,3,-3,1,109,54,53,2
"2020-09-19","KEPULAUAN BANGKA BELITUNG",4,13,-9,0,113,67,44,2
"2020-09-20","KEPULAUAN BANGKA BELITUNG",1,2,-1,0,114,69,43,2
"2020-09-21","KEPULAUAN BANGKA BELITUNG",1,4,-3,0,115,73,40,2
"2020-09-22","KEPULAUAN BANGKA BELITUNG",8,1,7,0,123,74,47,2
"2020-09-23","KEPULAUAN BANGKA BELITUNG",14,0,14,0,137,74,61,2
"2020-09-24","KEPULAUAN BANGKA BELITUNG",1,5,-4,0,138,79,57,2
"2020-09-25","KEPULAUAN BANGKA BELITUNG",1,3,-2,0,139,82,55,2
"2020-09-26","KEPULAUAN BANGKA BELITUNG",1,1,0,0,140,83,55,2
"2020-09-27","KEPULAUAN BANGKA BELITUNG",0,13,-13,0,140,96,42,2
"2020-09-28","KEPULAUAN BANGKA BELITUNG",0,9,-9,0,140,105,33,2
"2020-09-29","KEPULAUAN BANGKA BELITUNG",10,2,8,0,150,107,41,2
"2020-09-30","KEPULAUAN BANGKA BELITUNG",14,1,13,0,164,108,54,2
"2020-10-01","KEPULAUAN BANGKA BELITUNG",10,0,10,0,174,108,64,2
"2020-10-02","KEPULAUAN BANGKA BELITUNG",16,9,6,1,190,117,70,3
"2020-10-03","KEPULAUAN BANGKA BELITUNG",0,4,-4,0,190,121,66,3
"2020-10-04","KEPULAUAN BANGKA BELITUNG",0,6,-7,1,190,127,59,4
"2020-10-05","KEPULAUAN BANGKA BELITUNG",12,6,6,0,202,133,65,4
"2020-10-06","KEPULAUAN BANGKA BELITUNG",5,2,3,0,207,135,68,4
"2020-10-07","KEPULAUAN BANGKA BELITUNG",10,1,9,0,217,136,77,4
"2020-10-08","KEPULAUAN BANGKA BELITUNG",2,0,2,0,219,136,79,4
"2020-10-09","KEPULAUAN BANGKA BELITUNG",14,2,12,0,233,138,91,4
"2020-10-10","KEPULAUAN BANGKA BELITUNG",7,23,-16,0,240,161,75,4
"2020-10-11","KEPULAUAN BANGKA BELITUNG",13,5,8,0,253,166,83,4
"2020-10-12","KEPULAUAN BANGKA BELITUNG",0,2,-2,0,253,168,81,4
"2020-10-13","KEPULAUAN BANGKA BELITUNG",1,11,-10,0,254,179,71,4
"2020-10-14","KEPULAUAN BANGKA BELITUNG",5,12,-7,0,259,191,64,4
"2020-10-15","KEPULAUAN BANGKA BELITUNG",4,7,-3,0,263,198,61,4
"2020-10-16","KEPULAUAN BANGKA BELITUNG",4,5,-1,0,267,203,60,4
"2020-10-17","KEPULAUAN BANGKA BELITUNG",11,11,0,0,278,214,60,4
"2020-10-18","KEPULAUAN BANGKA BELITUNG",16,6,9,1,294,220,69,5
"2020-10-19","KEPULAUAN BANGKA BELITUNG",1,14,-13,0,295,234,56,5
"2020-10-20","KEPULAUAN BANGKA BELITUNG",7,5,2,0,302,239,58,5
"2020-10-21","KEPULAUAN BANGKA BELITUNG",15,5,10,0,317,244,68,5
"2020-10-22","KEPULAUAN BANGKA BELITUNG",6,6,0,0,323,250,68,5
"2020-10-23","KEPULAUAN BANGKA BELITUNG",0,3,-3,0,323,253,65,5
"2020-10-24","KEPULAUAN BANGKA BELITUNG",0,2,-2,0,323,255,63,5
"2020-10-25","KEPULAUAN BANGKA BELITUNG",4,2,2,0,327,257,65,5
"2020-10-26","KEPULAUAN BANGKA BELITUNG",1,7,-6,0,328,264,59,5
"2020-10-27","KEPULAUAN BANGKA BELITUNG",12,13,-1,0,340,277,58,5
"2020-10-28","KEPULAUAN BANGKA BELITUNG",7,14,-7,0,347,291,51,5
"2020-10-29","KEPULAUAN BANGKA BELITUNG",5,2,3,0,352,293,54,5
"2020-10-30","KEPULAUAN BANGKA BELITUNG",3,0,3,0,355,293,57,5
"2020-10-31","KEPULAUAN BANGKA BELITUNG",2,12,-10,0,357,305,47,5
"2020-11-01","KEPULAUAN BANGKA BELITUNG",4,2,2,0,361,307,49,5
"2020-11-02","KEPULAUAN BANGKA BELITUNG",5,7,-2,0,366,314,47,5
"2020-11-03","KEPULAUAN BANGKA BELITUNG",11,7,4,0,377,321,51,5
"2020-11-04","KEPULAUAN BANGKA BELITUNG",34,1,33,0,411,322,84,5
"2020-11-05","KEPULAUAN BANGKA BELITUNG",15,3,12,0,426,325,96,5
"2020-11-06","KEPULAUAN BANGKA BELITUNG",15,13,2,0,441,338,98,5
"2020-11-07","KEPULAUAN BANGKA BELITUNG",13,4,9,0,454,342,107,5
"2020-11-08","KEPULAUAN BANGKA BELITUNG",16,9,7,0,470,351,114,5
"2020-11-09","KEPULAUAN BANGKA BELITUNG",0,7,-7,0,470,358,107,5
"2020-11-10","KEPULAUAN BANGKA BELITUNG",10,0,9,1,480,358,116,6
"2020-11-11","KEPULAUAN BANGKA BELITUNG",48,3,45,0,528,361,161,6
"2020-11-12","KEPULAUAN BANGKA BELITUNG",23,4,17,2,551,365,178,8
"2020-11-13","KEPULAUAN BANGKA BELITUNG",11,9,2,0,562,374,180,8
"2020-11-14","KEPULAUAN BANGKA BELITUNG",15,45,-30,0,577,419,150,8
"2020-11-15","KEPULAUAN BANGKA BELITUNG",0,10,-10,0,577,429,140,8
"2020-11-16","KEPULAUAN BANGKA BELITUNG",2,7,-5,0,579,436,135,8
"2020-11-17","KEPULAUAN BANGKA BELITUNG",15,46,-31,0,594,482,104,8
"2020-11-18","KEPULAUAN BANGKA BELITUNG",12,14,-2,0,606,496,102,8
"2020-11-19","KEPULAUAN BANGKA BELITUNG",23,0,22,1,629,496,124,9
"2020-11-20","KEPULAUAN BANGKA BELITUNG",10,27,-17,0,639,523,107,9
"2020-11-21","KEPULAUAN BANGKA BELITUNG",8,7,1,0,647,530,108,9
"2020-11-22","KEPULAUAN BANGKA BELITUNG",9,5,4,0,656,535,112,9
"2020-11-23","KEPULAUAN BANGKA BELITUNG",11,6,4,1,667,541,116,10
"2020-11-24","KEPULAUAN BANGKA BELITUNG",15,5,10,0,682,546,126,10
"2020-11-25","KEPULAUAN BANGKA BELITUNG",19,12,7,0,701,558,133,10
"2020-11-26","KEPULAUAN BANGKA BELITUNG",17,2,15,0,718,560,148,10
"2020-11-27","KEPULAUAN BANGKA BELITUNG",20,11,9,0,738,571,157,10
"2020-11-28","KEPULAUAN BANGKA BELITUNG",18,23,-6,1,756,594,151,11
"2020-11-29","KEPULAUAN BANGKA BELITUNG",12,23,-11,0,768,617,140,11
"2020-11-30","KEPULAUAN BANGKA BELITUNG",8,12,-4,0,776,629,136,11
"2020-12-01","KEPULAUAN BANGKA BELITUNG",34,23,10,1,810,652,146,12
"2020-12-02","KEPULAUAN BANGKA BELITUNG",0,6,-6,0,810,658,140,12
"2020-12-03","KEPULAUAN BANGKA BELITUNG",0,9,-10,1,810,667,130,13
"2020-12-04","KEPULAUAN BANGKA BELITUNG",81,9,72,0,891,676,202,13
"2020-12-05","KEPULAUAN BANGKA BELITUNG",26,23,1,2,917,699,203,15
"2020-12-06","KEPULAUAN BANGKA BELITUNG",42,29,13,0,959,728,216,15
"2020-12-07","KEPULAUAN BANGKA BELITUNG",14,17,-4,1,973,745,212,16
"2020-12-08","KEPULAUAN BANGKA BELITUNG",40,10,30,0,1013,755,242,16
"2020-12-09","KEPULAUAN BANGKA BELITUNG",22,9,12,1,1035,764,254,17
"2020-12-10","KEPULAUAN BANGKA BELITUNG",13,4,9,0,1048,768,263,17
"2020-12-11","KEPULAUAN BANGKA BELITUNG",28,46,-18,0,1076,814,245,17
"2020-12-12","KEPULAUAN BANGKA BELITUNG",39,10,29,0,1115,824,274,17
"2020-12-13","KEPULAUAN BANGKA BELITUNG",49,30,18,1,1164,854,292,18
"2020-12-14","KEPULAUAN BANGKA BELITUNG",13,26,-13,0,1177,880,279,18
"2020-12-15","KEPULAUAN BANGKA BELITUNG",39,48,-10,1,1216,928,269,19
"2020-12-16","KEPULAUAN BANGKA BELITUNG",0,30,-32,2,1216,958,237,21
"2020-12-17","KEPULAUAN BANGKA BELITUNG",0,14,-14,0,1216,972,223,21
"2020-12-18","KEPULAUAN BANGKA BELITUNG",0,25,-26,1,1216,997,197,22
"2020-12-19","KEPULAUAN BANGKA BELITUNG",0,28,-28,0,1216,1025,169,22
"2020-12-20","KEPULAUAN BANGKA BELITUNG",0,15,-15,0,1216,1040,154,22
"2020-12-21","KEPULAUAN BANGKA BELITUNG",0,29,-29,0,1216,1069,125,22
"2020-12-22","KEPULAUAN BANGKA BELITUNG",0,16,-16,0,1216,1085,109,22
"2020-12-23","KEPULAUAN BANGKA BELITUNG",0,1,-1,0,1216,1086,108,22
"2020-12-24","KEPULAUAN BANGKA BELITUNG",68,16,52,0,1284,1102,160,22
"2020-12-25","KEPULAUAN BANGKA BELITUNG",79,19,60,0,1363,1121,220,22
"2020-12-26","KEPULAUAN BANGKA BELITUNG",54,0,53,1,1417,1121,273,23
"2020-12-27","KEPULAUAN BANGKA BELITUNG",75,55,19,1,1492,1176,292,24
"2020-12-28","KEPULAUAN BANGKA BELITUNG",61,18,43,0,1553,1194,335,24
"2020-12-29","KEPULAUAN BANGKA BELITUNG",54,28,25,1,1607,1222,360,25
"2020-12-30","KEPULAUAN BANGKA BELITUNG",90,13,76,1,1697,1235,436,26
"2020-12-31","KEPULAUAN BANGKA BELITUNG",55,34,20,1,1752,1269,456,27
"2021-01-01","KEPULAUAN BANGKA BELITUNG",80,25,54,1,1832,1294,510,28
"2021-01-02","KEPULAUAN BANGKA BELITUNG",60,23,37,0,1892,1317,547,28
"2021-01-03","KEPULAUAN BANGKA BELITUNG",0,37,-37,0,1892,1354,510,28
"2021-01-04","KEPULAUAN BANGKA BELITUNG",0,17,-17,0,1892,1371,493,28
"2021-01-05","KEPULAUAN BANGKA BELITUNG",0,53,-53,0,1892,1424,440,28
"2021-01-06","KEPULAUAN BANGKA BELITUNG",0,58,-58,0,1892,1482,382,28
"2021-01-07","KEPULAUAN BANGKA BELITUNG",0,62,-64,2,1892,1544,318,30
"2021-01-08","KEPULAUAN BANGKA BELITUNG",0,34,-34,0,1892,1578,284,30
"2021-01-09","KEPULAUAN BANGKA BELITUNG",0,29,-29,0,1892,1607,255,30
"2021-01-10","KEPULAUAN BANGKA BELITUNG",0,51,-51,0,1892,1658,204,30
"2021-01-11","KEPULAUAN BANGKA BELITUNG",0,31,-31,0,1892,1689,173,30
"2021-01-12","KEPULAUAN BANGKA BELITUNG",0,17,-17,0,1892,1706,156,30
"2021-01-13","KEPULAUAN BANGKA BELITUNG",88,56,29,3,1980,1762,185,33
"2021-01-14","KEPULAUAN BANGKA BELITUNG",62,35,25,2,2042,1797,210,35
"2021-01-15","KEPULAUAN BANGKA BELITUNG",45,62,-19,2,2087,1859,191,37
"2021-01-16","KEPULAUAN BANGKA BELITUNG",69,27,41,1,2156,1886,232,38
"2021-01-17","KEPULAUAN BANGKA BELITUNG",85,38,46,1,2241,1924,278,39
"2021-01-18","KEPULAUAN BANGKA BELITUNG",60,60,-2,2,2301,1984,276,41
"2021-01-19","KEPULAUAN BANGKA BELITUNG",0,10,-10,0,2301,1994,266,41
"2021-01-20","KEPULAUAN BANGKA BELITUNG",0,14,-14,0,2301,2008,252,41
"2021-01-21","KEPULAUAN BANGKA BELITUNG",0,7,-8,1,2301,2015,244,42
"2021-01-22","KEPULAUAN BANGKA BELITUNG",0,12,-12,0,2301,2027,232,42
"2021-01-23","KEPULAUAN BANGKA BELITUNG",0,12,-12,0,2301,2039,220,42
"2021-01-24","KEPULAUAN BANGKA BELITUNG",0,4,-5,1,2301,2043,215,43
"2021-01-25","KEPULAUAN BANGKA BELITUNG",0,5,-5,0,2301,2048,210,43
"2021-01-26","KEPULAUAN BANGKA BELITUNG",0,10,-10,0,2301,2058,200,43
"2021-01-27","KEPULAUAN BANGKA BELITUNG",0,45,-45,0,2301,2103,155,43
"2021-01-28","KEPULAUAN BANGKA BELITUNG",0,20,-20,0,2301,2123,135,43
"2021-01-29","KEPULAUAN BANGKA BELITUNG",0,16,-16,0,2301,2139,119,43
"2021-01-30","KEPULAUAN BANGKA BELITUNG",0,38,-38,0,2301,2177,81,43
"2021-01-31","KEPULAUAN BANGKA BELITUNG",0,28,-28,0,2301,2205,53,43
"2021-02-01","KEPULAUAN BANGKA BELITUNG",0,15,-15,0,2301,2220,38,43
"2021-02-02","KEPULAUAN BANGKA BELITUNG",38,0,38,0,2339,2220,76,43
"2021-02-03","KEPULAUAN BANGKA BELITUNG",97,51,46,0,2436,2271,122,43
"2021-02-04","KEPULAUAN BANGKA BELITUNG",121,76,45,0,2557,2347,167,43
"2021-02-05","KEPULAUAN BANGKA BELITUNG",115,36,79,0,2672,2383,246,43
"2021-02-06","KEPULAUAN BANGKA BELITUNG",135,74,60,1,2807,2457,306,44
"2021-02-07","KEPULAUAN BANGKA BELITUNG",95,54,40,1,2902,2511,346,45
"2021-02-08","KEPULAUAN BANGKA BELITUNG",0,17,-18,1,2902,2528,328,46
"2021-02-09","KEPULAUAN BANGKA BELITUNG",0,1,-1,0,2902,2529,327,46
"2021-02-10","KEPULAUAN BANGKA BELITUNG",0,5,-5,0,2902,2534,322,46
"2021-02-11","KEPULAUAN BANGKA BELITUNG",0,7,-7,0,2902,2541,315,46
"2021-02-12","KEPULAUAN BANGKA BELITUNG",0,4,-4,0,2902,2545,311,46
"2021-02-13","KEPULAUAN BANGKA BELITUNG",0,6,-6,0,2902,2551,305,46
"2021-02-14","KEPULAUAN BANGKA BELITUNG",0,5,-5,0,2902,2556,300,46
"2021-02-15","KEPULAUAN BANGKA BELITUNG",0,8,-8,0,2902,2564,292,46
"2021-02-16","KEPULAUAN BANGKA BELITUNG",0,2,-2,0,2902,2566,290,46
"2021-02-17","KEPULAUAN BANGKA BELITUNG",0,3,-3,0,2902,2569,287,46
"2021-02-18","KEPULAUAN BANGKA BELITUNG",0,89,-89,0,2902,2658,198,46
"2021-02-19","KEPULAUAN BANGKA BELITUNG",0,72,-73,1,2902,2730,125,47
"2021-02-20","KEPULAUAN BANGKA BELITUNG",0,58,-58,0,2902,2788,67,47
"2021-02-21","KEPULAUAN BANGKA BELITUNG",0,39,-39,0,2902,2827,28,47
"2021-02-22","KEPULAUAN BANGKA BELITUNG",70,2,68,0,2972,2829,96,47
"2021-02-23","KEPULAUAN BANGKA BELITUNG",41,6,35,0,3013,2835,131,47
"2021-02-24","KEPULAUAN BANGKA BELITUNG",236,8,228,0,3249,2843,359,47
"2021-02-25","KEPULAUAN BANGKA BELITUNG",45,190,-146,1,3294,3033,213,48
"2021-02-26","KEPULAUAN BANGKA BELITUNG",70,5,64,1,3364,3038,277,49
"2021-02-27","KEPULAUAN BANGKA BELITUNG",44,14,29,1,3408,3052,306,50
"2021-02-28","KEPULAUAN BANGKA BELITUNG",47,37,10,0,3455,3089,316,50
"2021-03-01","KEPULAUAN BANGKA BELITUNG",27,12,14,1,3482,3101,330,51
"2021-03-02","KEPULAUAN BANGKA BELITUNG",0,25,-25,0,3482,3126,305,51
"2021-03-03","KEPULAUAN BANGKA BELITUNG",0,20,-20,0,3482,3146,285,51
"2021-03-04","KEPULAUAN BANGKA BELITUNG",0,19,-19,0,3482,3165,266,51
"2021-03-05","KEPULAUAN BANGKA BELITUNG",0,26,-26,0,3482,3191,240,51
"2021-03-06","KEPULAUAN BANGKA BELITUNG",0,27,-28,1,3482,3218,212,52
"2021-03-07","KEPULAUAN BANGKA BELITUNG",0,14,-14,0,3482,3232,198,52
"2021-03-08","KEPULAUAN BANGKA BELITUNG",0,40,-40,0,3482,3272,158,52
"2021-03-09","KEPULAUAN BANGKA BELITUNG",0,44,-44,0,3482,3316,114,52
"2021-03-10","KEPULAUAN BANGKA BELITUNG",0,8,-8,0,3482,3324,106,52
"2021-03-11","KEPULAUAN BANGKA BELITUNG",0,12,-12,0,3482,3336,94,52
"2021-03-12","KEPULAUAN BANGKA BELITUNG",0,34,-34,0,3482,3370,60,52
"2021-03-13","KEPULAUAN BANGKA BELITUNG",0,7,-7,0,3482,3377,53,52
"2021-03-14","KEPULAUAN BANGKA BELITUNG",86,31,55,0,3568,3408,108,52
"2021-03-15","KEPULAUAN BANGKA BELITUNG",49,15,34,0,3617,3423,142,52
"2021-03-16","KEPULAUAN BANGKA BELITUNG",91,11,79,1,3708,3434,221,53
"2021-03-17","KEPULAUAN BANGKA BELITUNG",50,0,50,0,3758,3434,271,53
"2021-03-18","KEPULAUAN BANGKA BELITUNG",59,4,52,3,3817,3438,323,56
"2021-03-19","KEPULAUAN BANGKA BELITUNG",58,3,54,1,3875,3441,377,57
"2021-03-20","KEPULAUAN BANGKA BELITUNG",165,59,105,1,4040,3500,482,58
"2021-03-21","KEPULAUAN BANGKA BELITUNG",95,35,57,3,4135,3535,539,61
"2021-03-22","KEPULAUAN BANGKA BELITUNG",84,29,53,2,4219,3564,592,63
"2021-03-23","KEPULAUAN BANGKA BELITUNG",44,39,4,1,4263,3603,596,64
"2021-03-24","KEPULAUAN BANGKA BELITUNG",68,34,34,0,4331,3637,630,64
"2021-03-25","KEPULAUAN BANGKA BELITUNG",0,48,-49,1,4331,3685,581,65
"2021-03-26","KEPULAUAN BANGKA BELITUNG",0,65,-65,0,4331,3750,516,65
"2021-03-27","KEPULAUAN BANGKA BELITUNG",0,23,-25,2,4331,3773,491,67
"2021-03-28","KEPULAUAN BANGKA BELITUNG",0,48,-48,0,4331,3821,443,67
"2021-03-29","KEPULAUAN BANGKA BELITUNG",0,44,-45,1,4331,3865,398,68
"2021-03-30","KEPULAUAN BANGKA BELITUNG",0,59,-60,1,4331,3924,338,69
"2021-03-31","KEPULAUAN BANGKA BELITUNG",0,85,-86,1,4331,4009,252,70
"2021-04-01","KEPULAUAN BANGKA BELITUNG",0,38,-38,0,4331,4047,214,70
"2021-04-02","KEPULAUAN BANGKA BELITUNG",0,35,-35,0,4331,4082,179,70
"2021-04-03","KEPULAUAN BANGKA BELITUNG",83,48,35,0,4414,4130,214,70
"2021-04-04","KEPULAUAN BANGKA BELITUNG",60,30,28,2,4474,4160,242,72
"2021-04-05","KEPULAUAN BANGKA BELITUNG",102,18,84,0,4576,4178,326,72
"2021-04-06","KEPULAUAN BANGKA BELITUNG",62,23,38,1,4638,4201,364,73
"2021-04-07","KEPULAUAN BANGKA BELITUNG",72,45,26,1,4710,4246,390,74
"2021-04-08","KEPULAUAN BANGKA BELITUNG",95,10,85,0,4805,4256,475,74
"2021-04-09","KEPULAUAN BANGKA BELITUNG",71,6,64,1,4876,4262,539,75
"2021-04-10","KEPULAUAN BANGKA BELITUNG",54,35,17,2,4930,4297,556,77
"2021-04-11","KEPULAUAN BANGKA BELITUNG",183,60,121,2,5113,4357,677,79
"2021-04-12","KEPULAUAN BANGKA BELITUNG",81,23,56,2,5194,4380,733,81
"2021-04-13","KEPULAUAN BANGKA BELITUNG",117,46,71,0,5311,4426,804,81
"2021-04-14","KEPULAUAN BANGKA BELITUNG",144,18,126,0,5455,4444,930,81
"2021-04-15","KEPULAUAN BANGKA BELITUNG",0,91,-91,0,5455,4535,839,81
"2021-04-16","KEPULAUAN BANGKA BELITUNG",0,54,-54,0,5455,4589,785,81
"2021-04-17","KEPULAUAN BANGKA BELITUNG",0,39,-41,2,5455,4628,744,83
"2021-04-18","KEPULAUAN BANGKA BELITUNG",0,33,-34,1,5455,4661,710,84
"2021-04-19","KEPULAUAN BANGKA BELITUNG",0,124,-125,1,5455,4785,585,85
"2021-04-20","KEPULAUAN BANGKA BELITUNG",0,112,-113,1,5455,4897,472,86
"2021-04-21","KEPULAUAN BANGKA BELITUNG",0,51,-51,0,5455,4948,421,86
"2021-04-22","KEPULAUAN BANGKA BELITUNG",0,68,-68,0,5455,5016,353,86
"2021-04-23","KEPULAUAN BANGKA BELITUNG",339,214,124,1,5794,5230,477,87
"2021-04-24","KEPULAUAN BANGKA BELITUNG",167,154,12,1,5961,5384,489,88
"2021-04-25","KEPULAUAN BANGKA BELITUNG",263,56,206,1,6224,5440,695,89
"2021-04-26","KEPULAUAN BANGKA BELITUNG",194,75,116,3,6418,5515,811,92
"2021-04-27","KEPULAUAN BANGKA BELITUNG",160,143,12,5,6578,5658,823,97
"2021-04-28","KEPULAUAN BANGKA BELITUNG",160,27,129,4,6738,5685,952,101
"2021-04-29","KEPULAUAN BANGKA BELITUNG",238,41,194,3,6976,5726,1146,104
"2021-04-30","KEPULAUAN BANGKA BELITUNG",226,64,159,3,7202,5790,1305,107
"2021-05-01","KEPULAUAN BANGKA BELITUNG",200,78,121,1,7402,5868,1426,108
"2021-05-02","KEPULAUAN BANGKA BELITUNG",93,65,25,3,7495,5933,1451,111
"2021-05-03","KEPULAUAN BANGKA BELITUNG",82,96,-14,0,7577,6029,1437,111
"2021-05-04","KEPULAUAN BANGKA BELITUNG",167,115,50,2,7744,6144,1487,113
"2021-05-05","KEPULAUAN BANGKA BELITUNG",0,78,-78,0,7744,6222,1409,113
"2021-05-06","KEPULAUAN BANGKA BELITUNG",0,134,-135,1,7744,6356,1274,114
"2021-05-07","KEPULAUAN BANGKA BELITUNG",0,333,-333,0,7744,6689,941,114
"2021-05-08","KEPULAUAN BANGKA BELITUNG",0,143,-144,1,7744,6832,797,115
"2021-05-09","KEPULAUAN BANGKA BELITUNG",0,151,-151,0,7744,6983,646,115
"2021-05-10","KEPULAUAN BANGKA BELITUNG",0,116,-116,0,7744,7099,530,115
"2021-05-11","KEPULAUAN BANGKA BELITUNG",0,148,-148,0,7744,7247,382,115
"2021-05-12","KEPULAUAN BANGKA BELITUNG",0,70,-71,1,7744,7317,311,116
"2021-05-13","KEPULAUAN BANGKA BELITUNG",73,22,50,1,7817,7339,361,117
"2021-05-14","KEPULAUAN BANGKA BELITUNG",65,25,40,0,7882,7364,401,117
"2021-05-15","KEPULAUAN BANGKA BELITUNG",41,54,-14,1,7923,7418,387,118
"2021-05-16","KEPULAUAN BANGKA BELITUNG",75,49,24,2,7998,7467,411,120
"2021-05-17","KEPULAUAN BANGKA BELITUNG",108,69,39,0,8106,7536,450,120
"2021-05-18","KEPULAUAN BANGKA BELITUNG",131,65,64,2,8237,7601,514,122
"2021-05-19","KEPULAUAN BANGKA BELITUNG",164,11,151,2,8401,7612,665,124
"2021-05-20","KEPULAUAN BANGKA BELITUNG",194,19,173,2,8595,7631,838,126
"2021-05-21","KEPULAUAN BANGKA BELITUNG",240,31,208,1,8835,7662,1046,127
"2021-05-22","KEPULAUAN BANGKA BELITUNG",190,30,159,1,9025,7692,1205,128
"2021-05-23","KEPULAUAN BANGKA BELITUNG",183,75,108,0,9208,7767,1313,128
"2021-05-24","KEPULAUAN BANGKA BELITUNG",135,56,79,0,9343,7823,1392,128
"2021-05-25","KEPULAUAN BANGKA BELITUNG",166,34,127,5,9509,7857,1519,133
"2021-05-26","KEPULAUAN BANGKA BELITUNG",271,61,208,2,9780,7918,1727,135
"2021-05-27","KEPULAUAN BANGKA BELITUNG",0,91,-92,1,9780,8009,1635,136
"2021-05-28","KEPULAUAN BANGKA BELITUNG",0,119,-124,5,9780,8128,1511,141
"2021-05-29","KEPULAUAN BANGKA BELITUNG",0,210,-211,1,9780,8338,1300,142
"2021-05-30","KEPULAUAN BANGKA BELITUNG",0,115,-115,0,9780,8453,1185,142
"2021-05-31","KEPULAUAN BANGKA BELITUNG",0,248,-248,0,9780,8701,937,142
"2021-06-01","KEPULAUAN BANGKA BELITUNG",0,146,-146,0,9780,8847,791,142
"2021-06-02","KEPULAUAN BANGKA BELITUNG",100,141,-45,4,9880,8988,746,146
"2021-06-03","KEPULAUAN BANGKA BELITUNG",159,171,-12,0,10039,9159,734,146
"2021-06-04","KEPULAUAN BANGKA BELITUNG",279,124,153,2,10318,9283,887,148
"2021-06-05","KEPULAUAN BANGKA BELITUNG",149,79,67,3,10467,9362,954,151
"2021-06-06","KEPULAUAN BANGKA BELITUNG",52,75,-26,3,10519,9437,928,154
"2021-06-07","KEPULAUAN BANGKA BELITUNG",68,118,-53,3,10587,9555,875,157
"2021-06-08","KEPULAUAN BANGKA BELITUNG",113,55,57,1,10700,9610,932,158
"2021-06-09","KEPULAUAN BANGKA BELITUNG",108,69,35,4,10808,9679,967,162
"2021-06-10","KEPULAUAN BANGKA BELITUNG",89,67,19,3,10897,9746,986,165
"2021-06-11","KEPULAUAN BANGKA BELITUNG",0,63,-64,1,10897,9809,922,166
"2021-06-12","KEPULAUAN BANGKA BELITUNG",0,125,-126,1,10897,9934,796,167
"2021-06-13","KEPULAUAN BANGKA BELITUNG",0,87,-87,0,10897,10021,709,167
"2021-06-14","KEPULAUAN BANGKA BELITUNG",0,113,-114,1,10897,10134,595,168
"2021-06-15","KEPULAUAN BANGKA BELITUNG",1,137,-136,0,10898,10271,459,168
"2021-06-16","KEPULAUAN BANGKA BELITUNG",0,86,-88,2,10898,10357,371,170
"2021-06-17","KEPULAUAN BANGKA BELITUNG",0,87,-88,1,10898,10444,283,171
"2021-06-18","KEPULAUAN BANGKA BELITUNG",0,52,-53,1,10898,10496,230,172
"2021-06-19","KEPULAUAN BANGKA BELITUNG",0,52,-52,0,10898,10548,178,172
"2021-06-20","KEPULAUAN BANGKA BELITUNG",0,57,-57,0,10898,10605,121,172
"2021-06-21","KEPULAUAN BANGKA BELITUNG",0,42,-42,0,10898,10647,79,172
"2021-06-22","KEPULAUAN BANGKA BELITUNG",89,22,66,1,10987,10669,145,173
"2021-06-23","KEPULAUAN BANGKA BELITUNG",90,7,82,1,11077,10676,227,174
"2021-06-24","KEPULAUAN BANGKA BELITUNG",120,19,101,0,11197,10695,328,174
"2021-06-25","KEPULAUAN BANGKA BELITUNG",68,12,56,0,11265,10707,384,174
"2021-06-26","KEPULAUAN BANGKA BELITUNG",0,3,-3,0,11265,10710,381,174
"2021-06-27","KEPULAUAN BANGKA BELITUNG",0,9,-9,0,11265,10719,372,174
"2021-06-28","KEPULAUAN BANGKA BELITUNG",0,9,-9,0,11265,10728,363,174
"2021-06-29","KEPULAUAN BANGKA BELITUNG",0,30,-30,0,11265,10758,333,174
"2021-06-30","KEPULAUAN BANGKA BELITUNG",1,17,-16,0,11266,10775,317,174
"2021-07-01","KEPULAUAN BANGKA BELITUNG",1,47,-47,1,11267,10822,270,175
"2021-07-02","KEPULAUAN BANGKA BELITUNG",0,42,-42,0,11267,10864,228,175
"2021-07-03","KEPULAUAN BANGKA BELITUNG",0,63,-63,0,11267,10927,165,175
"2021-07-04","KEPULAUAN BANGKA BELITUNG",170,65,104,1,11437,10992,269,176
"2021-07-05","KEPULAUAN BANGKA BELITUNG",173,34,138,1,11610,11026,407,177
"2021-07-06","KEPULAUAN BANGKA BELITUNG",241,31,206,4,11851,11057,613,181
"2021-07-07","KEPULAUAN BANGKA BELITUNG",223,20,196,7,12074,11077,809,188
"2021-07-08","KEPULAUAN BANGKA BELITUNG",288,3,282,3,12362,11080,1091,191
"2021-07-09","KEPULAUAN BANGKA BELITUNG",287,1,281,5,12649,11081,1372,196
"2021-07-10","KEPULAUAN BANGKA BELITUNG",322,27,290,5,12971,11108,1662,201
"2021-07-11","KEPULAUAN BANGKA BELITUNG",262,33,222,7,13233,11141,1884,208
"2021-07-12","KEPULAUAN BANGKA BELITUNG",217,27,185,5,13450,11168,2069,213
"2021-07-13","KEPULAUAN BANGKA BELITUNG",106,71,27,8,13556,11239,2096,221
"2021-07-14","KEPULAUAN BANGKA BELITUNG",18,138,-122,2,13574,11377,1974,223
"2021-07-15","KEPULAUAN BANGKA BELITUNG",9,104,-99,4,13583,11481,1875,227
"2021-07-16","KEPULAUAN BANGKA BELITUNG",8,200,-193,1,13591,11681,1682,228
"2021-07-17","KEPULAUAN BANGKA BELITUNG",429,119,300,10,14020,11800,1982,238
"2021-07-18","KEPULAUAN BANGKA BELITUNG",309,248,53,8,14329,12048,2035,246
"2021-07-19","KEPULAUAN BANGKA BELITUNG",274,204,63,7,14603,12252,2098,253
"2021-07-20","KEPULAUAN BANGKA BELITUNG",283,255,18,10,14886,12507,2116,263
"2021-07-21","KEPULAUAN BANGKA BELITUNG",285,164,108,13,15171,12671,2224,276
"2021-07-22","KEPULAUAN BANGKA BELITUNG",520,98,414,8,15691,12769,2638,284
"2021-07-23","KEPULAUAN BANGKA BELITUNG",636,221,397,18,16327,12990,3035,302
"2021-07-24","KEPULAUAN BANGKA BELITUNG",590,107,469,14,16917,13097,3504,316
"2021-07-25","KEPULAUAN BANGKA BELITUNG",621,145,466,10,17538,13242,3970,326
"2021-07-26","KEPULAUAN BANGKA BELITUNG",251,217,19,15,17789,13459,3989,341
"2021-07-27","KEPULAUAN BANGKA BELITUNG",704,147,542,15,18493,13606,4531,356
"2021-07-28","KEPULAUAN BANGKA BELITUNG",629,268,343,18,19122,13874,4874,374
"2021-07-29","KEPULAUAN BANGKA BELITUNG",591,274,298,19,19713,14148,5172,393
"2021-07-30","KEPULAUAN BANGKA BELITUNG",593,335,241,17,20306,14483,5413,410
"2021-07-31","KEPULAUAN BANGKA BELITUNG",573,361,194,18,20879,14844,5607,428
"2021-08-01","KEPULAUAN BANGKA BELITUNG",447,415,7,25,21326,15259,5614,453
"2021-08-02","KEPULAUAN BANGKA BELITUNG",337,414,-103,26,21663,15673,5511,479
"2021-08-03","KEPULAUAN BANGKA BELITUNG",114,433,-326,7,21777,16106,5185,486
"2021-08-04","KEPULAUAN BANGKA BELITUNG",23,540,-522,5,21800,16646,4663,491
"2021-08-05","KEPULAUAN BANGKA BELITUNG",29,488,-469,10,21829,17134,4194,501
"2021-08-06","KEPULAUAN BANGKA BELITUNG",43,489,-451,5,21872,17623,3743,506
"2021-08-07","KEPULAUAN BANGKA BELITUNG",21,466,-449,4,21893,18089,3294,510
"2021-08-08","KEPULAUAN BANGKA BELITUNG",17,563,-552,6,21910,18652,2742,516
"2021-08-09","KEPULAUAN BANGKA BELITUNG",216,399,-201,18,22126,19051,2541,534
"2021-08-10","KEPULAUAN BANGKA BELITUNG",686,473,194,19,22812,19524,2735,553
"2021-08-11","KEPULAUAN BANGKA BELITUNG",500,362,119,19,23312,19886,2854,572
"2021-08-12","KEPULAUAN BANGKA BELITUNG",389,169,207,13,23701,20055,3061,585
"2021-08-13","KEPULAUAN BANGKA BELITUNG",650,324,308,18,24351,20379,3369,603
"2021-08-14","KEPULAUAN BANGKA BELITUNG",538,129,396,13,24889,20508,3765,616
"2021-08-15","KEPULAUAN BANGKA BELITUNG",297,159,131,7,25186,20667,3896,623
"2021-08-16","KEPULAUAN BANGKA BELITUNG",220,153,53,14,25406,20820,3949,637
"2021-08-17","KEPULAUAN BANGKA BELITUNG",320,240,71,9,25726,21060,4020,646
"2021-08-18","KEPULAUAN BANGKA BELITUNG",263,157,90,16,25989,21217,4110,662
"2021-08-19","KEPULAUAN BANGKA BELITUNG",416,293,111,12,26405,21510,4221,674
"2021-08-20","KEPULAUAN BANGKA BELITUNG",403,337,50,16,26808,21847,4271,690
"2021-08-21","KEPULAUAN BANGKA BELITUNG",360,306,42,12,27168,22153,4313,702
"2021-08-22","KEPULAUAN BANGKA BELITUNG",275,422,-161,14,27443,22575,4152,716
"2021-08-23","KEPULAUAN BANGKA BELITUNG",33,413,-388,8,27476,22988,3764,724
"2021-08-24","KEPULAUAN BANGKA BELITUNG",20,327,-317,10,27496,23315,3447,734
"2021-08-25","KEPULAUAN BANGKA BELITUNG",18,346,-341,13,27514,23661,3106,747
"2021-08-26","KEPULAUAN BANGKA BELITUNG",14,312,-300,2,27528,23973,2806,749
"2021-08-27","KEPULAUAN BANGKA BELITUNG",24,301,-284,7,27552,24274,2522,756
"2021-08-28","KEPULAUAN BANGKA BELITUNG",12,317,-308,3,27564,24591,2214,759
"2021-08-29","KEPULAUAN BANGKA BELITUNG",20,291,-276,5,27584,24882,1938,764
"2021-08-30","KEPULAUAN BANGKA BELITUNG",13,274,-264,3,27597,25156,1674,767
"2021-08-31","KEPULAUAN BANGKA BELITUNG",36,274,-239,1,27633,25430,1435,768
"2021-09-01","KEPULAUAN BANGKA BELITUNG",192,292,-106,6,27825,25722,1329,774
"2021-09-02","KEPULAUAN BANGKA BELITUNG",278,121,157,0,28103,25843,1486,774
"2021-09-03","KEPULAUAN BANGKA BELITUNG",250,95,149,6,28353,25938,1635,780
"2021-09-04","KEPULAUAN BANGKA BELITUNG",241,134,101,6,28594,26072,1736,786
"2021-09-05","KEPULAUAN BANGKA BELITUNG",157,16,135,6,28751,26088,1871,792
"2021-09-06","KEPULAUAN BANGKA BELITUNG",153,83,66,4,28904,26171,1937,796
"2021-09-07","KEPULAUAN BANGKA BELITUNG",295,47,241,7,29199,26218,2178,803
"2021-09-08","KEPULAUAN BANGKA BELITUNG",235,100,127,8,29434,26318,2305,811
"2021-09-09","KEPULAUAN BANGKA BELITUNG",230,69,153,8,29664,26387,2458,819
"2021-09-10","KEPULAUAN BANGKA BELITUNG",146,77,61,8,29810,26464,2519,827
"2021-09-11","KEPULAUAN BANGKA BELITUNG",197,204,-15,8,30007,26668,2504,835
"2021-09-12","KEPULAUAN BANGKA BELITUNG",123,147,-27,3,30130,26815,2477,838
"2021-09-13","KEPULAUAN BANGKA BELITUNG",80,226,-152,6,30210,27041,2325,844
"2021-09-14","KEPULAUAN BANGKA BELITUNG",160,191,-35,4,30370,27232,2290,848
"2021-09-15","KEPULAUAN BANGKA BELITUNG",135,185,-54,4,30505,27417,2236,852
"2021-09-16","KEPULAUAN BANGKA BELITUNG",98,339,-247,6,30603,27756,1989,858
"2021-09-17","KEPULAUAN BANGKA BELITUNG",122,234,-114,2,30725,27990,1875,860
"2021-09-18","KEPULAUAN BANGKA BELITUNG",100,110,-16,6,30825,28100,1859,866
"2021-09-19","KEPULAUAN BANGKA BELITUNG",57,152,-100,5,30882,28252,1759,871
"2021-09-20","KEPULAUAN BANGKA BELITUNG",71,210,-145,6,30953,28462,1614,877
"2021-09-21","KEPULAUAN BANGKA BELITUNG",83,253,-171,1,31036,28715,1443,878
"2021-09-22","KEPULAUAN BANGKA BELITUNG",73,156,-89,6,31109,28871,1354,884
"2021-09-23","KEPULAUAN BANGKA BELITUNG",84,209,-130,5,31193,29080,1224,889
"2021-09-24","KEPULAUAN BANGKA BELITUNG",46,144,-99,1,31239,29224,1125,890
"2021-09-25","KEPULAUAN BANGKA BELITUNG",31,133,-108,6,31270,29357,1017,896
"2021-09-26","KEPULAUAN BANGKA BELITUNG",6,129,-124,1,31276,29486,893,897
"2021-09-27","KEPULAUAN BANGKA BELITUNG",2,99,-98,1,31278,29585,795,898
"2021-09-28","KEPULAUAN BANGKA BELITUNG",4,96,-94,2,31282,29681,701,900
"2021-09-29","KEPULAUAN BANGKA BELITUNG",9,79,-70,0,31291,29760,631,900
"2021-09-30","KEPULAUAN BANGKA BELITUNG",31,68,-37,0,31322,29828,594,900
"2021-10-01","KEPULAUAN BANGKA BELITUNG",33,69,-36,0,31355,29897,558,900
"2021-10-02","KEPULAUAN BANGKA BELITUNG",13,63,-50,0,31368,29960,508,900
"2021-10-03","KEPULAUAN BANGKA BELITUNG",33,59,-28,2,31401,30019,480,902
"2021-10-04","KEPULAUAN BANGKA BELITUNG",24,52,-32,4,31425,30071,448,906
"2021-10-05","KEPULAUAN BANGKA BELITUNG",52,158,-108,2,31477,30229,340,908
"2021-10-06","KEPULAUAN BANGKA BELITUNG",64,25,36,3,31541,30254,376,911
"2021-10-07","KEPULAUAN BANGKA BELITUNG",36,30,6,0,31577,30284,382,911
"2021-10-08","KEPULAUAN BANGKA BELITUNG",46,25,20,1,31623,30309,402,912
"2021-10-09","KEPULAUAN BANGKA BELITUNG",33,46,-13,0,31656,30355,389,912
"2021-10-10","KEPULAUAN BANGKA BELITUNG",26,30,-6,2,31682,30385,383,914
"2021-10-11","KEPULAUAN BANGKA BELITUNG",14,21,-10,3,31696,30406,373,917
"2021-10-12","KEPULAUAN BANGKA BELITUNG",30,48,-19,1,31726,30454,354,918
"2021-10-13","KEPULAUAN BANGKA BELITUNG",41,28,11,2,31767,30482,365,920
"2021-10-14","KEPULAUAN BANGKA BELITUNG",38,32,4,2,31805,30514,369,922
"2021-10-15","KEPULAUAN BANGKA BELITUNG",33,35,-3,1,31838,30549,366,923
"2021-10-16","KEPULAUAN BANGKA BELITUNG",33,65,-34,2,31871,30614,332,925
"2021-10-17","KEPULAUAN BANGKA BELITUNG",8,34,-26,0,31879,30648,306,925
"2021-10-18","KEPULAUAN BANGKA BELITUNG",9,35,-28,2,31888,30683,278,927
"2021-10-19","KEPULAUAN BANGKA BELITUNG",15,39,-25,1,31903,30722,253,928
"2021-10-20","KEPULAUAN BANGKA BELITUNG",21,22,-3,2,31924,30744,250,930
"2021-10-21","KEPULAUAN BANGKA BELITUNG",0,18,-18,0,31924,30762,232,930
"2021-10-22","KEPULAUAN BANGKA BELITUNG",16,36,-21,1,31940,30798,211,931
"2021-10-23","KEPULAUAN BANGKA BELITUNG",8,22,-14,0,31948,30820,197,931
"2021-10-24","KEPULAUAN BANGKA BELITUNG",12,30,-19,1,31960,30850,178,932
"2021-10-25","KEPULAUAN BANGKA BELITUNG",7,24,-18,1,31967,30874,160,933
"2021-10-26","KEPULAUAN BANGKA BELITUNG",10,19,-11,2,31977,30893,149,935
"2021-10-27","KEPULAUAN BANGKA BELITUNG",11,15,-6,2,31988,30908,143,937
"2021-10-28","KEPULAUAN BANGKA BELITUNG",15,18,-6,3,32003,30926,137,940
"2021-10-29","KEPULAUAN BANGKA BELITUNG",16,17,-3,2,32019,30943,134,942
"2021-10-30","KEPULAUAN BANGKA BELITUNG",13,19,-7,1,32032,30962,127,943
"2021-10-31","KEPULAUAN BANGKA BELITUNG",7,10,-3,0,32039,30972,124,943
"2021-11-01","KEPULAUAN BANGKA BELITUNG",5,18,-14,1,32044,30990,110,944
"2021-11-02","KEPULAUAN BANGKA BELITUNG",18,17,1,0,32062,31007,111,944
"2021-11-03","KEPULAUAN BANGKA BELITUNG",15,14,1,0,32077,31021,112,944
"2021-11-04","KEPULAUAN BANGKA BELITUNG",15,6,8,1,32092,31027,120,945
"2021-11-05","KEPULAUAN BANGKA BELITUNG",13,10,3,0,32105,31037,123,945
"2021-11-06","KEPULAUAN BANGKA BELITUNG",7,13,-6,0,32112,31050,117,945
"2021-11-07","KEPULAUAN BANGKA BELITUNG",9,10,-2,1,32121,31060,115,946
"2021-11-08","KEPULAUAN BANGKA BELITUNG",4,11,-7,0,32125,31071,108,946
"2021-11-09","KEPULAUAN BANGKA BELITUNG",6,14,-8,0,32131,31085,100,946
"2021-11-10","KEPULAUAN BANGKA BELITUNG",2,20,-18,0,32133,31105,82,946
"2021-11-11","KEPULAUAN BANGKA BELITUNG",4,11,-7,0,32137,31116,75,946
"2021-11-12","KEPULAUAN BANGKA BELITUNG",4,8,-5,1,32141,31124,70,947
"2021-11-13","KEPULAUAN BANGKA BELITUNG",10,8,1,1,32151,31132,71,948
"2021-11-14","KEPULAUAN BANGKA BELITUNG",12,12,0,0,32163,31144,71,948
"2021-11-15","KEPULAUAN BANGKA BELITUNG",1,4,-3,0,32164,31148,68,948
"2021-11-16","KEPULAUAN BANGKA BELITUNG",19,10,9,0,32183,31158,77,948
"2021-11-17","KEPULAUAN BANGKA BELITUNG",11,2,8,1,32194,31160,85,949
"2021-11-18","KEPULAUAN BANGKA BELITUNG",10,6,4,0,32204,31166,89,949
"2021-11-19","KEPULAUAN BANGKA BELITUNG",8,6,2,0,32212,31172,91,949
"2021-11-20","KEPULAUAN BANGKA BELITUNG",12,4,7,1,32224,31176,98,950
"2021-11-21","KEPULAUAN BANGKA BELITUNG",4,5,-1,0,32228,31181,97,950
"2021-11-22","KEPULAUAN BANGKA BELITUNG",7,8,-1,0,32235,31189,96,950
"2021-11-23","KEPULAUAN BANGKA BELITUNG",5,5,0,0,32240,31194,96,950
"2021-11-24","KEPULAUAN BANGKA BELITUNG",6,13,-7,0,32246,31207,89,950
"2021-11-25","KEPULAUAN BANGKA BELITUNG",2,18,-16,0,32248,31225,73,950
"2021-11-26","KEPULAUAN BANGKA BELITUNG",6,6,-1,1,32254,31231,72,951
"2021-11-27","KEPULAUAN BANGKA BELITUNG",7,8,-1,0,32261,31239,71,951
"2021-11-28","KEPULAUAN BANGKA BELITUNG",8,6,2,0,32269,31245,73,951
"2021-11-29","KEPULAUAN BANGKA BELITUNG",4,10,-6,0,32273,31255,67,951
"2021-11-30","KEPULAUAN BANGKA BELITUNG",7,15,-9,1,32280,31270,58,952
"2021-12-01","KEPULAUAN BANGKA BELITUNG",15,13,2,0,32295,31283,60,952
"2021-12-02","KEPULAUAN BANGKA BELITUNG",8,7,1,0,32303,31290,61,952
"2021-12-03","KEPULAUAN BANGKA BELITUNG",4,8,-4,0,32307,31298,57,952
"2021-12-04","KEPULAUAN BANGKA BELITUNG",5,1,4,0,32312,31299,61,952
"2021-12-05","KEPULAUAN BANGKA BELITUNG",2,3,-1,0,32314,31302,60,952
"2021-12-06","KEPULAUAN BANGKA BELITUNG",5,2,1,2,32319,31304,61,954
"2021-12-07","KEPULAUAN BANGKA BELITUNG",5,6,-1,0,32324,31310,60,954
"2021-12-08","KEPULAUAN BANGKA BELITUNG",3,6,-3,0,32327,31316,57,954
"2021-12-09","KEPULAUAN BANGKA BELITUNG",5,11,-6,0,32332,31327,51,954
"2021-12-10","KEPULAUAN BANGKA BELITUNG",1,7,-6,0,32333,31334,45,954
"2021-12-11","KEPULAUAN BANGKA BELITUNG",0,3,-3,0,32333,31337,42,954
"2021-12-12","KEPULAUAN BANGKA BELITUNG",7,4,3,0,32340,31341,45,954
"2021-12-13","KEPULAUAN BANGKA BELITUNG",0,13,-13,0,32340,31354,32,954
"2021-12-14","KEPULAUAN BANGKA BELITUNG",2,4,-2,0,32342,31358,30,954
"2021-12-15","KEPULAUAN BANGKA BELITUNG",1,2,-1,0,32343,31360,29,954
"2021-12-16","KEPULAUAN BANGKA BELITUNG",3,2,1,0,32346,31362,30,954
"2021-12-17","KEPULAUAN BANGKA BELITUNG",0,8,-8,0,32346,31370,22,954
"2021-12-18","KEPULAUAN BANGKA BELITUNG",3,2,1,0,32349,31372,23,954
"2021-12-19","KEPULAUAN BANGKA BELITUNG",6,1,5,0,32355,31373,28,954
"2021-12-20","KEPULAUAN BANGKA BELITUNG",1,0,-2,3,32356,31373,26,957
"2021-12-21","KEPULAUAN BANGKA BELITUNG",1,2,-1,0,32357,31375,25,957
"2021-12-22","KEPULAUAN BANGKA BELITUNG",3,1,2,0,32360,31376,27,957
"2021-12-23","KEPULAUAN BANGKA BELITUNG",2,2,0,0,32362,31378,27,957
"2021-12-24","KEPULAUAN BANGKA BELITUNG",1,1,0,0,32363,31379,27,957
"2021-12-25","KEPULAUAN BANGKA BELITUNG",2,1,1,0,32365,31380,28,957
"2021-12-26","KEPULAUAN BANGKA BELITUNG",1,2,-2,1,32366,31382,26,958
"2021-12-27","KEPULAUAN BANGKA BELITUNG",1,7,-6,0,32367,31389,20,958
"2021-12-28","KEPULAUAN BANGKA BELITUNG",2,6,-4,0,32369,31395,16,958
"2021-12-29","KEPULAUAN BANGKA BELITUNG",1,2,-1,0,32370,31397,15,958
"2021-12-30","KEPULAUAN BANGKA BELITUNG",1,0,1,0,32371,31397,16,958
"2021-12-31","KEPULAUAN BANGKA BELITUNG",0,1,-1,0,32371,31398,15,958
"2022-01-01","KEPULAUAN BANGKA BELITUNG",1,2,-1,0,32372,31400,14,958
"2022-01-02","KEPULAUAN BANGKA BELITUNG",0,2,-2,0,32372,31402,12,958
"2022-01-03","KEPULAUAN BANGKA BELITUNG",2,2,0,0,32374,31404,12,958
"2022-01-04","KEPULAUAN BANGKA BELITUNG",0,1,-1,0,32374,31405,11,958
"2022-01-05","KEPULAUAN BANGKA BELITUNG",3,3,0,0,32377,31408,11,958
"2022-01-06","KEPULAUAN BANGKA BELITUNG",0,0,0,0,32377,31408,11,958
"2022-01-07","KEPULAUAN BANGKA BELITUNG",5,1,4,0,32382,31409,15,958
"2022-01-08","KEPULAUAN BANGKA BELITUNG",2,0,2,0,32384,31409,17,958
"2022-01-09","KEPULAUAN BANGKA BELITUNG",1,3,-2,0,32385,31412,15,958
"2022-01-10","KEPULAUAN BANGKA BELITUNG",1,1,0,0,32386,31413,15,958
"2022-01-11","KEPULAUAN BANGKA BELITUNG",1,1,0,0,32387,31414,15,958
"2022-01-12","KEPULAUAN BANGKA BELITUNG",3,0,3,0,32390,31414,18,958
"2022-01-13","KEPULAUAN BANGKA BELITUNG",1,0,1,0,32391,31414,19,958
"2022-01-14","KEPULAUAN BANGKA BELITUNG",0,11,-11,0,32391,31425,8,958
"2022-01-15","KEPULAUAN BANGKA BELITUNG",2,0,2,0,32393,31425,10,958
"2022-01-16","KEPULAUAN BANGKA BELITUNG",2,0,2,0,32395,31425,12,958
"2022-01-17","KEPULAUAN BANGKA BELITUNG",0,1,-1,0,32395,31426,11,958
"2022-01-18","KEPULAUAN BANGKA BELITUNG",1,1,0,0,32396,31427,11,958
"2022-01-19","KEPULAUAN BANGKA BELITUNG",8,1,7,0,32404,31428,18,958
"2022-01-20","KEPULAUAN BANGKA BELITUNG",5,1,4,0,32409,31429,22,958
"2022-01-21","KEPULAUAN BANGKA BELITUNG",2,0,2,0,32411,31429,24,958
"2022-01-22","KEPULAUAN BANGKA BELITUNG",5,1,4,0,32416,31430,28,958
"2022-01-23","KEPULAUAN BANGKA BELITUNG",2,0,2,0,32418,31430,30,958
"2022-01-24","KEPULAUAN BANGKA BELITUNG",4,3,1,0,32422,31433,31,958
"2022-01-25","KEPULAUAN BANGKA BELITUNG",8,1,7,0,32430,31434,38,958
"2022-01-26","KEPULAUAN BANGKA BELITUNG",8,3,5,0,32438,31437,43,958
"2022-01-27","KEPULAUAN BANGKA BELITUNG",2,13,-11,0,32440,31450,32,958
"2022-01-28","KEPULAUAN BANGKA BELITUNG",11,0,11,0,32451,31450,43,958
"2022-01-29","KEPULAUAN BANGKA BELITUNG",5,2,3,0,32456,31452,46,958
"2022-01-30","KEPULAUAN BANGKA BELITUNG",8,3,5,0,32464,31455,51,958
"2022-01-31","KEPULAUAN BANGKA BELITUNG",9,5,4,0,32473,31460,55,958
"2022-02-01","KEPULAUAN BANGKA BELITUNG",10,1,9,0,32483,31461,64,958
"2022-02-02","KEPULAUAN BANGKA BELITUNG",27,3,24,0,32510,31464,88,958
"2022-02-03","KEPULAUAN BANGKA BELITUNG",38,2,36,0,32548,31466,124,958
"2022-02-04","KEPULAUAN BANGKA BELITUNG",57,3,54,0,32605,31469,178,958
"2022-02-05","KEPULAUAN BANGKA BELITUNG",65,10,55,0,32670,31479,233,958
"2022-02-06","KEPULAUAN BANGKA BELITUNG",63,6,57,0,32733,31485,290,958
"2022-02-07","KEPULAUAN BANGKA BELITUNG",29,6,22,1,32762,31491,312,959
"2022-02-08","KEPULAUAN BANGKA BELITUNG",86,11,75,0,32848,31502,387,959
"2022-02-09","KEPULAUAN BANGKA BELITUNG",144,9,135,0,32992,31511,522,959
"2022-02-10","KEPULAUAN BANGKA BELITUNG",141,17,124,0,33133,31528,646,959
"2022-02-11","KEPULAUAN BANGKA BELITUNG",123,18,104,1,33256,31546,750,960
"2022-02-12","KEPULAUAN BANGKA BELITUNG",150,37,113,0,33406,31583,863,960
"2022-02-13","KEPULAUAN BANGKA BELITUNG",124,40,82,2,33530,31623,945,962
"2022-02-14","KEPULAUAN BANGKA BELITUNG",68,36,32,0,33598,31659,977,962
"2022-02-15","KEPULAUAN BANGKA BELITUNG",236,64,171,1,33834,31723,1148,963
"2022-02-16","KEPULAUAN BANGKA BELITUNG",316,44,270,2,34150,31767,1418,965
"2022-02-17","KEPULAUAN BANGKA BELITUNG",277,63,214,0,34427,31830,1632,965
"2022-02-18","KEPULAUAN BANGKA BELITUNG",310,111,198,1,34737,31941,1830,966
"2022-02-19","KEPULAUAN BANGKA BELITUNG",287,70,216,1,35024,32011,2046,967
"2022-02-20","KEPULAUAN BANGKA BELITUNG",216,101,113,2,35240,32112,2159,969
"2022-02-21","KEPULAUAN BANGKA BELITUNG",153,159,-6,0,35393,32271,2153,969
"2022-02-22","KEPULAUAN BANGKA BELITUNG",447,108,338,1,35840,32379,2491,970
"2022-02-23","KEPULAUAN BANGKA BELITUNG",566,72,490,4,36406,32451,2981,974
"2022-02-24","KEPULAUAN BANGKA BELITUNG",652,206,446,0,37058,32657,3427,974
"2022-02-25","KEPULAUAN BANGKA BELITUNG",573,199,370,4,37631,32856,3797,978
"2022-02-26","KEPULAUAN BANGKA BELITUNG",491,188,301,2,38122,33044,4098,980
"2022-02-27","KEPULAUAN BANGKA BELITUNG",378,192,183,3,38500,33236,4281,983
"2022-02-28","KEPULAUAN BANGKA BELITUNG",170,201,-31,0,38670,33437,4250,983
"2022-03-01","KEPULAUAN BANGKA BELITUNG",223,207,15,1,38893,33644,4265,984
"2022-03-02","KEPULAUAN BANGKA BELITUNG",579,239,337,3,39472,33883,4602,987
"2022-03-03","KEPULAUAN BANGKA BELITUNG",635,314,316,5,40107,34197,4918,992
"2022-03-04","KEPULAUAN BANGKA BELITUNG",328,402,-81,7,40435,34599,4837,999
"2022-03-05","KEPULAUAN BANGKA BELITUNG",622,586,33,3,41057,35185,4870,1002
"2022-03-06","KEPULAUAN BANGKA BELITUNG",321,553,-236,4,41378,35738,4634,1006
"2022-03-07","KEPULAUAN BANGKA BELITUNG",172,607,-438,3,41550,36345,4196,1009
"2022-03-08","KEPULAUAN BANGKA BELITUNG",3,86,-83,0,41553,36431,4113,1009
"2020-07-20","KEPULAUAN RIAU",1,0,1,0,1,0,1,0
"2020-07-21","KEPULAUAN RIAU",0,0,0,0,1,0,1,0
"2020-07-22","KEPULAUAN RIAU",0,0,0,0,1,0,1,0
"2020-07-23","KEPULAUAN RIAU",0,0,0,0,1,0,1,0
"2020-07-24","KEPULAUAN RIAU",0,0,0,0,1,0,1,0
"2020-07-25","KEPULAUAN RIAU",0,0,0,0,1,0,1,0
"2020-07-26","KEPULAUAN RIAU",0,0,0,0,1,0,1,0
"2020-07-27","KEPULAUAN RIAU",0,0,0,0,1,0,1,0
"2020-07-28","KEPULAUAN RIAU",0,0,0,0,1,0,1,0
"2020-07-29","KEPULAUAN RIAU",0,0,0,0,1,0,1,0
"2020-07-30","KEPULAUAN RIAU",0,0,0,0,1,0,1,0
"2020-07-31","KEPULAUAN RIAU",0,0,0,0,1,0,1,0
"2020-08-01","KEPULAUAN RIAU",0,0,0,0,1,0,1,0
"2020-08-02","KEPULAUAN RIAU",0,0,0,0,1,0,1,0
"2020-08-03","KEPULAUAN RIAU",0,0,0,0,1,0,1,0
"2020-08-04","KEPULAUAN RIAU",0,0,0,0,1,0,1,0
"2020-08-05","KEPULAUAN RIAU",0,0,-3,3,1,0,-2,3
"2020-08-06","KEPULAUAN RIAU",0,0,0,0,1,0,-2,3
"2020-08-07","KEPULAUAN RIAU",17,0,17,0,18,0,15,3
"2020-08-08","KEPULAUAN RIAU",9,0,9,0,27,0,24,3
"2020-08-09","KEPULAUAN RIAU",8,0,7,1,35,0,31,4
"2020-08-10","KEPULAUAN RIAU",21,0,21,0,56,0,52,4
"2020-08-11","KEPULAUAN RIAU",16,0,16,0,72,0,68,4
"2020-08-12","KEPULAUAN RIAU",27,0,26,1,99,0,94,5
"2020-08-13","KEPULAUAN RIAU",15,0,14,1,114,0,108,6
"2020-08-14","KEPULAUAN RIAU",12,1,11,0,126,1,119,6
"2020-08-15","KEPULAUAN RIAU",22,1,20,1,148,2,139,7
"2020-08-16","KEPULAUAN RIAU",10,1,8,1,158,3,147,8
"2020-08-17","KEPULAUAN RIAU",12,0,12,0,170,3,159,8
"2020-08-18","KEPULAUAN RIAU",0,0,0,0,170,3,159,8
"2020-08-19","KEPULAUAN RIAU",15,7,8,0,185,10,167,8
"2020-08-20","KEPULAUAN RIAU",1,0,-1,2,186,10,166,10
"2020-08-21","KEPULAUAN RIAU",23,10,12,1,209,20,178,11
"2020-08-22","KEPULAUAN RIAU",0,0,-1,1,209,20,177,12
"2020-08-23","KEPULAUAN RIAU",39,14,24,1,248,34,201,13
"2020-08-24","KEPULAUAN RIAU",11,2,9,0,259,36,210,13
"2020-08-25","KEPULAUAN RIAU",10,43,-34,1,269,79,176,14
"2020-08-26","KEPULAUAN RIAU",7,11,-4,0,276,90,172,14
"2020-08-27","KEPULAUAN RIAU",50,6,41,3,326,96,213,17
"2020-08-28","KEPULAUAN RIAU",41,6,35,0,367,102,248,17
"2020-08-29","KEPULAUAN RIAU",35,6,27,2,402,108,275,19
"2020-08-30","KEPULAUAN RIAU",1,0,1,0,403,108,276,19
"2020-08-31","KEPULAUAN RIAU",88,23,64,1,491,131,340,20
"2020-09-01","KEPULAUAN RIAU",27,0,27,0,518,131,367,20
"2020-09-02","KEPULAUAN RIAU",47,6,41,0,565,137,408,20
"2020-09-03","KEPULAUAN RIAU",37,8,29,0,602,145,437,20
"2020-09-04","KEPULAUAN RIAU",65,9,56,0,667,154,493,20
"2020-09-05","KEPULAUAN RIAU",17,1,16,0,684,155,509,20
"2020-09-06","KEPULAUAN RIAU",0,0,0,0,684,155,509,20
"2020-09-07","KEPULAUAN RIAU",53,52,-1,2,737,207,508,22
"2020-09-08","KEPULAUAN RIAU",24,6,17,1,761,213,525,23
"2020-09-09","KEPULAUAN RIAU",52,1,51,0,813,214,576,23
"2020-09-10","KEPULAUAN RIAU",28,1,26,1,841,215,602,24
"2020-09-11","KEPULAUAN RIAU",17,70,-53,0,858,285,549,24
"2020-09-12","KEPULAUAN RIAU",21,37,-20,4,879,322,529,28
"2020-09-13","KEPULAUAN RIAU",33,2,31,0,912,324,560,28
"2020-09-14","KEPULAUAN RIAU",19,46,-27,0,931,370,533,28
"2020-09-15","KEPULAUAN RIAU",8,25,-17,0,939,395,516,28
"2020-09-16","KEPULAUAN RIAU",21,8,13,0,960,403,529,28
"2020-09-17","KEPULAUAN RIAU",34,1,33,0,994,404,562,28
"2020-09-18","KEPULAUAN RIAU",88,273,-189,4,1082,677,373,32
"2020-09-19","KEPULAUAN RIAU",46,18,27,1,1128,695,400,33
"2020-09-20","KEPULAUAN RIAU",12,0,11,1,1140,695,411,34
"2020-09-21","KEPULAUAN RIAU",85,0,85,0,1225,695,496,34
"2020-09-22","KEPULAUAN RIAU",23,6,17,0,1248,701,513,34
"2020-09-23","KEPULAUAN RIAU",117,19,98,0,1365,720,611,34
"2020-09-24","KEPULAUAN RIAU",11,16,-5,0,1376,736,606,34
"2020-09-25","KEPULAUAN RIAU",147,13,134,0,1523,749,740,34
"2020-09-26","KEPULAUAN RIAU",92,65,27,0,1615,814,767,34
"2020-09-27","KEPULAUAN RIAU",56,1,55,0,1671,815,822,34
"2020-09-28","KEPULAUAN RIAU",12,104,-92,0,1683,919,730,34
"2020-09-29","KEPULAUAN RIAU",17,15,2,0,1700,934,732,34
"2020-09-30","KEPULAUAN RIAU",34,3,31,0,1734,937,763,34
"2020-10-01","KEPULAUAN RIAU",16,1,15,0,1750,938,778,34
"2020-10-02","KEPULAUAN RIAU",23,9,14,0,1773,947,792,34
"2020-10-03","KEPULAUAN RIAU",0,31,-31,0,1773,978,761,34
"2020-10-04","KEPULAUAN RIAU",0,1,-2,1,1773,979,759,35
"2020-10-05","KEPULAUAN RIAU",39,85,-49,3,1812,1064,710,38
"2020-10-06","KEPULAUAN RIAU",29,44,-15,0,1841,1108,695,38
"2020-10-07","KEPULAUAN RIAU",10,99,-89,0,1851,1207,606,38
"2020-10-08","KEPULAUAN RIAU",29,132,-104,1,1880,1339,502,39
"2020-10-09","KEPULAUAN RIAU",0,0,0,0,1880,1339,502,39
"2020-10-10","KEPULAUAN RIAU",75,131,-56,0,1955,1470,446,39
"2020-10-11","KEPULAUAN RIAU",22,44,-23,1,1977,1514,423,40
"2020-10-12","KEPULAUAN RIAU",72,43,29,0,2049,1557,452,40
"2020-10-13","KEPULAUAN RIAU",22,52,-30,0,2071,1609,422,40
"2020-10-14","KEPULAUAN RIAU",20,0,14,6,2091,1609,436,46
"2020-10-15","KEPULAUAN RIAU",38,67,-30,1,2129,1676,406,47
"2020-10-16","KEPULAUAN RIAU",69,40,29,0,2198,1716,435,47
"2020-10-17","KEPULAUAN RIAU",0,0,-1,1,2198,1716,434,48
"2020-10-18","KEPULAUAN RIAU",68,4,63,1,2266,1720,497,49
"2020-10-19","KEPULAUAN RIAU",47,1,45,1,2313,1721,542,50
"2020-10-20","KEPULAUAN RIAU",32,78,-47,1,2345,1799,495,51
"2020-10-21","KEPULAUAN RIAU",97,0,96,1,2442,1799,591,52
"2020-10-22","KEPULAUAN RIAU",0,0,0,0,2442,1799,591,52
"2020-10-23","KEPULAUAN RIAU",0,26,-32,6,2442,1825,559,58
"2020-10-24","KEPULAUAN RIAU",0,34,-40,6,2442,1859,519,64
"2020-10-25","KEPULAUAN RIAU",155,52,102,1,2597,1911,621,65
"2020-10-26","KEPULAUAN RIAU",138,66,70,2,2735,1977,691,67
"2020-10-27","KEPULAUAN RIAU",103,0,103,0,2838,1977,794,67
"2020-10-28","KEPULAUAN RIAU",135,22,112,1,2973,1999,906,68
"2020-10-29","KEPULAUAN RIAU",163,23,138,2,3136,2022,1044,70
"2020-10-30","KEPULAUAN RIAU",67,35,31,1,3203,2057,1075,71
"2020-10-31","KEPULAUAN RIAU",40,56,-16,0,3243,2113,1059,71
"2020-11-01","KEPULAUAN RIAU",17,3,14,0,3260,2116,1073,71
"2020-11-02","KEPULAUAN RIAU",22,107,-85,0,3282,2223,988,71
"2020-11-03","KEPULAUAN RIAU",64,0,63,1,3346,2223,1051,72
"2020-11-04","KEPULAUAN RIAU",34,31,3,0,3380,2254,1054,72
"2020-11-05","KEPULAUAN RIAU",44,68,-25,1,3424,2322,1029,73
"2020-11-06","KEPULAUAN RIAU",42,26,16,0,3466,2348,1045,73
"2020-11-07","KEPULAUAN RIAU",43,1,38,4,3509,2349,1083,77
"2020-11-08","KEPULAUAN RIAU",84,0,79,5,3593,2349,1162,82
"2020-11-09","KEPULAUAN RIAU",28,0,23,5,3621,2349,1185,87
"2020-11-10","KEPULAUAN RIAU",0,0,0,0,3621,2349,1185,87
"2020-11-11","KEPULAUAN RIAU",158,4,154,0,3779,2353,1339,87
"2020-11-12","KEPULAUAN RIAU",97,0,92,5,3876,2353,1431,92
"2020-11-13","KEPULAUAN RIAU",74,46,27,1,3950,2399,1458,93
"2020-11-14","KEPULAUAN RIAU",21,114,-93,0,3971,2513,1365,93
"2020-11-15","KEPULAUAN RIAU",0,132,-133,1,3971,2645,1232,94
"2020-11-16","KEPULAUAN RIAU",2,0,0,2,3973,2645,1232,96
"2020-11-17","KEPULAUAN RIAU",1,102,-102,1,3974,2747,1130,97
"2020-11-18","KEPULAUAN RIAU",0,2,-2,0,3974,2749,1128,97
"2020-11-19","KEPULAUAN RIAU",21,1,20,0,3995,2750,1148,97
"2020-11-20","KEPULAUAN RIAU",7,3,4,0,4002,2753,1152,97
"2020-11-21","KEPULAUAN RIAU",0,0,0,0,4002,2753,1152,97
"2020-11-22","KEPULAUAN RIAU",174,0,174,0,4176,2753,1326,97
"2020-11-23","KEPULAUAN RIAU",273,13,260,0,4449,2766,1586,97
"2020-11-24","KEPULAUAN RIAU",45,3,42,0,4494,2769,1628,97
"2020-11-25","KEPULAUAN RIAU",28,386,-365,7,4522,3155,1263,104
"2020-11-26","KEPULAUAN RIAU",18,109,-93,2,4540,3264,1170,106
"2020-11-27","KEPULAUAN RIAU",46,32,11,3,4586,3296,1181,109
"2020-11-28","KEPULAUAN RIAU",26,54,-28,0,4612,3350,1153,109
"2020-11-29","KEPULAUAN RIAU",67,46,18,3,4679,3396,1171,112
"2020-11-30","KEPULAUAN RIAU",14,12,2,0,4693,3408,1173,112
"2020-12-01","KEPULAUAN RIAU",33,39,-6,0,4726,3447,1167,112
"2020-12-02","KEPULAUAN RIAU",0,0,-1,1,4726,3447,1166,113
"2020-12-03","KEPULAUAN RIAU",0,222,-222,0,4726,3669,944,113
"2020-12-04","KEPULAUAN RIAU",56,0,56,0,4782,3669,1000,113
"2020-12-05","KEPULAUAN RIAU",86,147,-61,0,4868,3816,939,113
"2020-12-06","KEPULAUAN RIAU",113,77,33,3,4981,3893,972,116
"2020-12-07","KEPULAUAN RIAU",45,16,24,5,5026,3909,996,121
"2020-12-08","KEPULAUAN RIAU",50,9,38,3,5076,3918,1034,124
"2020-12-09","KEPULAUAN RIAU",12,1,11,0,5088,3919,1045,124
"2020-12-10","KEPULAUAN RIAU",72,24,48,0,5160,3943,1093,124
"2020-12-11","KEPULAUAN RIAU",45,301,-257,1,5205,4244,836,125
"2020-12-12","KEPULAUAN RIAU",59,146,-87,0,5264,4390,749,125
"2020-12-13","KEPULAUAN RIAU",78,46,30,2,5342,4436,779,127
"2020-12-14","KEPULAUAN RIAU",97,53,42,2,5439,4489,821,129
"2020-12-15","KEPULAUAN RIAU",20,21,-1,0,5459,4510,820,129
"2020-12-16","KEPULAUAN RIAU",0,68,-70,2,5459,4578,750,131
"2020-12-17","KEPULAUAN RIAU",0,17,-17,0,5459,4595,733,131
"2020-12-18","KEPULAUAN RIAU",0,29,-30,1,5459,4624,703,132
"2020-12-19","KEPULAUAN RIAU",0,3,-3,0,5459,4627,700,132
"2020-12-20","KEPULAUAN RIAU",0,2,-2,0,5459,4629,698,132
"2020-12-21","KEPULAUAN RIAU",0,9,-9,0,5459,4638,689,132
"2020-12-22","KEPULAUAN RIAU",0,56,-56,0,5459,4694,633,132
"2020-12-23","KEPULAUAN RIAU",0,73,-73,0,5459,4767,560,132
"2020-12-24","KEPULAUAN RIAU",17,108,-91,0,5476,4875,469,132
"2020-12-25","KEPULAUAN RIAU",78,43,35,0,5554,4918,504,132
"2020-12-26","KEPULAUAN RIAU",15,48,-35,2,5569,4966,469,134
"2020-12-27","KEPULAUAN RIAU",8,12,-4,0,5577,4978,465,134
"2020-12-28","KEPULAUAN RIAU",33,68,-35,0,5610,5046,430,134
"2020-12-29","KEPULAUAN RIAU",22,40,-21,3,5632,5086,409,137
"2020-12-30","KEPULAUAN RIAU",35,40,-5,0,5667,5126,404,137
"2020-12-31","KEPULAUAN RIAU",27,62,-35,0,5694,5188,369,137
"2021-01-01","KEPULAUAN RIAU",19,0,18,1,5713,5188,387,138
"2021-01-02","KEPULAUAN RIAU",19,93,-74,0,5732,5281,313,138
"2021-01-03","KEPULAUAN RIAU",0,19,-19,0,5732,5300,294,138
"2021-01-04","KEPULAUAN RIAU",0,0,0,0,5732,5300,294,138
"2021-01-05","KEPULAUAN RIAU",0,19,-19,0,5732,5319,275,138
"2021-01-06","KEPULAUAN RIAU",0,1,-1,0,5732,5320,274,138
"2021-01-07","KEPULAUAN RIAU",0,0,-1,1,5732,5320,273,139
"2021-01-08","KEPULAUAN RIAU",0,2,-2,0,5732,5322,271,139
"2021-01-09","KEPULAUAN RIAU",0,0,0,0,5732,5322,271,139
"2021-01-10","KEPULAUAN RIAU",0,1,-1,0,5732,5323,270,139
"2021-01-11","KEPULAUAN RIAU",0,0,0,0,5732,5323,270,139
"2021-01-12","KEPULAUAN RIAU",0,2,-3,1,5732,5325,267,140
"2021-01-13","KEPULAUAN RIAU",28,16,10,2,5760,5341,277,142
"2021-01-14","KEPULAUAN RIAU",51,62,-12,1,5811,5403,265,143
"2021-01-15","KEPULAUAN RIAU",26,11,14,1,5837,5414,279,144
"2021-01-16","KEPULAUAN RIAU",63,4,59,0,5900,5418,338,144
"2021-01-17","KEPULAUAN RIAU",29,31,-3,1,5929,5449,335,145
"2021-01-18","KEPULAUAN RIAU",85,21,62,2,6014,5470,397,147
"2021-01-19","KEPULAUAN RIAU",0,31,-31,0,6014,5501,366,147
"2021-01-20","KEPULAUAN RIAU",0,27,-27,0,6014,5528,339,147
"2021-01-21","KEPULAUAN RIAU",0,21,-23,2,6014,5549,316,149
"2021-01-22","KEPULAUAN RIAU",0,18,-19,1,6014,5567,297,150
"2021-01-23","KEPULAUAN RIAU",0,3,-3,0,6014,5570,294,150
"2021-01-24","KEPULAUAN RIAU",0,3,-3,0,6014,5573,291,150
"2021-01-25","KEPULAUAN RIAU",0,3,-3,0,6014,5576,288,150
"2021-01-26","KEPULAUAN RIAU",0,1,-1,0,6014,5577,287,150
"2021-01-27","KEPULAUAN RIAU",0,0,0,0,6014,5577,287,150
"2021-01-28","KEPULAUAN RIAU",0,0,-1,1,6014,5577,286,151
"2021-01-29","KEPULAUAN RIAU",0,2,-2,0,6014,5579,284,151
"2021-01-30","KEPULAUAN RIAU",0,1,-1,0,6014,5580,283,151
"2021-01-31","KEPULAUAN RIAU",0,0,0,0,6014,5580,283,151
"2021-02-01","KEPULAUAN RIAU",0,4,-4,0,6014,5584,279,151
"2021-02-02","KEPULAUAN RIAU",26,115,-89,0,6040,5699,190,151
"2021-02-03","KEPULAUAN RIAU",19,0,19,0,6059,5699,209,151
"2021-02-04","KEPULAUAN RIAU",36,47,-11,0,6095,5746,198,151
"2021-02-05","KEPULAUAN RIAU",25,102,-77,0,6120,5848,121,151
"2021-02-06","KEPULAUAN RIAU",19,0,18,1,6139,5848,139,152
"2021-02-07","KEPULAUAN RIAU",31,0,31,0,6170,5848,170,152
"2021-02-08","KEPULAUAN RIAU",0,0,0,0,6170,5848,170,152
"2021-02-09","KEPULAUAN RIAU",0,0,-2,2,6170,5848,168,154
"2021-02-10","KEPULAUAN RIAU",0,0,0,0,6170,5848,168,154
"2021-02-11","KEPULAUAN RIAU",0,1,-1,0,6170,5849,167,154
"2021-02-12","KEPULAUAN RIAU",0,0,0,0,6170,5849,167,154
"2021-02-13","KEPULAUAN RIAU",0,0,0,0,6170,5849,167,154
"2021-02-14","KEPULAUAN RIAU",0,0,0,0,6170,5849,167,154
"2021-02-15","KEPULAUAN RIAU",0,1,-1,0,6170,5850,166,154
"2021-02-16","KEPULAUAN RIAU",0,4,-4,0,6170,5854,162,154
"2021-02-17","KEPULAUAN RIAU",0,3,-3,0,6170,5857,159,154
"2021-02-18","KEPULAUAN RIAU",0,55,-55,0,6170,5912,104,154
"2021-02-19","KEPULAUAN RIAU",0,39,-39,0,6170,5951,65,154
"2021-02-20","KEPULAUAN RIAU",0,20,-20,0,6170,5971,45,154
"2021-02-21","KEPULAUAN RIAU",0,18,-19,1,6170,5989,26,155
"2021-02-22","KEPULAUAN RIAU",22,19,3,0,6192,6008,29,155
"2021-02-23","KEPULAUAN RIAU",16,0,16,0,6208,6008,45,155
"2021-02-24","KEPULAUAN RIAU",15,0,15,0,6223,6008,60,155
"2021-02-25","KEPULAUAN RIAU",8,0,8,0,6231,6008,68,155
"2021-02-26","KEPULAUAN RIAU",19,0,19,0,6250,6008,87,155
"2021-02-27","KEPULAUAN RIAU",11,0,11,0,6261,6008,98,155
"2021-02-28","KEPULAUAN RIAU",7,0,6,1,6268,6008,104,156
"2021-03-01","KEPULAUAN RIAU",13,0,12,1,6281,6008,116,157
"2021-03-02","KEPULAUAN RIAU",0,0,0,0,6281,6008,116,157
"2021-03-03","KEPULAUAN RIAU",0,0,0,0,6281,6008,116,157
"2021-03-04","KEPULAUAN RIAU",0,0,0,0,6281,6008,116,157
"2021-03-05","KEPULAUAN RIAU",0,2,-2,0,6281,6010,114,157
"2021-03-06","KEPULAUAN RIAU",0,11,-11,0,6281,6021,103,157
"2021-03-07","KEPULAUAN RIAU",0,17,-17,0,6281,6038,86,157
"2021-03-08","KEPULAUAN RIAU",0,3,-3,0,6281,6041,83,157
"2021-03-09","KEPULAUAN RIAU",0,18,-18,0,6281,6059,65,157
"2021-03-10","KEPULAUAN RIAU",0,20,-20,0,6281,6079,45,157
"2021-03-11","KEPULAUAN RIAU",0,9,-9,0,6281,6088,36,157
"2021-03-12","KEPULAUAN RIAU",0,8,-8,0,6281,6096,28,157
"2021-03-13","KEPULAUAN RIAU",0,5,-5,0,6281,6101,23,157
"2021-03-14","KEPULAUAN RIAU",27,5,22,0,6308,6106,45,157
"2021-03-15","KEPULAUAN RIAU",4,1,2,1,6312,6107,47,158
"2021-03-16","KEPULAUAN RIAU",2,7,-5,0,6314,6114,42,158
"2021-03-17","KEPULAUAN RIAU",37,0,36,1,6351,6114,78,159
"2021-03-18","KEPULAUAN RIAU",8,0,7,1,6359,6114,85,160
"2021-03-19","KEPULAUAN RIAU",19,0,19,0,6378,6114,104,160
"2021-03-20","KEPULAUAN RIAU",12,0,12,0,6390,6114,116,160
"2021-03-21","KEPULAUAN RIAU",5,0,5,0,6395,6114,121,160
"2021-03-22","KEPULAUAN RIAU",33,0,33,0,6428,6114,154,160
"2021-03-23","KEPULAUAN RIAU",15,4,11,0,6443,6118,165,160
"2021-03-24","KEPULAUAN RIAU",31,1,29,1,6474,6119,194,161
"2021-03-25","KEPULAUAN RIAU",0,0,0,0,6474,6119,194,161
"2021-03-26","KEPULAUAN RIAU",0,12,-14,2,6474,6131,180,163
"2021-03-27","KEPULAUAN RIAU",0,1,-1,0,6474,6132,179,163
"2021-03-28","KEPULAUAN RIAU",0,3,-3,0,6474,6135,176,163
"2021-03-29","KEPULAUAN RIAU",0,2,-2,0,6474,6137,174,163
"2021-03-30","KEPULAUAN RIAU",0,38,-38,0,6474,6175,136,163
"2021-03-31","KEPULAUAN RIAU",0,4,-4,0,6474,6179,132,163
"2021-04-01","KEPULAUAN RIAU",0,15,-15,0,6474,6194,117,163
"2021-04-02","KEPULAUAN RIAU",0,34,-34,0,6474,6228,83,163
"2021-04-03","KEPULAUAN RIAU",56,42,14,0,6530,6270,97,163
"2021-04-04","KEPULAUAN RIAU",10,0,10,0,6540,6270,107,163
"2021-04-05","KEPULAUAN RIAU",44,3,41,0,6584,6273,148,163
"2021-04-06","KEPULAUAN RIAU",23,3,20,0,6607,6276,168,163
"2021-04-07","KEPULAUAN RIAU",34,18,15,1,6641,6294,183,164
"2021-04-08","KEPULAUAN RIAU",26,8,17,1,6667,6302,200,165
"2021-04-09","KEPULAUAN RIAU",58,0,57,1,6725,6302,257,166
"2021-04-10","KEPULAUAN RIAU",25,1,23,1,6750,6303,280,167
"2021-04-11","KEPULAUAN RIAU",38,1,37,0,6788,6304,317,167
"2021-04-12","KEPULAUAN RIAU",24,8,15,1,6812,6312,332,168
"2021-04-13","KEPULAUAN RIAU",87,20,66,1,6899,6332,398,169
"2021-04-14","KEPULAUAN RIAU",45,4,41,0,6944,6336,439,169
"2021-04-15","KEPULAUAN RIAU",0,6,-6,0,6944,6342,433,169
"2021-04-16","KEPULAUAN RIAU",0,8,-9,1,6944,6350,424,170
"2021-04-17","KEPULAUAN RIAU",0,1,-1,0,6944,6351,423,170
"2021-04-18","KEPULAUAN RIAU",0,2,-2,0,6944,6353,421,170
"2021-04-19","KEPULAUAN RIAU",0,36,-36,0,6944,6389,385,170
"2021-04-20","KEPULAUAN RIAU",0,36,-36,0,6944,6425,349,170
"2021-04-21","KEPULAUAN RIAU",0,17,-17,0,6944,6442,332,170
"2021-04-22","KEPULAUAN RIAU",0,25,-25,0,6944,6467,307,170
"2021-04-23","KEPULAUAN RIAU",50,21,29,0,6994,6488,336,170
"2021-04-24","KEPULAUAN RIAU",101,35,66,0,7095,6523,402,170
"2021-04-25","KEPULAUAN RIAU",148,170,-23,1,7243,6693,379,171
"2021-04-26","KEPULAUAN RIAU",137,40,97,0,7380,6733,476,171
"2021-04-27","KEPULAUAN RIAU",75,1,72,2,7455,6734,548,173
"2021-04-28","KEPULAUAN RIAU",105,1,102,2,7560,6735,650,175
"2021-04-29","KEPULAUAN RIAU",118,0,117,1,7678,6735,767,176
"2021-04-30","KEPULAUAN RIAU",113,2,111,0,7791,6737,878,176
"2021-05-01","KEPULAUAN RIAU",180,2,177,1,7971,6739,1055,177
"2021-05-02","KEPULAUAN RIAU",145,0,145,0,8116,6739,1200,177
"2021-05-03","KEPULAUAN RIAU",153,0,153,0,8269,6739,1353,177
"2021-05-04","KEPULAUAN RIAU",134,11,120,3,8403,6750,1473,180
"2021-05-05","KEPULAUAN RIAU",0,46,-46,0,8403,6796,1427,180
"2021-05-06","KEPULAUAN RIAU",0,44,-52,8,8403,6840,1375,188
"2021-05-07","KEPULAUAN RIAU",0,33,-33,0,8403,6873,1342,188
"2021-05-08","KEPULAUAN RIAU",0,18,-18,0,8403,6891,1324,188
"2021-05-09","KEPULAUAN RIAU",0,311,-311,0,8403,7202,1013,188
"2021-05-10","KEPULAUAN RIAU",0,79,-79,0,8403,7281,934,188
"2021-05-11","KEPULAUAN RIAU",0,126,-126,0,8403,7407,808,188
"2021-05-12","KEPULAUAN RIAU",0,3,-3,0,8403,7410,805,188
"2021-05-13","KEPULAUAN RIAU",98,255,-160,3,8501,7665,645,191
"2021-05-14","KEPULAUAN RIAU",98,13,85,0,8599,7678,730,191
"2021-05-15","KEPULAUAN RIAU",190,1,188,1,8789,7679,918,192
"2021-05-16","KEPULAUAN RIAU",222,240,-24,6,9011,7919,894,198
"2021-05-17","KEPULAUAN RIAU",106,4,101,1,9117,7923,995,199
"2021-05-18","KEPULAUAN RIAU",164,41,122,1,9281,7964,1117,200
"2021-05-19","KEPULAUAN RIAU",137,5,132,0,9418,7969,1249,200
"2021-05-20","KEPULAUAN RIAU",205,182,23,0,9623,8151,1272,200
"2021-05-21","KEPULAUAN RIAU",236,22,206,8,9859,8173,1478,208
"2021-05-22","KEPULAUAN RIAU",174,9,165,0,10033,8182,1643,208
"2021-05-23","KEPULAUAN RIAU",215,1,214,0,10248,8183,1857,208
"2021-05-24","KEPULAUAN RIAU",247,7,239,1,10495,8190,2096,209
"2021-05-25","KEPULAUAN RIAU",191,16,173,2,10686,8206,2269,211
"2021-05-26","KEPULAUAN RIAU",190,51,136,3,10876,8257,2405,214
"2021-05-27","KEPULAUAN RIAU",0,2,-2,0,10876,8259,2403,214
"2021-05-28","KEPULAUAN RIAU",0,18,-24,6,10876,8277,2379,220
"2021-05-29","KEPULAUAN RIAU",0,110,-117,7,10876,8387,2262,227
"2021-05-30","KEPULAUAN RIAU",0,201,-202,1,10876,8588,2060,228
"2021-05-31","KEPULAUAN RIAU",0,15,-15,0,10876,8603,2045,228
"2021-06-01","KEPULAUAN RIAU",0,195,-197,2,10876,8798,1848,230
"2021-06-02","KEPULAUAN RIAU",351,34,310,7,11227,8832,2158,237
"2021-06-03","KEPULAUAN RIAU",217,111,100,6,11444,8943,2258,243
"2021-06-04","KEPULAUAN RIAU",200,107,93,0,11644,9050,2351,243
"2021-06-05","KEPULAUAN RIAU",372,314,56,2,12016,9364,2407,245
"2021-06-06","KEPULAUAN RIAU",273,8,263,2,12289,9372,2670,247
"2021-06-07","KEPULAUAN RIAU",151,0,151,0,12440,9372,2821,247
"2021-06-08","KEPULAUAN RIAU",218,414,-197,1,12658,9786,2624,248
"2021-06-09","KEPULAUAN RIAU",407,331,64,12,13065,10117,2688,260
"2021-06-10","KEPULAUAN RIAU",307,292,15,0,13372,10409,2703,260
"2021-06-11","KEPULAUAN RIAU",0,191,-195,4,13372,10600,2508,264
"2021-06-12","KEPULAUAN RIAU",0,35,-36,1,13372,10635,2472,265
"2021-06-13","KEPULAUAN RIAU",0,46,-46,0,13372,10681,2426,265
"2021-06-14","KEPULAUAN RIAU",0,23,-27,4,13372,10704,2399,269
"2021-06-15","KEPULAUAN RIAU",0,0,0,0,13372,10704,2399,269
"2021-06-16","KEPULAUAN RIAU",0,314,-314,0,13372,11018,2085,269
"2021-06-17","KEPULAUAN RIAU",0,304,-315,11,13372,11322,1770,280
"2021-06-18","KEPULAUAN RIAU",0,334,-334,0,13372,11656,1436,280
"2021-06-19","KEPULAUAN RIAU",0,507,-507,0,13372,12163,929,280
"2021-06-20","KEPULAUAN RIAU",0,213,-213,0,13372,12376,716,280
"2021-06-21","KEPULAUAN RIAU",0,399,-399,0,13372,12775,317,280
"2021-06-22","KEPULAUAN RIAU",153,22,131,0,13525,12797,448,280
"2021-06-23","KEPULAUAN RIAU",309,273,30,6,13834,13070,478,286
"2021-06-24","KEPULAUAN RIAU",459,0,457,2,14293,13070,935,288
"2021-06-25","KEPULAUAN RIAU",403,0,403,0,14696,13070,1338,288
"2021-06-26","KEPULAUAN RIAU",0,0,-10,10,14696,13070,1328,298
"2021-06-27","KEPULAUAN RIAU",0,0,-7,7,14696,13070,1321,305
"2021-06-28","KEPULAUAN RIAU",0,0,-3,3,14696,13070,1318,308
"2021-06-29","KEPULAUAN RIAU",0,0,-5,5,14696,13070,1313,313
"2021-06-30","KEPULAUAN RIAU",0,0,-1,1,14696,13070,1312,314
"2021-07-01","KEPULAUAN RIAU",0,0,-1,1,14696,13070,1311,315
"2021-07-02","KEPULAUAN RIAU",1,0,0,1,14697,13070,1311,316
"2021-07-03","KEPULAUAN RIAU",0,11,-13,2,14697,13081,1298,318
"2021-07-04","KEPULAUAN RIAU",416,362,51,3,15113,13443,1349,321
"2021-07-05","KEPULAUAN RIAU",408,532,-131,7,15521,13975,1218,328
"2021-07-06","KEPULAUAN RIAU",586,7,578,1,16107,13982,1796,329
"2021-07-07","KEPULAUAN RIAU",608,386,211,11,16715,14368,2007,340
"2021-07-08","KEPULAUAN RIAU",456,0,451,5,17171,14368,2458,345
"2021-07-09","KEPULAUAN RIAU",725,2,716,7,17896,14370,3174,352
"2021-07-10","KEPULAUAN RIAU",481,2,447,32,18377,14372,3621,384
"2021-07-11","KEPULAUAN RIAU",651,1,647,3,19028,14373,4268,387
"2021-07-12","KEPULAUAN RIAU",558,2,541,15,19586,14375,4809,402
"2021-07-13","KEPULAUAN RIAU",0,23,-28,5,19586,14398,4781,407
"2021-07-14","KEPULAUAN RIAU",0,19,-24,5,19586,14417,4757,412
"2021-07-15","KEPULAUAN RIAU",2,23,-25,4,19588,14440,4732,416
"2021-07-16","KEPULAUAN RIAU",0,242,-243,1,19588,14682,4489,417
"2021-07-17","KEPULAUAN RIAU",891,192,693,6,20479,14874,5182,423
"2021-07-18","KEPULAUAN RIAU",928,347,563,18,21407,15221,5745,441
"2021-07-19","KEPULAUAN RIAU",704,553,143,8,22111,15774,5888,449
"2021-07-20","KEPULAUAN RIAU",710,603,87,20,22821,16377,5975,469
"2021-07-21","KEPULAUAN RIAU",520,434,73,13,23341,16811,6048,482
"2021-07-22","KEPULAUAN RIAU",690,697,-22,15,24031,17508,6026,497
"2021-07-23","KEPULAUAN RIAU",912,467,422,23,24943,17975,6448,520
"2021-07-24","KEPULAUAN RIAU",692,614,59,19,25635,18589,6507,539
"2021-07-25","KEPULAUAN RIAU",599,563,22,14,26234,19152,6529,553
"2021-07-26","KEPULAUAN RIAU",473,4,425,44,26707,19156,6954,597
"2021-07-27","KEPULAUAN RIAU",655,8,637,10,27362,19164,7591,607
"2021-07-28","KEPULAUAN RIAU",690,191,469,30,28052,19355,8060,637
"2021-07-29","KEPULAUAN RIAU",515,24,463,28,28567,19379,8523,665
"2021-07-30","KEPULAUAN RIAU",530,871,-386,45,29097,20250,8137,710
"2021-07-31","KEPULAUAN RIAU",478,891,-444,31,29575,21141,7693,741
"2021-08-01","KEPULAUAN RIAU",365,1378,-1036,23,29940,22519,6657,764
"2021-08-02","KEPULAUAN RIAU",406,1086,-688,8,30346,23605,5969,772
"2021-08-03","KEPULAUAN RIAU",9,902,-928,35,30355,24507,5041,807
"2021-08-04","KEPULAUAN RIAU",14,818,-804,0,30369,25325,4237,807
"2021-08-05","KEPULAUAN RIAU",6,562,-576,20,30375,25887,3661,827
"2021-08-06","KEPULAUAN RIAU",7,421,-414,0,30382,26308,3247,827
"2021-08-07","KEPULAUAN RIAU",2,572,-570,0,30384,26880,2677,827
"2021-08-08","KEPULAUAN RIAU",7,595,-603,15,30391,27475,2074,842
"2021-08-09","KEPULAUAN RIAU",306,237,64,5,30697,27712,2138,847
"2021-08-10","KEPULAUAN RIAU",310,702,-405,13,31007,28414,1733,860
"2021-08-11","KEPULAUAN RIAU",271,434,-177,14,31278,28848,1556,874
"2021-08-12","KEPULAUAN RIAU",231,347,-144,28,31509,29195,1412,902
"2021-08-13","KEPULAUAN RIAU",276,410,-139,5,31785,29605,1273,907
"2021-08-14","KEPULAUAN RIAU",242,5,223,14,32027,29610,1496,921
"2021-08-15","KEPULAUAN RIAU",205,93,108,4,32232,29703,1604,925
"2021-08-16","KEPULAUAN RIAU",197,38,159,0,32429,29741,1763,925
"2021-08-17","KEPULAUAN RIAU",254,45,194,15,32683,29786,1957,940
"2021-08-18","KEPULAUAN RIAU",172,32,120,20,32855,29818,2077,960
"2021-08-19","KEPULAUAN RIAU",162,36,110,16,33017,29854,2187,976
"2021-08-20","KEPULAUAN RIAU",191,210,-32,13,33208,30064,2155,989
"2021-08-21","KEPULAUAN RIAU",195,233,-52,14,33403,30297,2103,1003
"2021-08-22","KEPULAUAN RIAU",19,247,-233,5,33422,30544,1870,1008
"2021-08-23","KEPULAUAN RIAU",4,182,-185,7,33426,30726,1685,1015
"2021-08-24","KEPULAUAN RIAU",8,196,-193,5,33434,30922,1492,1020
"2021-08-25","KEPULAUAN RIAU",7,239,-238,6,33441,31161,1254,1026
"2021-08-26","KEPULAUAN RIAU",3,167,-166,2,33444,31328,1088,1028
"2021-08-27","KEPULAUAN RIAU",4,26,-24,2,33448,31354,1064,1030
"2021-08-28","KEPULAUAN RIAU",8,109,-103,2,33456,31463,961,1032
"2021-08-29","KEPULAUAN RIAU",3,218,-218,3,33459,31681,743,1035
"2021-08-30","KEPULAUAN RIAU",12,139,-127,0,33471,31820,616,1035
"2021-08-31","KEPULAUAN RIAU",8,101,-97,4,33479,31921,519,1039
"2021-09-01","KEPULAUAN RIAU",79,142,-65,2,33558,32063,454,1041
"2021-09-02","KEPULAUAN RIAU",83,147,-69,5,33641,32210,385,1046
"2021-09-03","KEPULAUAN RIAU",107,23,82,2,33748,32233,467,1048
"2021-09-04","KEPULAUAN RIAU",76,4,62,10,33824,32237,529,1058
"2021-09-05","KEPULAUAN RIAU",47,10,32,5,33871,32247,561,1063
"2021-09-06","KEPULAUAN RIAU",81,4,72,5,33952,32251,633,1068
"2021-09-07","KEPULAUAN RIAU",67,8,58,1,34019,32259,691,1069
"2021-09-08","KEPULAUAN RIAU",80,13,65,2,34099,32272,756,1071
"2021-09-09","KEPULAUAN RIAU",52,23,29,0,34151,32295,785,1071
"2021-09-10","KEPULAUAN RIAU",63,7,53,3,34214,32302,838,1074
"2021-09-11","KEPULAUAN RIAU",55,20,33,2,34269,32322,871,1076
"2021-09-12","KEPULAUAN RIAU",37,46,-11,2,34306,32368,860,1078
"2021-09-13","KEPULAUAN RIAU",63,30,30,3,34369,32398,890,1081
"2021-09-14","KEPULAUAN RIAU",34,52,-24,6,34403,32450,866,1087
"2021-09-15","KEPULAUAN RIAU",78,54,21,3,34481,32504,887,1090
"2021-09-16","KEPULAUAN RIAU",45,99,-58,4,34526,32603,829,1094
"2021-09-17","KEPULAUAN RIAU",46,57,-15,4,34572,32660,814,1098
"2021-09-18","KEPULAUAN RIAU",34,47,-15,2,34606,32707,799,1100
"2021-09-19","KEPULAUAN RIAU",20,66,-50,4,34626,32773,749,1104
"2021-09-20","KEPULAUAN RIAU",29,58,-29,0,34655,32831,720,1104
"2021-09-21","KEPULAUAN RIAU",25,218,-194,1,34680,33049,526,1105
"2021-09-22","KEPULAUAN RIAU",42,10,32,0,34722,33059,558,1105
"2021-09-23","KEPULAUAN RIAU",42,55,-17,4,34764,33114,541,1109
"2021-09-24","KEPULAUAN RIAU",25,24,0,1,34789,33138,541,1110
"2021-09-25","KEPULAUAN RIAU",0,42,-44,2,34789,33180,497,1112
"2021-09-26","KEPULAUAN RIAU",3,41,-38,0,34792,33221,459,1112
"2021-09-27","KEPULAUAN RIAU",2,52,-51,1,34794,33273,408,1113
"2021-09-28","KEPULAUAN RIAU",0,9,-10,1,34794,33282,398,1114
"2021-09-29","KEPULAUAN RIAU",1,11,-10,0,34795,33293,388,1114
"2021-09-30","KEPULAUAN RIAU",13,27,-15,1,34808,33320,373,1115
"2021-10-01","KEPULAUAN RIAU",2,63,-63,2,34810,33383,310,1117
"2021-10-02","KEPULAUAN RIAU",5,48,-43,0,34815,33431,267,1117
"2021-10-03","KEPULAUAN RIAU",12,6,6,0,34827,33437,273,1117
"2021-10-04","KEPULAUAN RIAU",10,41,-31,0,34837,33478,242,1117
"2021-10-05","KEPULAUAN RIAU",12,1,11,0,34849,33479,253,1117
"2021-10-06","KEPULAUAN RIAU",14,37,-23,0,34863,33516,230,1117
"2021-10-07","KEPULAUAN RIAU",13,1,12,0,34876,33517,242,1117
"2021-10-08","KEPULAUAN RIAU",16,42,-28,2,34892,33559,214,1119
"2021-10-09","KEPULAUAN RIAU",12,1,10,1,34904,33560,224,1120
"2021-10-10","KEPULAUAN RIAU",5,44,-39,0,34909,33604,185,1120
"2021-10-11","KEPULAUAN RIAU",7,55,-48,0,34916,33659,137,1120
"2021-10-12","KEPULAUAN RIAU",13,20,-7,0,34929,33679,130,1120
"2021-10-13","KEPULAUAN RIAU",8,10,-2,0,34937,33689,128,1120
"2021-10-14","KEPULAUAN RIAU",8,10,-2,0,34945,33699,126,1120
"2021-10-15","KEPULAUAN RIAU",6,3,3,0,34951,33702,129,1120
"2021-10-16","KEPULAUAN RIAU",10,5,4,1,34961,33707,133,1121
"2021-10-17","KEPULAUAN RIAU",5,13,-8,0,34966,33720,125,1121
"2021-10-18","KEPULAUAN RIAU",2,20,-18,0,34968,33740,107,1121
"2021-10-19","KEPULAUAN RIAU",1,10,-9,0,34969,33750,98,1121
"2021-10-20","KEPULAUAN RIAU",2,19,-17,0,34971,33769,81,1121
"2021-10-21","KEPULAUAN RIAU",0,11,-11,0,34971,33780,70,1121
"2021-10-22","KEPULAUAN RIAU",2,9,-7,0,34973,33789,63,1121
"2021-10-23","KEPULAUAN RIAU",1,10,-9,0,34974,33799,54,1121
"2021-10-24","KEPULAUAN RIAU",1,8,-7,0,34975,33807,47,1121
"2021-10-25","KEPULAUAN RIAU",2,8,-6,0,34977,33815,41,1121
"2021-10-26","KEPULAUAN RIAU",1,0,1,0,34978,33815,42,1121
"2021-10-27","KEPULAUAN RIAU",6,7,-1,0,34984,33822,41,1121
"2021-10-28","KEPULAUAN RIAU",4,12,-8,0,34988,33834,33,1121
"2021-10-29","KEPULAUAN RIAU",4,5,-2,1,34992,33839,31,1122
"2021-10-30","KEPULAUAN RIAU",2,0,2,0,34994,33839,33,1122
"2021-10-31","KEPULAUAN RIAU",0,4,-4,0,34994,33843,29,1122
"2021-11-01","KEPULAUAN RIAU",0,1,-1,0,34994,33844,28,1122
"2021-11-02","KEPULAUAN RIAU",1,0,1,0,34995,33844,29,1122
"2021-11-03","KEPULAUAN RIAU",8,1,7,0,35003,33845,36,1122
"2021-11-04","KEPULAUAN RIAU",2,0,2,0,35005,33845,38,1122
"2021-11-05","KEPULAUAN RIAU",1,2,-1,0,35006,33847,37,1122
"2021-11-06","KEPULAUAN RIAU",0,2,-2,0,35006,33849,35,1122
"2021-11-07","KEPULAUAN RIAU",1,0,1,0,35007,33849,36,1122
"2021-11-08","KEPULAUAN RIAU",0,1,-1,0,35007,33850,35,1122
"2021-11-09","KEPULAUAN RIAU",0,2,-2,0,35007,33852,33,1122
"2021-11-10","KEPULAUAN RIAU",2,9,-7,0,35009,33861,26,1122
"2021-11-11","KEPULAUAN RIAU",1,2,-1,0,35010,33863,25,1122
"2021-11-12","KEPULAUAN RIAU",2,0,2,0,35012,33863,27,1122
"2021-11-13","KEPULAUAN RIAU",0,3,-3,0,35012,33866,24,1122
"2021-11-14","KEPULAUAN RIAU",0,0,0,0,35012,33866,24,1122
"2021-11-15","KEPULAUAN RIAU",3,0,3,0,35015,33866,27,1122
"2021-11-16","KEPULAUAN RIAU",0,0,-1,1,35015,33866,26,1123
"2021-11-17","KEPULAUAN RIAU",1,0,1,0,35016,33866,27,1123
"2021-11-18","KEPULAUAN RIAU",1,5,-5,1,35017,33871,22,1124
"2021-11-19","KEPULAUAN RIAU",0,4,-4,0,35017,33875,18,1124
"2021-11-20","KEPULAUAN RIAU",0,0,0,0,35017,33875,18,1124
"2021-11-21","KEPULAUAN RIAU",0,0,0,0,35017,33875,18,1124
"2021-11-22","KEPULAUAN RIAU",2,1,1,0,35019,33876,19,1124
"2021-11-23","KEPULAUAN RIAU",0,3,-4,1,35019,33879,15,1125
"2021-11-24","KEPULAUAN RIAU",2,0,2,0,35021,33879,17,1125
"2021-11-25","KEPULAUAN RIAU",3,0,3,0,35024,33879,20,1125
"2021-11-26","KEPULAUAN RIAU",1,0,1,0,35025,33879,21,1125
"2021-11-27","KEPULAUAN RIAU",2,0,2,0,35027,33879,23,1125
"2021-11-28","KEPULAUAN RIAU",1,1,0,0,35028,33880,23,1125
"2021-11-29","KEPULAUAN RIAU",1,8,-7,0,35029,33888,16,1125
"2021-11-30","KEPULAUAN RIAU",0,0,0,0,35029,33888,16,1125
"2021-12-01","KEPULAUAN RIAU",1,0,1,0,35030,33888,17,1125
"2021-12-02","KEPULAUAN RIAU",0,0,0,0,35030,33888,17,1125
"2021-12-03","KEPULAUAN RIAU",0,0,0,0,35030,33888,17,1125
"2021-12-04","KEPULAUAN RIAU",0,0,0,0,35030,33888,17,1125
"2021-12-05","KEPULAUAN RIAU",1,0,1,0,35031,33888,18,1125
"2021-12-06","KEPULAUAN RIAU",0,2,-2,0,35031,33890,16,1125
"2021-12-07","KEPULAUAN RIAU",2,0,2,0,35033,33890,18,1125
"2021-12-08","KEPULAUAN RIAU",0,0,0,0,35033,33890,18,1125
"2021-12-09","KEPULAUAN RIAU",0,0,0,0,35033,33890,18,1125
"2021-12-10","KEPULAUAN RIAU",0,3,-3,0,35033,33893,15,1125
"2021-12-11","KEPULAUAN RIAU",0,0,0,0,35033,33893,15,1125
"2021-12-12","KEPULAUAN RIAU",0,0,0,0,35033,33893,15,1125
"2021-12-13","KEPULAUAN RIAU",0,3,-3,0,35033,33896,12,1125
"2021-12-14","KEPULAUAN RIAU",0,0,0,0,35033,33896,12,1125
"2021-12-15","KEPULAUAN RIAU",1,0,1,0,35034,33896,13,1125
"2021-12-16","KEPULAUAN RIAU",8,0,8,0,35042,33896,21,1125
"2021-12-17","KEPULAUAN RIAU",70,0,70,0,35112,33896,91,1125
"2021-12-18","KEPULAUAN RIAU",11,0,11,0,35123,33896,102,1125
"2021-12-19","KEPULAUAN RIAU",3,0,3,0,35126,33896,105,1125
"2021-12-20","KEPULAUAN RIAU",0,0,0,0,35126,33896,105,1125
"2021-12-21","KEPULAUAN RIAU",3,0,3,0,35129,33896,108,1125
"2021-12-22","KEPULAUAN RIAU",29,0,29,0,35158,33896,137,1125
"2021-12-23","KEPULAUAN RIAU",9,0,9,0,35167,33896,146,1125
"2021-12-24","KEPULAUAN RIAU",31,0,31,0,35198,33896,177,1125
"2021-12-25","KEPULAUAN RIAU",65,3,62,0,35263,33899,239,1125
"2021-12-26","KEPULAUAN RIAU",3,0,3,0,35266,33899,242,1125
"2021-12-27","KEPULAUAN RIAU",8,0,8,0,35274,33899,250,1125
"2021-12-28","KEPULAUAN RIAU",50,0,50,0,35324,33899,300,1125
"2021-12-29","KEPULAUAN RIAU",21,2,19,0,35345,33901,319,1125
"2021-12-30","KEPULAUAN RIAU",6,0,6,0,35351,33901,325,1125
"2021-12-31","KEPULAUAN RIAU",2,0,2,0,35353,33901,327,1125
"2022-01-01","KEPULAUAN RIAU",52,0,52,0,35405,33901,379,1125
"2022-01-02","KEPULAUAN RIAU",24,0,24,0,35429,33901,403,1125
"2022-01-03","KEPULAUAN RIAU",20,0,20,0,35449,33901,423,1125
"2022-01-04","KEPULAUAN RIAU",50,0,50,0,35499,33901,473,1125
"2022-01-05","KEPULAUAN RIAU",15,0,15,0,35514,33901,488,1125
"2022-01-06","KEPULAUAN RIAU",123,0,123,0,35637,33901,611,1125
"2022-01-07","KEPULAUAN RIAU",60,1,59,0,35697,33902,670,1125
"2022-01-08","KEPULAUAN RIAU",43,0,43,0,35740,33902,713,1125
"2022-01-09","KEPULAUAN RIAU",23,0,23,0,35763,33902,736,1125
"2022-01-10","KEPULAUAN RIAU",5,22,-17,0,35768,33924,719,1125
"2022-01-11","KEPULAUAN RIAU",66,173,-107,0,35834,34097,612,1125
"2022-01-12","KEPULAUAN RIAU",14,101,-87,0,35848,34198,525,1125
"2022-01-13","KEPULAUAN RIAU",20,1,19,0,35868,34199,544,1125
"2022-01-14","KEPULAUAN RIAU",8,99,-91,0,35876,34298,453,1125
"2022-01-15","KEPULAUAN RIAU",6,98,-92,0,35882,34396,361,1125
"2022-01-16","KEPULAUAN RIAU",5,0,5,0,35887,34396,366,1125
"2022-01-17","KEPULAUAN RIAU",22,100,-78,0,35909,34496,288,1125
"2022-01-18","KEPULAUAN RIAU",8,92,-84,0,35917,34588,204,1125
"2022-01-19","KEPULAUAN RIAU",16,1,15,0,35933,34589,219,1125
"2022-01-20","KEPULAUAN RIAU",3,0,3,0,35936,34589,222,1125
"2022-01-21","KEPULAUAN RIAU",5,0,5,0,35941,34589,227,1125
"2022-01-22","KEPULAUAN RIAU",2,0,2,0,35943,34589,229,1125
"2022-01-23","KEPULAUAN RIAU",12,0,12,0,35955,34589,241,1125
"2022-01-24","KEPULAUAN RIAU",5,93,-88,0,35960,34682,153,1125
"2022-01-25","KEPULAUAN RIAU",7,100,-93,0,35967,34782,60,1125
"2022-01-26","KEPULAUAN RIAU",10,39,-29,0,35977,34821,31,1125
"2022-01-27","KEPULAUAN RIAU",10,7,3,0,35987,34828,34,1125
"2022-01-28","KEPULAUAN RIAU",7,0,7,0,35994,34828,41,1125
"2022-01-29","KEPULAUAN RIAU",16,0,16,0,36010,34828,57,1125
"2022-01-30","KEPULAUAN RIAU",8,0,8,0,36018,34828,65,1125
"2022-01-31","KEPULAUAN RIAU",19,0,19,0,36037,34828,84,1125
"2022-02-01","KEPULAUAN RIAU",37,0,37,0,36074,34828,121,1125
"2022-02-02","KEPULAUAN RIAU",21,0,20,1,36095,34828,141,1126
"2022-02-03","KEPULAUAN RIAU",41,0,41,0,36136,34828,182,1126
"2022-02-04","KEPULAUAN RIAU",62,7,55,0,36198,34835,237,1126
"2022-02-05","KEPULAUAN RIAU",84,0,84,0,36282,34835,321,1126
"2022-02-06","KEPULAUAN RIAU",70,3,67,0,36352,34838,388,1126
"2022-02-07","KEPULAUAN RIAU",51,2,49,0,36403,34840,437,1126
"2022-02-08","KEPULAUAN RIAU",93,11,82,0,36496,34851,519,1126
"2022-02-09","KEPULAUAN RIAU",148,7,141,0,36644,34858,660,1126
"2022-02-10","KEPULAUAN RIAU",113,36,77,0,36757,34894,737,1126
"2022-02-11","KEPULAUAN RIAU",130,0,130,0,36887,34894,867,1126
"2022-02-12","KEPULAUAN RIAU",217,10,207,0,37104,34904,1074,1126
"2022-02-13","KEPULAUAN RIAU",204,7,197,0,37308,34911,1271,1126
"2022-02-14","KEPULAUAN RIAU",128,9,118,1,37436,34920,1389,1127
"2022-02-15","KEPULAUAN RIAU",261,130,129,2,37697,35050,1518,1129
"2022-02-16","KEPULAUAN RIAU",432,70,362,0,38129,35120,1880,1129
"2022-02-17","KEPULAUAN RIAU",471,75,396,0,38600,35195,2276,1129
"2022-02-18","KEPULAUAN RIAU",573,19,553,1,39173,35214,2829,1130
"2022-02-19","KEPULAUAN RIAU",535,114,420,1,39708,35328,3249,1131
"2022-02-20","KEPULAUAN RIAU",495,141,353,1,40203,35469,3602,1132
"2022-02-21","KEPULAUAN RIAU",392,116,273,3,40595,35585,3875,1135
"2022-02-22","KEPULAUAN RIAU",691,134,556,1,41286,35719,4431,1136
"2022-02-23","KEPULAUAN RIAU",727,65,662,0,42013,35784,5093,1136
"2022-02-24","KEPULAUAN RIAU",775,125,640,10,42788,35909,5733,1146
"2022-02-25","KEPULAUAN RIAU",728,115,612,1,43516,36024,6345,1147
"2022-02-26","KEPULAUAN RIAU",574,12,560,2,44090,36036,6905,1149
"2022-02-27","KEPULAUAN RIAU",714,29,685,0,44804,36065,7590,1149
"2022-02-28","KEPULAUAN RIAU",324,153,168,3,45128,36218,7758,1152
"2022-03-01","KEPULAUAN RIAU",302,346,-44,0,45430,36564,7714,1152
"2022-03-02","KEPULAUAN RIAU",473,184,280,9,45903,36748,7994,1161
"2022-03-03","KEPULAUAN RIAU",453,485,-34,2,46356,37233,7960,1163
"2022-03-04","KEPULAUAN RIAU",311,907,-596,0,46667,38140,7364,1163
"2022-03-05","KEPULAUAN RIAU",405,143,259,3,47072,38283,7623,1166
"2022-03-06","KEPULAUAN RIAU",381,176,204,1,47453,38459,7827,1167
"2022-03-07","KEPULAUAN RIAU",221,212,9,0,47674,38671,7836,1167
"2022-03-08","KEPULAUAN RIAU",5,5,-3,3,47679,38676,7833,1170
"2020-04-17","DKI JAKARTA",1,0,1,0,1,0,1,0
"2020-04-18","DKI JAKARTA",0,0,0,0,1,0,1,0
"2020-04-19","DKI JAKARTA",0,0,0,0,1,0,1,0
"2020-04-20","DKI JAKARTA",0,0,0,0,1,0,1,0
"2020-04-21","DKI JAKARTA",0,0,0,0,1,0,1,0
"2020-04-22","DKI JAKARTA",0,0,0,0,1,0,1,0
"2020-04-23","DKI JAKARTA",0,0,0,0,1,0,1,0
"2020-04-24","DKI JAKARTA",0,0,0,0,1,0,1,0
"2020-04-25","DKI JAKARTA",0,0,-1,1,1,0,0,1
"2020-04-26","DKI JAKARTA",0,0,0,0,1,0,0,1
"2020-04-27","DKI JAKARTA",0,0,0,0,1,0,0,1
"2020-04-28","DKI JAKARTA",0,0,-1,1,1,0,-1,2
"2020-04-29","DKI JAKARTA",0,1,-1,0,1,1,-2,2
"2020-04-30","DKI JAKARTA",0,0,0,0,1,1,-2,2
"2020-05-01","DKI JAKARTA",0,0,0,0,1,1,-2,2
"2020-05-02","DKI JAKARTA",0,0,0,0,1,1,-2,2
"2020-05-03","DKI JAKARTA",0,0,0,0,1,1,-2,2
"2020-05-04","DKI JAKARTA",0,0,0,0,1,1,-2,2
"2020-05-05","DKI JAKARTA",0,0,0,0,1,1,-2,2
"2020-05-06","DKI JAKARTA",0,0,0,0,1,1,-2,2
"2020-05-07","DKI JAKARTA",0,1,-1,0,1,2,-3,2
"2020-05-08","DKI JAKARTA",0,0,0,0,1,2,-3,2
"2020-05-09","DKI JAKARTA",0,0,0,0,1,2,-3,2
"2020-05-10","DKI JAKARTA",0,0,0,0,1,2,-3,2
"2020-05-11","DKI JAKARTA",0,0,-1,1,1,2,-4,3
"2020-05-12","DKI JAKARTA",0,1,-1,0,1,3,-5,3
"2020-05-13","DKI JAKARTA",0,0,0,0,1,3,-5,3
"2020-05-14","DKI JAKARTA",0,0,0,0,1,3,-5,3
"2020-05-15","DKI JAKARTA",0,0,0,0,1,3,-5,3
"2020-05-16","DKI JAKARTA",0,0,0,0,1,3,-5,3
"2020-05-17","DKI JAKARTA",0,0,0,0,1,3,-5,3
"2020-05-18","DKI JAKARTA",0,0,0,0,1,3,-5,3
"2020-05-19","DKI JAKARTA",0,0,0,0,1,3,-5,3
"2020-05-20","DKI JAKARTA",0,0,0,0,1,3,-5,3
"2020-05-21","DKI JAKARTA",0,0,0,0,1,3,-5,3
"2020-05-22","DKI JAKARTA",0,0,0,0,1,3,-5,3
"2020-05-23","DKI JAKARTA",0,0,0,0,1,3,-5,3
"2020-05-24","DKI JAKARTA",0,0,0,0,1,3,-5,3
"2020-05-25","DKI JAKARTA",0,0,0,0,1,3,-5,3
"2020-05-26","DKI JAKARTA",0,0,0,0,1,3,-5,3
"2020-05-27","DKI JAKARTA",0,0,0,0,1,3,-5,3
"2020-05-28","DKI JAKARTA",0,0,0,0,1,3,-5,3
"2020-05-29","DKI JAKARTA",0,0,0,0,1,3,-5,3
"2020-05-30","DKI JAKARTA",0,2,-2,0,1,5,-7,3
"2020-05-31","DKI JAKARTA",0,0,0,0,1,5,-7,3
"2020-06-01","DKI JAKARTA",0,0,0,0,1,5,-7,3
"2020-06-02","DKI JAKARTA",0,0,0,0,1,5,-7,3
"2020-06-03","DKI JAKARTA",0,0,0,0,1,5,-7,3
"2020-06-04","DKI JAKARTA",0,0,0,0,1,5,-7,3
"2020-06-05","DKI JAKARTA",0,0,0,0,1,5,-7,3
"2020-06-06","DKI JAKARTA",0,0,0,0,1,5,-7,3
"2020-06-07","DKI JAKARTA",0,2,-2,0,1,7,-9,3
"2020-06-08","DKI JAKARTA",0,0,0,0,1,7,-9,3
"2020-06-09","DKI JAKARTA",0,1,-1,0,1,8,-10,3
"2020-06-10","DKI JAKARTA",0,0,0,0,1,8,-10,3
"2020-06-11","DKI JAKARTA",0,1,-1,0,1,9,-11,3
"2020-06-12","DKI JAKARTA",0,1,-1,0,1,10,-12,3
"2020-06-13","DKI JAKARTA",0,1,-1,0,1,11,-13,3
"2020-06-14","DKI JAKARTA",0,0,-1,1,1,11,-14,4
"2020-06-15","DKI JAKARTA",0,1,-1,0,1,12,-15,4
"2020-06-16","DKI JAKARTA",0,0,0,0,1,12,-15,4
"2020-06-17","DKI JAKARTA",0,0,0,0,1,12,-15,4
"2020-06-18","DKI JAKARTA",0,1,-1,0,1,13,-16,4
"2020-06-19","DKI JAKARTA",0,0,0,0,1,13,-16,4
"2020-06-20","DKI JAKARTA",0,1,-1,0,1,14,-17,4
"2020-06-21","DKI JAKARTA",0,2,-2,0,1,16,-19,4
"2020-06-22","DKI JAKARTA",0,1,-1,0,1,17,-20,4
"2020-06-23","DKI JAKARTA",0,0,0,0,1,17,-20,4
"2020-06-24","DKI JAKARTA",0,2,-2,0,1,19,-22,4
"2020-06-25","DKI JAKARTA",0,2,-2,0,1,21,-24,4
"2020-06-26","DKI JAKARTA",0,0,0,0,1,21,-24,4
"2020-06-27","DKI JAKARTA",0,0,0,0,1,21,-24,4
"2020-06-28","DKI JAKARTA",0,0,0,0,1,21,-24,4
"2020-06-29","DKI JAKARTA",0,0,0,0,1,21,-24,4
"2020-06-30","DKI JAKARTA",0,1,-1,0,1,22,-25,4
"2020-07-01","DKI JAKARTA",0,1,-1,0,1,23,-26,4
"2020-07-02","DKI JAKARTA",0,1,-1,0,1,24,-27,4
"2020-07-03","DKI JAKARTA",0,1,-1,0,1,25,-28,4
"2020-07-04","DKI JAKARTA",0,1,-1,0,1,26,-29,4
"2020-07-05","DKI JAKARTA",0,0,0,0,1,26,-29,4
"2020-07-06","DKI JAKARTA",0,1,-1,0,1,27,-30,4
"2020-07-07","DKI JAKARTA",0,0,0,0,1,27,-30,4
"2020-07-08","DKI JAKARTA",0,0,-1,1,1,27,-31,5
"2020-07-09","DKI JAKARTA",0,2,-2,0,1,29,-33,5
"2020-07-10","DKI JAKARTA",0,0,0,0,1,29,-33,5
"2020-07-11","DKI JAKARTA",0,0,0,0,1,29,-33,5
"2020-07-12","DKI JAKARTA",0,0,0,0,1,29,-33,5
"2020-07-13","DKI JAKARTA",0,0,-1,1,1,29,-34,6
"2020-07-14","DKI JAKARTA",0,0,0,0,1,29,-34,6
"2020-07-15","DKI JAKARTA",0,5,-5,0,1,34,-39,6
"2020-07-16","DKI JAKARTA",0,0,-1,1,1,34,-40,7
"2020-07-17","DKI JAKARTA",0,0,0,0,1,34,-40,7
"2020-07-18","DKI JAKARTA",0,1,-1,0,1,35,-41,7
"2020-07-19","DKI JAKARTA",0,1,-1,0,1,36,-42,7
"2020-07-20","DKI JAKARTA",0,2,-2,0,1,38,-44,7
"2020-07-21","DKI JAKARTA",0,1,-1,0,1,39,-45,7
"2020-07-22","DKI JAKARTA",0,2,-2,0,1,41,-47,7
"2020-07-23","DKI JAKARTA",0,0,0,0,1,41,-47,7
"2020-07-24","DKI JAKARTA",0,3,-3,0,1,44,-50,7
"2020-07-25","DKI JAKARTA",0,1,-1,0,1,45,-51,7
"2020-07-26","DKI JAKARTA",0,0,0,0,1,45,-51,7
"2020-07-27","DKI JAKARTA",0,1,-1,0,1,46,-52,7
"2020-07-28","DKI JAKARTA",0,0,-1,1,1,46,-53,8
"2020-07-29","DKI JAKARTA",0,3,-3,0,1,49,-56,8
"2020-07-30","DKI JAKARTA",0,1,-1,0,1,50,-57,8
"2020-07-31","DKI JAKARTA",0,0,0,0,1,50,-57,8
"2020-08-01","DKI JAKARTA",0,1,-1,0,1,51,-58,8
"2020-08-02","DKI JAKARTA",0,0,0,0,1,51,-58,8
"2020-08-03","DKI JAKARTA",0,0,0,0,1,51,-58,8
"2020-08-04","DKI JAKARTA",0,2,-2,0,1,53,-60,8
"2020-08-05","DKI JAKARTA",0,0,0,0,1,53,-60,8
"2020-08-06","DKI JAKARTA",556,2,554,0,557,55,494,8
"2020-08-07","DKI JAKARTA",665,0,661,4,1222,55,1155,12
"2020-08-08","DKI JAKARTA",686,0,680,6,1908,55,1835,18
"2020-08-09","DKI JAKARTA",440,2,437,1,2348,57,2272,19
"2020-08-10","DKI JAKARTA",433,1,432,0,2781,58,2704,19
"2020-08-11","DKI JAKARTA",462,0,452,10,3243,58,3156,29
"2020-08-12","DKI JAKARTA",529,4,514,11,3772,62,3670,40
"2020-08-13","DKI JAKARTA",608,15,584,9,4380,77,4254,49
"2020-08-14","DKI JAKARTA",538,2,533,3,4918,79,4787,52
"2020-08-15","DKI JAKARTA",583,1,576,6,5501,80,5363,58
"2020-08-16","DKI JAKARTA",518,1,516,1,6019,81,5879,59
"2020-08-17","DKI JAKARTA",552,0,540,12,6571,81,6419,71
"2020-08-18","DKI JAKARTA",513,1,498,14,7084,82,6917,85
"2020-08-19","DKI JAKARTA",551,6,527,18,7635,88,7444,103
"2020-08-20","DKI JAKARTA",594,6,574,14,8229,94,8018,117
"2020-08-21","DKI JAKARTA",657,2,640,15,8886,96,8658,132
"2020-08-22","DKI JAKARTA",588,441,130,17,9474,537,8788,149
"2020-08-23","DKI JAKARTA",614,693,-95,16,10088,1230,8693,165
"2020-08-24","DKI JAKARTA",633,1901,-1281,13,10721,3131,7412,178
"2020-08-25","DKI JAKARTA",638,526,97,15,11359,3657,7509,193
"2020-08-26","DKI JAKARTA",713,764,-56,5,12072,4421,7453,198
"2020-08-27","DKI JAKARTA",760,1539,-790,11,12832,5960,6663,209
"2020-08-28","DKI JAKARTA",869,880,-21,10,13701,6840,6642,219
"2020-08-29","DKI JAKARTA",861,600,243,18,14562,7440,6885,237
"2020-08-30","DKI JAKARTA",1094,368,717,9,15656,7808,7602,246
"2020-08-31","DKI JAKARTA",1049,402,633,14,16705,8210,8235,260
"2020-09-01","DKI JAKARTA",901,737,147,17,17606,8947,8382,277
"2020-09-02","DKI JAKARTA",1054,479,558,17,18660,9426,8940,294
"2020-09-03","DKI JAKARTA",1359,702,642,15,20019,10128,9582,309
"2020-09-04","DKI JAKARTA",880,823,51,6,20899,10951,9633,315
"2020-09-05","DKI JAKARTA",877,730,133,14,21776,11681,9766,329
"2020-09-06","DKI JAKARTA",1176,805,361,10,22952,12486,10127,339
"2020-09-07","DKI JAKARTA",1046,662,362,22,23998,13148,10489,361
"2020-09-08","DKI JAKARTA",1014,931,62,21,25012,14079,10551,382
"2020-09-09","DKI JAKARTA",1004,844,143,17,26016,14923,10694,399
"2020-09-10","DKI JAKARTA",1274,1008,249,17,27290,15931,10943,416
"2020-09-11","DKI JAKARTA",964,904,44,16,28254,16835,10987,432
"2020-09-12","DKI JAKARTA",1205,665,522,18,29459,17500,11509,450
"2020-09-13","DKI JAKARTA",1380,957,418,5,30839,18457,11927,455
"2020-09-14","DKI JAKARTA",879,1511,-659,27,31718,19968,11268,482
"2020-09-15","DKI JAKARTA",1076,982,61,33,32794,20950,11329,515
"2020-09-16","DKI JAKARTA",1294,1146,117,31,34088,22096,11446,546
"2020-09-17","DKI JAKARTA",1113,748,351,14,35201,22844,11797,560
"2020-09-18","DKI JAKARTA",1258,1036,200,22,36459,23880,11997,582
"2020-09-19","DKI JAKARTA",988,1032,-54,10,37447,24912,11943,592
"2020-09-20","DKI JAKARTA",1138,1069,55,14,38585,25981,11998,606
"2020-09-21","DKI JAKARTA",1352,1294,29,29,39937,27275,12027,635
"2020-09-22","DKI JAKARTA",1236,849,357,30,41173,28124,12384,665
"2020-09-23","DKI JAKARTA",1135,1105,2,28,42308,29229,12386,693
"2020-09-24","DKI JAKARTA",1044,1162,-138,20,43352,30391,12248,713
"2020-09-25","DKI JAKARTA",1171,1626,-468,13,44523,32017,11780,726
"2020-09-26","DKI JAKARTA",1323,764,547,12,45846,32781,12327,738
"2020-09-27","DKI JAKARTA",1217,1294,-90,13,47063,34075,12237,751
"2020-09-28","DKI JAKARTA",898,1331,-442,9,47961,35406,11795,760
"2020-09-29","DKI JAKARTA",1238,1121,96,21,49199,36527,11891,781
"2020-09-30","DKI JAKARTA",1159,1452,-306,13,50358,37979,11585,794
"2020-10-01","DKI JAKARTA",1253,1118,129,6,51611,39097,11714,800
"2020-10-02","DKI JAKARTA",1198,675,520,3,52809,39772,12234,803
"2020-10-03","DKI JAKARTA",1,1190,-1193,4,52810,40962,11041,807
"2020-10-04","DKI JAKARTA",0,1031,-1041,10,52810,41993,10000,817
"2020-10-05","DKI JAKARTA",1022,980,31,11,53832,42973,10031,828
"2020-10-06","DKI JAKARTA",1106,1016,69,21,54938,43989,10100,849
"2020-10-07","DKI JAKARTA",1211,987,212,12,56149,44976,10312,861
"2020-10-08","DKI JAKARTA",1182,1047,118,17,57331,46023,10430,878
"2020-10-09","DKI JAKARTA",943,849,74,20,58274,46872,10504,898
"2020-10-10","DKI JAKARTA",1259,1284,-38,13,59533,48156,10466,911
"2020-10-11","DKI JAKARTA",1389,1062,313,14,60922,49218,10779,925
"2020-10-12","DKI JAKARTA",1211,1083,103,25,62133,50301,10882,950
"2020-10-13","DKI JAKARTA",1054,1101,-66,19,63187,51402,10816,969
"2020-10-14","DKI JAKARTA",1038,719,302,17,64225,52121,11118,986
"2020-10-15","DKI JAKARTA",1072,5,1050,17,65297,52126,12168,1003
"2020-10-16","DKI JAKARTA",1045,2,1025,18,66342,52128,13193,1021
"2020-10-17","DKI JAKARTA",974,1027,-76,23,67316,53155,13117,1044
"2020-10-18","DKI JAKARTA",971,1080,-126,17,68287,54235,12991,1061
"2020-10-19","DKI JAKARTA",926,1128,-216,14,69213,55363,12775,1075
"2020-10-20","DKI JAKARTA",964,837,108,19,70177,56200,12883,1094
"2020-10-21","DKI JAKARTA",1000,1073,-94,21,71177,57273,12789,1115
"2020-10-22","DKI JAKARTA",989,1157,-184,16,72166,58430,12605,1131
"2020-10-23","DKI JAKARTA",0,1093,-1114,21,72166,59523,11491,1152
"2020-10-24","DKI JAKARTA",2,1157,-1174,19,72168,60680,10317,1171
"2020-10-25","DKI JAKARTA",771,1231,-472,12,72939,61911,9845,1183
"2020-10-26","DKI JAKARTA",906,1180,-285,11,73845,63091,9560,1194
"2020-10-27","DKI JAKARTA",781,1130,-357,8,74626,64221,9203,1202
"2020-10-28","DKI JAKARTA",844,1060,-225,9,75470,65281,8978,1211
"2020-10-29","DKI JAKARTA",713,1084,-384,13,76183,66365,8594,1224
"2020-10-30","DKI JAKARTA",612,1081,-481,12,76795,67446,8113,1236
"2020-10-31","DKI JAKARTA",750,1047,-315,18,77545,68493,7798,1254
"2020-11-01","DKI JAKARTA",608,1474,-882,16,78153,69967,6916,1270
"2020-11-02","DKI JAKARTA",1024,1058,-50,16,79177,71025,6866,1286
"2020-11-03","DKI JAKARTA",617,229,380,8,79794,71254,7246,1294
"2020-11-04","DKI JAKARTA",768,9,749,10,80562,71263,7995,1304
"2020-11-05","DKI JAKARTA",797,732,51,14,81359,71995,8046,1318
"2020-11-06","DKI JAKARTA",672,1028,-371,15,82031,73023,7675,1333
"2020-11-07","DKI JAKARTA",1118,987,120,11,83149,74010,7795,1344
"2020-11-08","DKI JAKARTA",826,984,-166,8,83975,74994,7629,1352
"2020-11-09","DKI JAKARTA",716,1131,-427,12,84691,76125,7202,1364
"2020-11-10","DKI JAKARTA",1013,1257,-256,12,85704,77382,6946,1376
"2020-11-11","DKI JAKARTA",587,959,-385,13,86291,78341,6561,1389
"2020-11-12","DKI JAKARTA",831,1072,-252,11,87122,79413,6309,1400
"2020-11-13","DKI JAKARTA",1033,13,1010,10,88155,79426,7319,1410
"2020-11-14","DKI JAKARTA",1255,11,1239,5,89410,79437,8558,1415
"2020-11-15","DKI JAKARTA",1164,23,1139,2,90574,79460,9697,1417
"2020-11-16","DKI JAKARTA",1006,867,137,2,91580,80327,9834,1419
"2020-11-17","DKI JAKARTA",1037,825,176,36,92617,81152,10010,1455
"2020-11-18","DKI JAKARTA",1148,2193,-1056,11,93765,83345,8954,1466
"2020-11-19","DKI JAKARTA",1185,2671,-1500,14,94950,86016,7454,1480
"2020-11-20","DKI JAKARTA",1240,569,671,0,96190,86585,8125,1480
"2020-11-21","DKI JAKARTA",1579,1085,479,15,97769,87670,8604,1495
"2020-11-22","DKI JAKARTA",1342,1070,257,15,99111,88740,8861,1510
"2020-11-23","DKI JAKARTA",1009,1052,-46,3,100120,89792,8815,1513
"2020-11-24","DKI JAKARTA",1015,1089,-93,19,101135,90881,8722,1532
"2020-11-25","DKI JAKARTA",1273,1090,166,17,102408,91971,8888,1549
"2020-11-26","DKI JAKARTA",1064,1133,-83,14,103472,93104,8805,1563
"2020-11-27","DKI JAKARTA",1436,838,583,15,104908,93942,9388,1578
"2020-11-28","DKI JAKARTA",1370,1232,123,15,106278,95174,9511,1593
"2020-11-29","DKI JAKARTA",1431,820,592,19,107709,95994,10103,1612
"2020-11-30","DKI JAKARTA",1099,910,170,19,108808,96904,10273,1631
"2020-12-01","DKI JAKARTA",1058,1042,-7,23,109866,97946,10266,1654
"2020-12-02","DKI JAKARTA",1,1063,-1085,23,109867,99009,9181,1677
"2020-12-03","DKI JAKARTA",2,967,-992,27,109869,99976,8189,1704
"2020-12-04","DKI JAKARTA",1032,923,89,20,110901,100899,8278,1724
"2020-12-05","DKI JAKARTA",1360,1031,308,21,112261,101930,8586,1745
"2020-12-06","DKI JAKARTA",1331,1040,269,22,113592,102970,8855,1767
"2020-12-07","DKI JAKARTA",1466,944,500,22,115058,103914,9355,1789
"2020-12-08","DKI JAKARTA",1194,1203,-28,19,116252,105117,9327,1808
"2020-12-09","DKI JAKARTA",1217,1067,133,17,117469,106184,9460,1825
"2020-12-10","DKI JAKARTA",1180,1046,117,17,118649,107230,9577,1842
"2020-12-11","DKI JAKARTA",1232,785,443,4,119881,108015,10020,1846
"2020-12-12","DKI JAKARTA",951,0,950,1,120832,108015,10970,1847
"2020-12-13","DKI JAKARTA",1298,192,1092,14,122130,108207,12062,1861
"2020-12-14","DKI JAKARTA",1506,1471,19,16,123636,109678,12081,1877
"2020-12-15","DKI JAKARTA",1116,1135,-41,22,124752,110813,12040,1899
"2020-12-16","DKI JAKARTA",0,1136,-1158,22,124752,111949,10882,1921
"2020-12-17","DKI JAKARTA",0,1371,-1388,17,124752,113320,9494,1938
"2020-12-18","DKI JAKARTA",0,1234,-1250,16,124752,114554,8244,1954
"2020-12-19","DKI JAKARTA",0,1097,-1117,20,124752,115651,7127,1974
"2020-12-20","DKI JAKARTA",0,1874,-1885,11,124752,117525,5242,1985
"2020-12-21","DKI JAKARTA",0,1368,-1382,14,124752,118893,3860,1999
"2020-12-22","DKI JAKARTA",0,1374,-1386,12,124752,120267,2474,2011
"2020-12-23","DKI JAKARTA",3,1444,-1456,15,124755,121711,1018,2026
"2020-12-24","DKI JAKARTA",1932,942,984,6,126687,122653,2002,2032
"2020-12-25","DKI JAKARTA",2096,0,2090,6,128783,122653,4092,2038
"2020-12-26","DKI JAKARTA",2058,0,2047,11,130841,122653,6139,2049
"2020-12-27","DKI JAKARTA",1997,0,1980,17,132838,122653,8119,2066
"2020-12-28","DKI JAKARTA",1678,0,1667,11,134516,122653,9786,2077
"2020-12-29","DKI JAKARTA",2056,0,2041,15,136572,122653,11827,2092
"2020-12-30","DKI JAKARTA",2053,0,2044,9,138625,122653,13871,2101
"2020-12-31","DKI JAKARTA",2022,170,1849,3,140647,122823,15720,2104
"2021-01-01","DKI JAKARTA",1956,1643,294,19,142603,124466,16014,2123
"2021-01-02","DKI JAKARTA",1894,2280,-412,26,144497,126746,15602,2149
"2021-01-03","DKI JAKARTA",3,1691,-1698,10,144500,128437,13904,2159
"2021-01-04","DKI JAKARTA",0,2527,-2529,2,144500,130964,11375,2161
"2021-01-05","DKI JAKARTA",4,1339,-1354,19,144504,132303,10021,2180
"2021-01-06","DKI JAKARTA",0,1062,-1074,12,144504,133365,8947,2192
"2021-01-07","DKI JAKARTA",1,1439,-1448,10,144505,134804,7499,2202
"2021-01-08","DKI JAKARTA",3,2690,-2698,11,144508,137494,4801,2213
"2021-01-09","DKI JAKARTA",7,2118,-2123,12,144515,139612,2678,2225
"2021-01-10","DKI JAKARTA",2,2610,-2621,13,144517,142222,57,2238
"2021-01-11","DKI JAKARTA",1,0,-7,8,144518,142222,50,2246
"2021-01-12","DKI JAKARTA",5,0,-22,27,144523,142222,28,2273
"2021-01-13","DKI JAKARTA",3476,0,3472,4,147999,142222,3500,2277
"2021-01-14","DKI JAKARTA",3165,0,3164,1,151164,142222,6664,2278
"2021-01-15","DKI JAKARTA",2541,0,2538,3,153705,142222,9202,2281
"2021-01-16","DKI JAKARTA",3536,0,3530,6,157241,142222,12732,2287
"2021-01-17","DKI JAKARTA",3395,0,3394,1,160636,142222,16126,2288
"2021-01-18","DKI JAKARTA",2361,0,2358,3,162997,142222,18484,2291
"2021-01-19","DKI JAKARTA",1,0,-3,4,162998,142222,18481,2295
"2021-01-20","DKI JAKARTA",2,3317,-3335,20,163000,145539,15146,2315
"2021-01-21","DKI JAKARTA",6,2570,-2594,30,163006,148109,12552,2345
"2021-01-22","DKI JAKARTA",0,2169,-2210,41,163006,150278,10342,2386
"2021-01-23","DKI JAKARTA",1,3492,-3522,31,163007,153770,6820,2417
"2021-01-24","DKI JAKARTA",4,2328,-2363,39,163011,156098,4457,2456
"2021-01-25","DKI JAKARTA",1,2504,-2546,43,163012,158602,1911,2499
"2021-01-26","DKI JAKARTA",1,1835,-1880,46,163013,160437,31,2545
"2021-01-27","DKI JAKARTA",2,0,-8,10,163015,160437,23,2555
"2021-01-28","DKI JAKARTA",0,0,-3,3,163015,160437,20,2558
"2021-01-29","DKI JAKARTA",0,0,-5,5,163015,160437,15,2563
"2021-01-30","DKI JAKARTA",0,0,-1,1,163015,160437,14,2564
"2021-01-31","DKI JAKARTA",7,0,6,1,163022,160437,20,2565
"2021-02-01","DKI JAKARTA",2,0,-1,3,163024,160437,19,2568
"2021-02-02","DKI JAKARTA",3362,0,3361,1,166386,160437,3380,2569
"2021-02-03","DKI JAKARTA",3567,0,3565,2,169953,160437,6945,2571
"2021-02-04","DKI JAKARTA",3632,0,3630,2,173585,160437,10575,2573
"2021-02-05","DKI JAKARTA",3340,0,3340,0,176925,160437,13915,2573
"2021-02-06","DKI JAKARTA",2379,0,2379,0,179304,160437,16294,2573
"2021-02-07","DKI JAKARTA",4212,0,4205,7,183516,160437,20499,2580
"2021-02-08","DKI JAKARTA",3,18,-17,2,183519,160455,20482,2582
"2021-02-09","DKI JAKARTA",1,2786,-2818,33,183520,163241,17664,2615
"2021-02-10","DKI JAKARTA",0,3244,-3287,43,183520,166485,14377,2658
"2021-02-11","DKI JAKARTA",2,4096,-4145,51,183522,170581,10232,2709
"2021-02-12","DKI JAKARTA",4,5636,-5682,50,183526,176217,4550,2759
"2021-02-13","DKI JAKARTA",3,4455,-4505,53,183529,180672,45,2812
"2021-02-14","DKI JAKARTA",5,0,-22,27,183534,180672,23,2839
"2021-02-15","DKI JAKARTA",0,0,-1,1,183534,180672,22,2840
"2021-02-16","DKI JAKARTA",2,0,-2,4,183536,180672,20,2844
"2021-02-17","DKI JAKARTA",1,0,0,1,183537,180672,20,2845
"2021-02-18","DKI JAKARTA",0,0,-1,1,183537,180672,19,2846
"2021-02-19","DKI JAKARTA",10,0,10,0,183547,180672,29,2846
"2021-02-20","DKI JAKARTA",6,0,2,4,183553,180672,31,2850
"2021-02-21","DKI JAKARTA",11,0,7,4,183564,180672,38,2854
"2021-02-22","DKI JAKARTA",2464,0,2463,1,186028,180672,2501,2855
"2021-02-23","DKI JAKARTA",782,0,779,3,186810,180672,3280,2858
"2021-02-24","DKI JAKARTA",782,0,775,7,187592,180672,4055,2865
"2021-02-25","DKI JAKARTA",1581,0,1577,4,189173,180672,5632,2869
"2021-02-26","DKI JAKARTA",1662,0,1655,7,190835,180672,7287,2876
"2021-02-27","DKI JAKARTA",1736,0,1731,5,192571,180672,9018,2881
"2021-02-28","DKI JAKARTA",2098,8,2074,16,194669,180680,11092,2897
"2021-03-01","DKI JAKARTA",2058,3132,-1126,52,196727,183812,9966,2949
"2021-03-02","DKI JAKARTA",1,2165,-2199,35,196728,185977,7767,2984
"2021-03-03","DKI JAKARTA",3,2487,-2522,38,196731,188464,5245,3022
"2021-03-04","DKI JAKARTA",6,1750,-1790,46,196737,190214,3455,3068
"2021-03-05","DKI JAKARTA",2,1290,-1333,45,196739,191504,2122,3113
"2021-03-06","DKI JAKARTA",5,1568,-1607,44,196744,193072,515,3157
"2021-03-07","DKI JAKARTA",7,476,-486,17,196751,193548,29,3174
"2021-03-08","DKI JAKARTA",4,0,1,3,196755,193548,30,3177
"2021-03-09","DKI JAKARTA",1,0,-4,5,196756,193548,26,3182
"2021-03-10","DKI JAKARTA",2,0,-3,5,196758,193548,23,3187
"2021-03-11","DKI JAKARTA",0,0,-1,1,196758,193548,22,3188
"2021-03-12","DKI JAKARTA",1,0,-4,5,196759,193548,18,3193
"2021-03-13","DKI JAKARTA",2,0,0,2,196761,193548,18,3195
"2021-03-14","DKI JAKARTA",1204,0,1200,4,197965,193548,1218,3199
"2021-03-15","DKI JAKARTA",1555,86,1466,3,199520,193634,2684,3202
"2021-03-16","DKI JAKARTA",835,0,835,0,200355,193634,3519,3202
"2021-03-17","DKI JAKARTA",1330,0,1330,0,201685,193634,4849,3202
"2021-03-18","DKI JAKARTA",1719,180,1538,1,203404,193814,6387,3203
"2021-03-19","DKI JAKARTA",1588,1174,400,14,204992,194988,6787,3217
"2021-03-20","DKI JAKARTA",1935,1184,729,22,206927,196172,7516,3239
"2021-03-21","DKI JAKARTA",1638,1884,-269,23,208565,198056,7247,3262
"2021-03-22","DKI JAKARTA",1474,1714,-248,8,210039,199770,6999,3270
"2021-03-23","DKI JAKARTA",816,1691,-886,11,210855,201461,6113,3281
"2021-03-24","DKI JAKARTA",890,1986,-1107,11,211745,203447,5006,3292
"2021-03-25","DKI JAKARTA",1,490,-501,12,211746,203937,4505,3304
"2021-03-26","DKI JAKARTA",0,897,-908,11,211746,204834,3597,3315
"2021-03-27","DKI JAKARTA",1,599,-616,18,211747,205433,2981,3333
"2021-03-28","DKI JAKARTA",1,1175,-1197,23,211748,206608,1784,3356
"2021-03-29","DKI JAKARTA",0,1079,-1101,22,211748,207687,683,3378
"2021-03-30","DKI JAKARTA",0,739,-757,18,211748,208426,-74,3396
"2021-03-31","DKI JAKARTA",1,0,1,0,211749,208426,-73,3396
"2021-04-01","DKI JAKARTA",0,0,-1,1,211749,208426,-74,3397
"2021-04-02","DKI JAKARTA",0,0,0,0,211749,208426,-74,3397
"2021-04-03","DKI JAKARTA",1098,0,1098,0,212847,208426,1024,3397
"2021-04-04","DKI JAKARTA",736,0,735,1,213583,208426,1759,3398
"2021-04-05","DKI JAKARTA",523,0,523,0,214106,208426,2282,3398
"2021-04-06","DKI JAKARTA",487,0,487,0,214593,208426,2769,3398
"2021-04-07","DKI JAKARTA",862,0,861,1,215455,208426,3630,3399
"2021-04-08","DKI JAKARTA",1238,0,1238,0,216693,208426,4868,3399
"2021-04-09","DKI JAKARTA",1013,0,1013,0,217706,208426,5881,3399
"2021-04-10","DKI JAKARTA",977,0,977,0,218683,208426,6858,3399
"2021-04-11","DKI JAKARTA",1031,941,90,0,219714,209367,6948,3399
"2021-04-12","DKI JAKARTA",692,1357,-672,7,220406,210724,6276,3406
"2021-04-13","DKI JAKARTA",828,900,-78,6,221234,211624,6198,3412
"2021-04-14","DKI JAKARTA",661,614,40,7,221895,212238,6238,3419
"2021-04-15","DKI JAKARTA",3,690,-693,6,221898,212928,5545,3425
"2021-04-16","DKI JAKARTA",0,871,-889,18,221898,213799,4656,3443
"2021-04-17","DKI JAKARTA",1,999,-1016,18,221899,214798,3640,3461
"2021-04-18","DKI JAKARTA",0,987,-1000,13,221899,215785,2640,3474
"2021-04-19","DKI JAKARTA",1,971,-984,14,221900,216756,1656,3488
"2021-04-20","DKI JAKARTA",1,896,-909,14,221901,217652,747,3502
"2021-04-21","DKI JAKARTA",2,573,-583,12,221903,218225,164,3514
"2021-04-22","DKI JAKARTA",1,223,-231,9,221904,218448,-67,3523
"2021-04-23","DKI JAKARTA",884,0,881,3,222788,218448,814,3526
"2021-04-24","DKI JAKARTA",906,0,906,0,223694,218448,1720,3526
"2021-04-25","DKI JAKARTA",896,0,896,0,224590,218448,2616,3526
"2021-04-26","DKI JAKARTA",748,0,747,1,225338,218448,3363,3527
"2021-04-27","DKI JAKARTA",394,0,394,0,225732,218448,3757,3527
"2021-04-28","DKI JAKARTA",639,0,638,1,226371,218448,4395,3528
"2021-04-29","DKI JAKARTA",986,0,983,3,227357,218448,5378,3531
"2021-04-30","DKI JAKARTA",788,0,788,0,228145,218448,6166,3531
"2021-05-01","DKI JAKARTA",926,0,919,7,229071,218448,7085,3538
"2021-05-02","DKI JAKARTA",854,943,-99,10,229925,219391,6986,3548
"2021-05-03","DKI JAKARTA",756,687,50,19,230681,220078,7036,3567
"2021-05-04","DKI JAKARTA",415,586,-189,18,231096,220664,6847,3585
"2021-05-05","DKI JAKARTA",2,687,-697,12,231098,221351,6150,3597
"2021-05-06","DKI JAKARTA",4,566,-583,21,231102,221917,5567,3618
"2021-05-07","DKI JAKARTA",14,595,-601,20,231116,222512,4966,3638
"2021-05-08","DKI JAKARTA",5,584,-604,25,231121,223096,4362,3663
"2021-05-09","DKI JAKARTA",4,690,-702,16,231125,223786,3660,3679
"2021-05-10","DKI JAKARTA",5,607,-624,22,231130,224393,3036,3701
"2021-05-11","DKI JAKARTA",2,667,-684,19,231132,225060,2352,3720
"2021-05-12","DKI JAKARTA",1,674,-686,13,231133,225734,1666,3733
"2021-05-13","DKI JAKARTA",785,585,185,15,231918,226319,1851,3748
"2021-05-14","DKI JAKARTA",632,547,69,16,232550,226866,1920,3764
"2021-05-15","DKI JAKARTA",227,475,-263,15,232777,227341,1657,3779
"2021-05-16","DKI JAKARTA",161,29,118,14,232938,227370,1775,3793
"2021-05-17","DKI JAKARTA",421,0,410,11,233359,227370,2185,3804
"2021-05-18","DKI JAKARTA",219,0,217,2,233578,227370,2402,3806
"2021-05-19","DKI JAKARTA",611,0,610,1,234189,227370,3012,3807
"2021-05-20","DKI JAKARTA",895,0,894,1,235084,227370,3906,3808
"2021-05-21","DKI JAKARTA",856,0,848,8,235940,227370,4754,3816
"2021-05-22","DKI JAKARTA",932,0,929,3,236872,227370,5683,3819
"2021-05-23","DKI JAKARTA",867,0,865,2,237739,227370,6548,3821
"2021-05-24","DKI JAKARTA",819,0,818,1,238558,227370,7366,3822
"2021-05-25","DKI JAKARTA",384,0,381,3,238942,227370,7747,3825
"2021-05-26","DKI JAKARTA",617,0,614,3,239559,227370,8361,3828
"2021-05-27","DKI JAKARTA",1,0,-1,2,239560,227370,8360,3830
"2021-05-28","DKI JAKARTA",1,0,-5,6,239561,227370,8355,3836
"2021-05-29","DKI JAKARTA",2,190,-188,0,239563,227560,8167,3836
"2021-05-30","DKI JAKARTA",3,1004,-1004,3,239566,228564,7163,3839
"2021-05-31","DKI JAKARTA",2,581,-593,14,239568,229145,6570,3853
"2021-06-01","DKI JAKARTA",0,509,-515,6,239568,229654,6055,3859
"2021-06-02","DKI JAKARTA",601,587,-6,20,240169,230241,6049,3879
"2021-06-03","DKI JAKARTA",715,501,193,21,240884,230742,6242,3900
"2021-06-04","DKI JAKARTA",906,814,72,20,241790,231556,6314,3920
"2021-06-05","DKI JAKARTA",1317,828,467,22,243107,232384,6781,3942
"2021-06-06","DKI JAKARTA",1019,884,115,20,244126,233268,6896,3962
"2021-06-07","DKI JAKARTA",1197,874,303,20,245323,234142,7199,3982
"2021-06-08","DKI JAKARTA",755,948,-213,20,246078,235090,6986,4002
"2021-06-09","DKI JAKARTA",1376,517,845,14,247454,235607,7831,4016
"2021-06-10","DKI JAKARTA",2091,0,2078,13,249545,235607,9909,4029
"2021-06-11","DKI JAKARTA",7,0,7,0,249552,235607,9916,4029
"2021-06-12","DKI JAKARTA",8,0,6,2,249560,235607,9922,4031
"2021-06-13","DKI JAKARTA",11,0,10,1,249571,235607,9932,4032
"2021-06-14","DKI JAKARTA",3,967,-971,7,249574,236574,8961,4039
"2021-06-15","DKI JAKARTA",1,1194,-1202,9,249575,237768,7759,4048
"2021-06-16","DKI JAKARTA",21,1276,-1289,34,249596,239044,6470,4082
"2021-06-17","DKI JAKARTA",15,1877,-1912,50,249611,240921,4558,4132
"2021-06-18","DKI JAKARTA",16,2110,-2160,66,249627,243031,2398,4198
"2021-06-19","DKI JAKARTA",13,2257,-2296,52,249640,245288,102,4250
"2021-06-20","DKI JAKARTA",16,0,11,5,249656,245288,113,4255
"2021-06-21","DKI JAKARTA",10,0,1,9,249666,245288,114,4264
"2021-06-22","DKI JAKARTA",3220,0,3211,9,252886,245288,3325,4273
"2021-06-23","DKI JAKARTA",4693,0,4690,3,257579,245288,8015,4276
"2021-06-24","DKI JAKARTA",7504,0,7491,13,265083,245288,15506,4289
"2021-06-25","DKI JAKARTA",6931,0,6913,18,272014,245288,22419,4307
"2021-06-26","DKI JAKARTA",39,0,31,8,272053,245288,22450,4315
"2021-06-27","DKI JAKARTA",21,0,14,7,272074,245288,22464,4322
"2021-06-28","DKI JAKARTA",41,0,32,9,272115,245288,22496,4331
"2021-06-29","DKI JAKARTA",0,0,-14,14,272115,245288,22482,4345
"2021-06-30","DKI JAKARTA",4,0,-5,9,272119,245288,22477,4354
"2021-07-01","DKI JAKARTA",15,0,9,6,272134,245288,22486,4360
"2021-07-02","DKI JAKARTA",23,2775,-2776,24,272157,248063,19710,4384
"2021-07-03","DKI JAKARTA",26,5681,-5671,16,272183,253744,14039,4400
"2021-07-04","DKI JAKARTA",10485,5816,4603,66,282668,259560,18642,4466
"2021-07-05","DKI JAKARTA",10902,5828,4957,117,293570,265388,23599,4583
"2021-07-06","DKI JAKARTA",9438,2007,7388,43,303008,267395,30987,4626
"2021-07-07","DKI JAKARTA",9364,0,9335,29,312372,267395,40322,4655
"2021-07-08","DKI JAKARTA",12972,0,12953,19,325344,267395,53275,4674
"2021-07-09","DKI JAKARTA",13108,9,13062,37,338452,267404,66337,4711
"2021-07-10","DKI JAKARTA",12919,0,12907,12,351371,267404,79244,4723
"2021-07-11","DKI JAKARTA",13132,7889,5233,10,364503,275293,84477,4733
"2021-07-12","DKI JAKARTA",14618,19185,-4668,101,379121,294478,79809,4834
"2021-07-13","DKI JAKARTA",11,4361,-4413,63,379132,298839,75396,4897
"2021-07-14","DKI JAKARTA",25,2869,-2897,53,379157,301708,72499,4950
"2021-07-15","DKI JAKARTA",43,2930,-3023,136,379200,304638,69476,5086
"2021-07-16","DKI JAKARTA",43,8227,-8303,119,379243,312865,61173,5205
"2021-07-17","DKI JAKARTA",10165,11397,-1294,62,389408,324262,59879,5267
"2021-07-18","DKI JAKARTA",9128,11669,-2697,156,398536,335931,57182,5423
"2021-07-19","DKI JAKARTA",4999,9100,-4286,185,403535,345031,52896,5608
"2021-07-20","DKI JAKARTA",6212,7598,-1541,155,409747,352629,51355,5763
"2021-07-21","DKI JAKARTA",5904,5335,504,65,415651,357964,51859,5828
"2021-07-22","DKI JAKARTA",7059,5546,1360,153,422710,363510,53219,5981
"2021-07-23","DKI JAKARTA",8032,4712,3256,64,430742,368222,56475,6045
"2021-07-24","DKI JAKARTA",8358,6234,2054,70,439100,374456,58529,6115
"2021-07-25","DKI JAKARTA",5394,9237,-3918,75,444494,383693,54611,6190
"2021-07-26","DKI JAKARTA",2659,12952,-10430,137,447153,396645,44181,6327
"2021-07-27","DKI JAKARTA",3567,7090,-3688,165,450720,403735,40493,6492
"2021-07-28","DKI JAKARTA",5521,10935,-5482,68,456241,414670,35011,6560
"2021-07-29","DKI JAKARTA",3844,11422,-7605,27,460085,426092,27406,6587
"2021-07-30","DKI JAKARTA",3451,11146,-7737,42,463536,437238,19669,6629
"2021-07-31","DKI JAKARTA",3327,4961,-1884,250,466863,442199,17785,6879
"2021-08-01","DKI JAKARTA",2700,4495,-1866,71,469563,446694,15919,6950
"2021-08-02","DKI JAKARTA",1410,2161,-901,150,470973,448855,15018,7100
"2021-08-03","DKI JAKARTA",7,2506,-2567,68,470980,451361,12451,7168
"2021-08-04","DKI JAKARTA",14,2470,-2518,62,470994,453831,9933,7230
"2021-08-05","DKI JAKARTA",0,2758,-2883,125,470994,456589,7050,7355
"2021-08-06","DKI JAKARTA",0,3206,-3259,53,470994,459795,3791,7408
"2021-08-07","DKI JAKARTA",0,3652,-3720,68,470994,463447,71,7476
"2021-08-08","DKI JAKARTA",0,1,-7,6,470994,463448,64,7482
"2021-08-09","DKI JAKARTA",727,1,726,0,471721,463449,790,7482
"2021-08-10","DKI JAKARTA",1426,4,1413,9,473147,463453,2203,7491
"2021-08-11","DKI JAKARTA",1957,0,1957,0,475104,463453,4160,7491
"2021-08-12","DKI JAKARTA",1080,18,1062,0,476184,463471,5222,7491
"2021-08-13","DKI JAKARTA",1210,0,1210,0,477394,463471,6432,7491
"2021-08-14","DKI JAKARTA",1363,0,1363,0,478757,463471,7795,7491
"2021-08-15","DKI JAKARTA",1182,0,1182,0,479939,463471,8977,7491
"2021-08-16","DKI JAKARTA",513,442,71,0,480452,463913,9048,7491
"2021-08-17","DKI JAKARTA",631,917,-310,24,481083,464830,8738,7515
"2021-08-18","DKI JAKARTA",1006,892,101,13,482089,465722,8839,7528
"2021-08-19","DKI JAKARTA",711,949,-272,34,482800,466671,8567,7562
"2021-08-20","DKI JAKARTA",938,944,-17,11,483738,467615,8550,7573
"2021-08-21","DKI JAKARTA",872,912,-53,13,484610,468527,8497,7586
"2021-08-22","DKI JAKARTA",683,899,-243,27,485293,469426,8254,7613
"2021-08-23","DKI JAKARTA",11,640,-649,20,485304,470066,7605,7633
"2021-08-24","DKI JAKARTA",9,526,-523,6,485313,470592,7082,7639
"2021-08-25","DKI JAKARTA",25,723,-706,8,485338,471315,6376,7647
"2021-08-26","DKI JAKARTA",34,1029,-1002,7,485372,472344,5374,7654
"2021-08-27","DKI JAKARTA",22,353,-338,7,485394,472697,5036,7661
"2021-08-28","DKI JAKARTA",26,431,-409,4,485420,473128,4627,7665
"2021-08-29","DKI JAKARTA",15,678,-668,5,485435,473806,3959,7670
"2021-08-30","DKI JAKARTA",16,816,-805,5,485451,474622,3154,7675
"2021-08-31","DKI JAKARTA",22,509,-499,12,485473,475131,2655,7687
"2021-09-01","DKI JAKARTA",672,1058,-391,5,486145,476189,2264,7692
"2021-09-02","DKI JAKARTA",430,811,-386,5,486575,477000,1878,7697
"2021-09-03","DKI JAKARTA",343,518,-181,6,486918,477518,1697,7703
"2021-09-04","DKI JAKARTA",360,17,337,6,487278,477535,2034,7709
"2021-09-05","DKI JAKARTA",303,8,289,6,487581,477543,2323,7715
"2021-09-06","DKI JAKARTA",217,27,177,13,487798,477570,2500,7728
"2021-09-07","DKI JAKARTA",261,33,217,11,488059,477603,2717,7739
"2021-09-08","DKI JAKARTA",428,25,393,10,488487,477628,3110,7749
"2021-09-09","DKI JAKARTA",308,23,285,0,488795,477651,3395,7749
"2021-09-10","DKI JAKARTA",261,16,233,12,489056,477667,3628,7761
"2021-09-11","DKI JAKARTA",268,30,224,14,489324,477697,3852,7775
"2021-09-12","DKI JAKARTA",306,180,121,5,489630,477877,3973,7780
"2021-09-13","DKI JAKARTA",184,453,-274,5,489814,478330,3699,7785
"2021-09-14","DKI JAKARTA",188,499,-314,3,490002,478829,3385,7788
"2021-09-15","DKI JAKARTA",303,506,-212,9,490305,479335,3173,7797
"2021-09-16","DKI JAKARTA",173,200,-35,8,490478,479535,3138,7805
"2021-09-17","DKI JAKARTA",203,368,-170,5,490681,479903,2968,7810
"2021-09-18","DKI JAKARTA",190,243,-58,5,490871,480146,2910,7815
"2021-09-19","DKI JAKARTA",147,81,63,3,491018,480227,2973,7818
"2021-09-20","DKI JAKARTA",87,510,-426,3,491105,480737,2547,7821
"2021-09-21","DKI JAKARTA",101,313,-216,4,491206,481050,2331,7825
"2021-09-22","DKI JAKARTA",222,286,-68,4,491428,481336,2263,7829
"2021-09-23","DKI JAKARTA",154,265,-112,1,491582,481601,2151,7830
"2021-09-24","DKI JAKARTA",178,330,-157,5,491760,481931,1994,7835
"2021-09-25","DKI JAKARTA",6,194,-191,3,491766,482125,1803,7838
"2021-09-26","DKI JAKARTA",9,125,-119,3,491775,482250,1684,7841
"2021-09-27","DKI JAKARTA",5,249,-248,4,491780,482499,1436,7845
"2021-09-28","DKI JAKARTA",13,173,-163,3,491793,482672,1273,7848
"2021-09-29","DKI JAKARTA",9,191,-188,6,491802,482863,1085,7854
"2021-09-30","DKI JAKARTA",149,181,-35,3,491951,483044,1050,7857
"2021-10-01","DKI JAKARTA",5,132,-132,5,491956,483176,918,7862
"2021-10-02","DKI JAKARTA",155,155,-1,1,492111,483331,917,7863
"2021-10-03","DKI JAKARTA",127,87,36,4,492238,483418,953,7867
"2021-10-04","DKI JAKARTA",149,162,-14,1,492387,483580,939,7868
"2021-10-05","DKI JAKARTA",72,145,-75,2,492459,483725,864,7870
"2021-10-06","DKI JAKARTA",203,155,44,4,492662,483880,908,7874
"2021-10-07","DKI JAKARTA",150,8,141,1,492812,483888,1049,7875
"2021-10-08","DKI JAKARTA",150,10,140,0,492962,483898,1189,7875
"2021-10-09","DKI JAKARTA",100,2,96,2,493062,483900,1285,7877
"2021-10-10","DKI JAKARTA",139,11,125,3,493201,483911,1410,7880
"2021-10-11","DKI JAKARTA",40,123,-85,2,493241,484034,1325,7882
"2021-10-12","DKI JAKARTA",143,191,-48,0,493384,484225,1277,7882
"2021-10-13","DKI JAKARTA",276,199,77,0,493660,484424,1354,7882
"2021-10-14","DKI JAKARTA",110,98,12,0,493770,484522,1366,7882
"2021-10-15","DKI JAKARTA",123,64,59,0,493893,484586,1425,7882
"2021-10-16","DKI JAKARTA",152,217,-66,1,494045,484803,1359,7883
"2021-10-17","DKI JAKARTA",130,130,0,0,494175,484933,1359,7883
"2021-10-18","DKI JAKARTA",107,149,-43,1,494282,485082,1316,7884
"2021-10-19","DKI JAKARTA",105,122,-17,0,494387,485204,1299,7884
"2021-10-20","DKI JAKARTA",2,129,-127,0,494389,485333,1172,7884
"2021-10-21","DKI JAKARTA",9,153,-144,0,494398,485486,1028,7884
"2021-10-22","DKI JAKARTA",82,81,1,0,494480,485567,1029,7884
"2021-10-23","DKI JAKARTA",116,173,-59,2,494596,485740,970,7886
"2021-10-24","DKI JAKARTA",131,125,5,1,494727,485865,975,7887
"2021-10-25","DKI JAKARTA",82,165,-84,1,494809,486030,891,7888
"2021-10-26","DKI JAKARTA",38,98,-61,1,494847,486128,830,7889
"2021-10-27","DKI JAKARTA",105,145,-41,1,494952,486273,789,7890
"2021-10-28","DKI JAKARTA",131,98,33,0,495083,486371,822,7890
"2021-10-29","DKI JAKARTA",96,116,-20,0,495179,486487,802,7890
"2021-10-30","DKI JAKARTA",96,5,90,1,495275,486492,892,7891
"2021-10-31","DKI JAKARTA",111,37,73,1,495386,486529,965,7892
"2021-11-01","DKI JAKARTA",82,44,38,0,495468,486573,1003,7892
"2021-11-02","DKI JAKARTA",77,124,-47,0,495545,486697,956,7892
"2021-11-03","DKI JAKARTA",131,100,30,1,495676,486797,986,7893
"2021-11-04","DKI JAKARTA",110,51,59,0,495786,486848,1045,7893
"2021-11-05","DKI JAKARTA",117,35,81,1,495903,486883,1126,7894
"2021-11-06","DKI JAKARTA",68,256,-189,1,495971,487139,937,7895
"2021-11-07","DKI JAKARTA",117,112,5,0,496088,487251,942,7895
"2021-11-08","DKI JAKARTA",29,79,-50,0,496117,487330,892,7895
"2021-11-09","DKI JAKARTA",3,144,-141,0,496120,487474,751,7895
"2021-11-10","DKI JAKARTA",94,59,35,0,496214,487533,786,7895
"2021-11-11","DKI JAKARTA",107,100,6,1,496321,487633,792,7896
"2021-11-12","DKI JAKARTA",71,183,-112,0,496392,487816,680,7896
"2021-11-13","DKI JAKARTA",54,97,-43,0,496446,487913,637,7896
"2021-11-14","DKI JAKARTA",92,108,-16,0,496538,488021,621,7896
"2021-11-15","DKI JAKARTA",36,78,-43,1,496574,488099,578,7897
"2021-11-16","DKI JAKARTA",79,106,-27,0,496653,488205,551,7897
"2021-11-17","DKI JAKARTA",130,81,48,1,496783,488286,599,7898
"2021-11-18","DKI JAKARTA",100,136,-37,1,496883,488422,562,7899
"2021-11-19","DKI JAKARTA",97,104,-8,1,496980,488526,554,7900
"2021-11-20","DKI JAKARTA",114,158,-45,1,497094,488684,509,7901
"2021-11-21","DKI JAKARTA",111,120,-9,0,497205,488804,500,7901
"2021-11-22","DKI JAKARTA",26,51,-25,0,497231,488855,475,7901
"2021-11-23","DKI JAKARTA",68,43,25,0,497299,488898,500,7901
"2021-11-24","DKI JAKARTA",82,105,-24,1,497381,489003,476,7902
"2021-11-25","DKI JAKARTA",54,42,11,1,497435,489045,487,7903
"2021-11-26","DKI JAKARTA",70,56,14,0,497505,489101,501,7903
"2021-11-27","DKI JAKARTA",53,86,-33,0,497558,489187,468,7903
"2021-11-28","DKI JAKARTA",51,52,-1,0,497609,489239,467,7903
"2021-11-29","DKI JAKARTA",1,71,-70,0,497610,489310,397,7903
"2021-11-30","DKI JAKARTA",44,0,44,0,497654,489310,441,7903
"2021-12-01","DKI JAKARTA",70,75,-5,0,497724,489385,436,7903
"2021-12-02","DKI JAKARTA",28,67,-39,0,497752,489452,397,7903
"2021-12-03","DKI JAKARTA",42,68,-26,0,497794,489520,371,7903
"2021-12-04","DKI JAKARTA",48,60,-12,0,497842,489580,359,7903
"2021-12-05","DKI JAKARTA",43,53,-11,1,497885,489633,348,7904
"2021-12-06","DKI JAKARTA",14,53,-41,2,497899,489686,307,7906
"2021-12-07","DKI JAKARTA",31,15,15,1,497930,489701,322,7907
"2021-12-08","DKI JAKARTA",41,30,10,1,497971,489731,332,7908
"2021-12-09","DKI JAKARTA",36,75,-41,2,498007,489806,291,7910
"2021-12-10","DKI JAKARTA",26,36,-10,0,498033,489842,281,7910
"2021-12-11","DKI JAKARTA",32,42,-10,0,498065,489884,271,7910
"2021-12-12","DKI JAKARTA",32,39,-7,0,498097,489923,264,7910
"2021-12-13","DKI JAKARTA",16,40,-24,0,498113,489963,240,7910
"2021-12-14","DKI JAKARTA",20,25,-5,0,498133,489988,235,7910
"2021-12-15","DKI JAKARTA",23,25,-2,0,498156,490013,233,7910
"2021-12-16","DKI JAKARTA",40,38,2,0,498196,490051,235,7910
"2021-12-17","DKI JAKARTA",38,33,5,0,498234,490084,240,7910
"2021-12-18","DKI JAKARTA",74,30,44,0,498308,490114,284,7910
"2021-12-19","DKI JAKARTA",42,46,-4,0,498350,490160,280,7910
"2021-12-20","DKI JAKARTA",2,23,-21,0,498352,490183,259,7910
"2021-12-21","DKI JAKARTA",55,20,33,2,498407,490203,292,7912
"2021-12-22","DKI JAKARTA",43,20,22,1,498450,490223,314,7913
"2021-12-23","DKI JAKARTA",16,52,-36,0,498466,490275,278,7913
"2021-12-24","DKI JAKARTA",69,29,40,0,498535,490304,318,7913
"2021-12-25","DKI JAKARTA",80,45,35,0,498615,490349,353,7913
"2021-12-26","DKI JAKARTA",47,24,23,0,498662,490373,376,7913
"2021-12-27","DKI JAKARTA",42,63,-21,0,498704,490436,355,7913
"2021-12-28","DKI JAKARTA",96,127,-32,1,498800,490563,323,7914
"2021-12-29","DKI JAKARTA",27,0,27,0,498827,490563,350,7914
"2021-12-30","DKI JAKARTA",53,0,53,0,498880,490563,403,7914
"2021-12-31","DKI JAKARTA",87,0,86,1,498967,490563,489,7915
"2022-01-01","DKI JAKARTA",116,46,70,0,499083,490609,559,7915
"2022-01-02","DKI JAKARTA",103,106,-3,0,499186,490715,556,7915
"2022-01-03","DKI JAKARTA",172,23,149,0,499358,490738,705,7915
"2022-01-04","DKI JAKARTA",113,42,71,0,499471,490780,776,7915
"2022-01-05","DKI JAKARTA",259,71,188,0,499730,490851,964,7915
"2022-01-06","DKI JAKARTA",267,50,217,0,499997,490901,1181,7915
"2022-01-07","DKI JAKARTA",300,77,223,0,500297,490978,1404,7915
"2022-01-08","DKI JAKARTA",3,79,-76,0,500300,491057,1328,7915
"2022-01-09","DKI JAKARTA",392,109,283,0,500692,491166,1611,7915
"2022-01-10","DKI JAKARTA",360,100,260,0,501052,491266,1871,7915
"2022-01-11","DKI JAKARTA",537,181,356,0,501589,491447,2227,7915
"2022-01-12","DKI JAKARTA",412,142,270,0,502001,491589,2497,7915
"2022-01-13","DKI JAKARTA",478,298,180,0,502479,491887,2677,7915
"2022-01-14","DKI JAKARTA",554,164,389,1,503033,492051,3066,7916
"2022-01-15","DKI JAKARTA",720,278,442,0,503753,492329,3508,7916
"2022-01-16","DKI JAKARTA",566,345,221,0,504319,492674,3729,7916
"2022-01-17","DKI JAKARTA",478,365,113,0,504797,493039,3842,7916
"2022-01-18","DKI JAKARTA",670,317,353,0,505467,493356,4195,7916
"2022-01-19","DKI JAKARTA",1012,390,622,0,506479,493746,4817,7916
"2022-01-20","DKI JAKARTA",1154,436,718,0,507633,494182,5535,7916
"2022-01-21","DKI JAKARTA",1482,654,828,0,509115,494836,6363,7916
"2022-01-22","DKI JAKARTA",1803,457,1346,0,510918,495293,7709,7916
"2022-01-23","DKI JAKARTA",1722,517,1199,6,512640,495810,8908,7922
"2022-01-24","DKI JAKARTA",1983,579,1404,0,514623,496389,10312,7922
"2022-01-25","DKI JAKARTA",2179,443,1722,14,516802,496832,12034,7936
"2022-01-26","DKI JAKARTA",3496,1510,1982,4,520298,498342,14016,7940
"2022-01-27","DKI JAKARTA",4139,1250,2889,0,524437,499592,16905,7940
"2022-01-28","DKI JAKARTA",252,1443,-1192,1,524689,501035,15713,7941
"2022-01-29","DKI JAKARTA",5766,1723,4036,7,530455,502758,19749,7948
"2022-01-30","DKI JAKARTA",6609,1991,4606,12,537064,504749,24355,7960
"2022-01-31","DKI JAKARTA",5268,1776,3482,10,542332,506525,27837,7970
"2022-02-01","DKI JAKARTA",6391,1659,4721,11,548723,508184,32558,7981
"2022-02-02","DKI JAKARTA",9132,4163,4955,14,557855,512347,37513,7995
"2022-02-03","DKI JAKARTA",10117,4150,5945,22,567972,516497,43458,8017
"2022-02-04","DKI JAKARTA",13389,1377,11987,25,581361,517874,55445,8042
"2022-02-05","DKI JAKARTA",12774,8293,4454,27,594135,526167,59899,8069
"2022-02-06","DKI JAKARTA",15825,8311,7486,28,609960,534478,67385,8097
"2022-02-07","DKI JAKARTA",12682,4573,8071,38,622642,539051,75456,8135
"2022-02-08","DKI JAKARTA",10817,5142,5635,40,633459,544193,81091,8175
"2022-02-09","DKI JAKARTA",14353,8893,5443,17,647812,553086,86534,8192
"2022-02-10","DKI JAKARTA",11090,11292,-224,22,658902,564378,86310,8214
"2022-02-11","DKI JAKARTA",10707,17285,-6616,38,669609,581663,79694,8252
"2022-02-12","DKI JAKARTA",12416,23873,-11495,38,682025,605536,68199,8290
"2022-02-13","DKI JAKARTA",10172,16338,-6209,43,692197,621874,61990,8333
"2022-02-14","DKI JAKARTA",10275,87,10141,47,702472,621961,72131,8380
"2022-02-15","DKI JAKARTA",9483,9095,340,48,711955,631056,72471,8428
"2022-02-16","DKI JAKARTA",12388,7352,4983,53,724343,638408,77454,8481
"2022-02-17","DKI JAKARTA",8536,19044,-10572,64,732879,657452,66882,8545
"2022-02-18","DKI JAKARTA",8189,11752,-3606,43,741068,669204,63276,8588
"2022-02-19","DKI JAKARTA",9453,11158,-1729,24,750521,680362,61547,8612
"2022-02-20","DKI JAKARTA",8136,12291,-4188,33,758657,692653,57359,8645
"2022-02-21","DKI JAKARTA",5358,12084,-6751,25,764015,704737,50608,8670
"2022-02-22","DKI JAKARTA",5208,9493,-4323,38,769223,714230,46285,8708
"2022-02-23","DKI JAKARTA",7295,8196,-954,53,776518,722426,45331,8761
"2022-02-24","DKI JAKARTA",6855,12290,-5482,47,783373,734716,39849,8808
"2022-02-25","DKI JAKARTA",4524,4920,-437,41,787897,739636,39412,8849
"2022-02-26","DKI JAKARTA",4675,5,4639,31,792572,739641,44051,8880
"2022-02-27","DKI JAKARTA",3957,4067,-134,24,796529,743708,43917,8904
"2022-02-28","DKI JAKARTA",7300,11379,-4139,60,803829,755087,39778,8964
"2022-03-01","DKI JAKARTA",3635,5255,-1645,25,807464,760342,38133,8989
"2022-03-02","DKI JAKARTA",4196,4020,159,17,811660,764362,38292,9006
"2022-03-03","DKI JAKARTA",4669,7881,-3232,20,816329,772243,35060,9026
"2022-03-04","DKI JAKARTA",3727,5576,-1873,24,820056,777819,33187,9050
"2022-03-05","DKI JAKARTA",3059,5288,-2248,19,823115,783107,30939,9069
"2022-03-06","DKI JAKARTA",3669,4443,-793,19,826784,787550,30146,9088
"2022-03-07","DKI JAKARTA",2682,4056,-1404,30,829466,791606,28742,9118
"2022-03-08","DKI JAKARTA",19,123,-108,4,829485,791729,28634,9122
"2020-04-18","JAWA BARAT",1,0,1,0,1,0,1,0
"2020-04-19","JAWA BARAT",0,0,0,0,1,0,1,0
"2020-04-20","JAWA BARAT",0,0,0,0,1,0,1,0
"2020-04-21","JAWA BARAT",0,0,0,0,1,0,1,0
"2020-04-22","JAWA BARAT",0,0,0,0,1,0,1,0
"2020-04-23","JAWA BARAT",0,0,0,0,1,0,1,0
"2020-04-24","JAWA BARAT",0,0,0,0,1,0,1,0
"2020-04-25","JAWA BARAT",0,0,0,0,1,0,1,0
"2020-04-26","JAWA BARAT",0,0,0,0,1,0,1,0
"2020-04-27","JAWA BARAT",0,0,0,0,1,0,1,0
"2020-04-28","JAWA BARAT",0,0,0,0,1,0,1,0
"2020-04-29","JAWA BARAT",0,0,0,0,1,0,1,0
"2020-04-30","JAWA BARAT",0,0,0,0,1,0,1,0
"2020-05-01","JAWA BARAT",0,0,0,0,1,0,1,0
"2020-05-02","JAWA BARAT",0,0,0,0,1,0,1,0
"2020-05-03","JAWA BARAT",0,0,0,0,1,0,1,0
"2020-05-04","JAWA BARAT",0,0,0,0,1,0,1,0
"2020-05-05","JAWA BARAT",0,0,0,0,1,0,1,0
"2020-05-06","JAWA BARAT",0,0,0,0,1,0,1,0
"2020-05-07","JAWA BARAT",0,0,0,0,1,0,1,0
"2020-05-08","JAWA BARAT",0,0,0,0,1,0,1,0
"2020-05-09","JAWA BARAT",0,0,0,0,1,0,1,0
"2020-05-10","JAWA BARAT",0,0,0,0,1,0,1,0
"2020-05-11","JAWA BARAT",0,0,0,0,1,0,1,0
"2020-05-12","JAWA BARAT",0,0,0,0,1,0,1,0
"2020-05-13","JAWA BARAT",0,0,0,0,1,0,1,0
"2020-05-14","JAWA BARAT",0,0,-1,1,1,0,0,1
"2020-05-15","JAWA BARAT",0,0,0,0,1,0,0,1
"2020-05-16","JAWA BARAT",0,0,0,0,1,0,0,1
"2020-05-17","JAWA BARAT",0,0,0,0,1,0,0,1
"2020-05-18","JAWA BARAT",0,0,0,0,1,0,0,1
"2020-05-19","JAWA BARAT",0,0,0,0,1,0,0,1
"2020-05-20","JAWA BARAT",0,0,0,0,1,0,0,1
"2020-05-21","JAWA BARAT",0,0,0,0,1,0,0,1
"2020-05-22","JAWA BARAT",0,0,0,0,1,0,0,1
"2020-05-23","JAWA BARAT",0,0,0,0,1,0,0,1
"2020-05-24","JAWA BARAT",0,0,0,0,1,0,0,1
"2020-05-25","JAWA BARAT",0,0,0,0,1,0,0,1
"2020-05-26","JAWA BARAT",0,0,0,0,1,0,0,1
"2020-05-27","JAWA BARAT",0,0,0,0,1,0,0,1
"2020-05-28","JAWA BARAT",0,0,0,0,1,0,0,1
"2020-05-29","JAWA BARAT",0,0,0,0,1,0,0,1
"2020-05-30","JAWA BARAT",0,0,0,0,1,0,0,1
"2020-05-31","JAWA BARAT",0,0,0,0,1,0,0,1
"2020-06-01","JAWA BARAT",0,0,0,0,1,0,0,1
"2020-06-02","JAWA BARAT",0,0,0,0,1,0,0,1
"2020-06-03","JAWA BARAT",0,0,0,0,1,0,0,1
"2020-06-04","JAWA BARAT",0,0,0,0,1,0,0,1
"2020-06-05","JAWA BARAT",0,0,0,0,1,0,0,1
"2020-06-06","JAWA BARAT",0,0,0,0,1,0,0,1
"2020-06-07","JAWA BARAT",0,0,0,0,1,0,0,1
"2020-06-08","JAWA BARAT",0,0,0,0,1,0,0,1
"2020-06-09","JAWA BARAT",1,0,1,0,2,0,1,1
"2020-06-10","JAWA BARAT",0,0,0,0,2,0,1,1
"2020-06-11","JAWA BARAT",0,0,0,0,2,0,1,1
"2020-06-12","JAWA BARAT",0,0,0,0,2,0,1,1
"2020-06-13","JAWA BARAT",0,0,0,0,2,0,1,1
"2020-06-14","JAWA BARAT",0,0,0,0,2,0,1,1
"2020-06-15","JAWA BARAT",1,0,1,0,3,0,2,1
"2020-06-16","JAWA BARAT",0,0,0,0,3,0,2,1
"2020-06-17","JAWA BARAT",0,0,0,0,3,0,2,1
"2020-06-18","JAWA BARAT",0,0,0,0,3,0,2,1
"2020-06-19","JAWA BARAT",0,0,0,0,3,0,2,1
"2020-06-20","JAWA BARAT",0,0,0,0,3,0,2,1
"2020-06-21","JAWA BARAT",0,0,0,0,3,0,2,1
"2020-06-22","JAWA BARAT",0,0,0,0,3,0,2,1
"2020-06-23","JAWA BARAT",0,0,0,0,3,0,2,1
"2020-06-24","JAWA BARAT",0,0,0,0,3,0,2,1
"2020-06-25","JAWA BARAT",0,0,0,0,3,0,2,1
"2020-06-26","JAWA BARAT",0,0,0,0,3,0,2,1
"2020-06-27","JAWA BARAT",0,0,0,0,3,0,2,1
"2020-06-28","JAWA BARAT",0,0,0,0,3,0,2,1
"2020-06-29","JAWA BARAT",0,0,0,0,3,0,2,1
"2020-06-30","JAWA BARAT",0,0,0,0,3,0,2,1
"2020-07-01","JAWA BARAT",0,0,0,0,3,0,2,1
"2020-07-02","JAWA BARAT",1,0,1,0,4,0,3,1
"2020-07-03","JAWA BARAT",1,0,1,0,5,0,4,1
"2020-07-04","JAWA BARAT",0,0,0,0,5,0,4,1
"2020-07-05","JAWA BARAT",1,0,1,0,6,0,5,1
"2020-07-06","JAWA BARAT",0,0,0,0,6,0,5,1
"2020-07-07","JAWA BARAT",0,0,0,0,6,0,5,1
"2020-07-08","JAWA BARAT",1,0,1,0,7,0,6,1
"2020-07-09","JAWA BARAT",1,0,1,0,8,0,7,1
"2020-07-10","JAWA BARAT",0,0,0,0,8,0,7,1
"2020-07-11","JAWA BARAT",1,0,1,0,9,0,8,1
"2020-07-12","JAWA BARAT",0,0,0,0,9,0,8,1
"2020-07-13","JAWA BARAT",0,0,0,0,9,0,8,1
"2020-07-14","JAWA BARAT",0,0,0,0,9,0,8,1
"2020-07-15","JAWA BARAT",1,0,1,0,10,0,9,1
"2020-07-16","JAWA BARAT",0,0,0,0,10,0,9,1
"2020-07-17","JAWA BARAT",0,0,0,0,10,0,9,1
"2020-07-18","JAWA BARAT",0,0,0,0,10,0,9,1
"2020-07-19","JAWA BARAT",0,0,0,0,10,0,9,1
"2020-07-20","JAWA BARAT",0,2,-2,0,10,2,7,1
"2020-07-21","JAWA BARAT",1,0,1,0,11,2,8,1
"2020-07-22","JAWA BARAT",0,0,0,0,11,2,8,1
"2020-07-23","JAWA BARAT",2,0,2,0,13,2,10,1
"2020-07-24","JAWA BARAT",2,0,2,0,15,2,12,1
"2020-07-25","JAWA BARAT",0,0,0,0,15,2,12,1
"2020-07-26","JAWA BARAT",0,0,0,0,15,2,12,1
"2020-07-27","JAWA BARAT",1,0,1,0,16,2,13,1
"2020-07-28","JAWA BARAT",0,0,0,0,16,2,13,1
"2020-07-29","JAWA BARAT",0,0,0,0,16,2,13,1
"2020-07-30","JAWA BARAT",15,0,15,0,31,2,28,1
"2020-07-31","JAWA BARAT",0,0,0,0,31,2,28,1
"2020-08-01","JAWA BARAT",0,0,0,0,31,2,28,1
"2020-08-02","JAWA BARAT",2,0,2,0,33,2,30,1
"2020-08-03","JAWA BARAT",0,0,0,0,33,2,30,1
"2020-08-04","JAWA BARAT",0,0,0,0,33,2,30,1
"2020-08-05","JAWA BARAT",1,0,1,0,34,2,31,1
"2020-08-06","JAWA BARAT",66,0,66,0,100,2,97,1
"2020-08-07","JAWA BARAT",134,0,134,0,234,2,231,1
"2020-08-08","JAWA BARAT",215,0,215,0,449,2,446,1
"2020-08-09","JAWA BARAT",170,7,160,3,619,9,606,4
"2020-08-10","JAWA BARAT",29,15,14,0,648,24,620,4
"2020-08-11","JAWA BARAT",87,0,86,1,735,24,706,5
"2020-08-12","JAWA BARAT",100,7,93,0,835,31,799,5
"2020-08-13","JAWA BARAT",100,2,98,0,935,33,897,5
"2020-08-14","JAWA BARAT",258,8,249,1,1193,41,1146,6
"2020-08-15","JAWA BARAT",169,4,165,0,1362,45,1311,6
"2020-08-16","JAWA BARAT",72,16,54,2,1434,61,1365,8
"2020-08-17","JAWA BARAT",38,18,20,0,1472,79,1385,8
"2020-08-18","JAWA BARAT",42,15,27,0,1514,94,1412,8
"2020-08-19","JAWA BARAT",95,32,59,4,1609,126,1471,12
"2020-08-20","JAWA BARAT",176,39,137,0,1785,165,1608,12
"2020-08-21","JAWA BARAT",71,83,-16,4,1856,248,1592,16
"2020-08-22","JAWA BARAT",145,61,82,2,2001,309,1674,18
"2020-08-23","JAWA BARAT",48,116,-69,1,2049,425,1605,19
"2020-08-24","JAWA BARAT",104,96,6,2,2153,521,1611,21
"2020-08-25","JAWA BARAT",233,6,226,1,2386,527,1837,22
"2020-08-26","JAWA BARAT",136,27,109,0,2522,554,1946,22
"2020-08-27","JAWA BARAT",134,58,76,0,2656,612,2022,22
"2020-08-28","JAWA BARAT",544,53,489,2,3200,665,2511,24
"2020-08-29","JAWA BARAT",263,8,255,0,3463,673,2766,24
"2020-08-30","JAWA BARAT",80,25,55,0,3543,698,2821,24
"2020-08-31","JAWA BARAT",112,51,53,8,3655,749,2874,32
"2020-09-01","JAWA BARAT",175,37,137,1,3830,786,3011,33
"2020-09-02","JAWA BARAT",174,96,78,0,4004,882,3089,33
"2020-09-03","JAWA BARAT",176,22,150,4,4180,904,3239,37
"2020-09-04","JAWA BARAT",336,16,318,2,4516,920,3557,39
"2020-09-05","JAWA BARAT",183,44,139,0,4699,964,3696,39
"2020-09-06","JAWA BARAT",92,51,41,0,4791,1015,3737,39
"2020-09-07","JAWA BARAT",170,83,87,0,4961,1098,3824,39
"2020-09-08","JAWA BARAT",297,75,220,2,5258,1173,4044,41
"2020-09-09","JAWA BARAT",252,47,201,4,5510,1220,4245,45
"2020-09-10","JAWA BARAT",300,3,296,1,5810,1223,4541,46
"2020-09-11","JAWA BARAT",217,29,187,1,6027,1252,4728,47
"2020-09-12","JAWA BARAT",242,309,-68,1,6269,1561,4660,48
"2020-09-13","JAWA BARAT",132,48,83,1,6401,1609,4743,49
"2020-09-14","JAWA BARAT",174,50,124,0,6575,1659,4867,49
"2020-09-15","JAWA BARAT",304,228,70,6,6879,1887,4937,55
"2020-09-16","JAWA BARAT",261,189,71,1,7140,2076,5008,56
"2020-09-17","JAWA BARAT",336,320,12,4,7476,2396,5020,60
"2020-09-18","JAWA BARAT",323,92,228,3,7799,2488,5248,63
"2020-09-19","JAWA BARAT",404,551,-147,0,8203,3039,5101,63
"2020-09-20","JAWA BARAT",414,301,107,6,8617,3340,5208,69
"2020-09-21","JAWA BARAT",414,204,207,3,9031,3544,5415,72
"2020-09-22","JAWA BARAT",495,30,463,2,9526,3574,5878,74
"2020-09-23","JAWA BARAT",423,170,239,14,9949,3744,6117,88
"2020-09-24","JAWA BARAT",672,249,411,12,10621,3993,6528,100
"2020-09-25","JAWA BARAT",341,705,-373,9,10962,4698,6155,109
"2020-09-26","JAWA BARAT",303,375,-84,12,11265,5073,6071,121
"2020-09-27","JAWA BARAT",401,238,161,2,11666,5311,6232,123
"2020-09-28","JAWA BARAT",477,295,181,1,12143,5606,6413,124
"2020-09-29","JAWA BARAT",284,113,170,1,12427,5719,6583,125
"2020-09-30","JAWA BARAT",388,238,135,15,12815,5957,6718,140
"2020-10-01","JAWA BARAT",431,130,286,15,13246,6087,7004,155
"2020-10-02","JAWA BARAT",455,186,254,15,13701,6273,7258,170
"2020-10-03","JAWA BARAT",1,76,-90,15,13702,6349,7168,185
"2020-10-04","JAWA BARAT",1,66,-74,9,13703,6415,7094,194
"2020-10-05","JAWA BARAT",488,778,-306,16,14191,7193,6788,210
"2020-10-06","JAWA BARAT",444,201,225,18,14635,7394,7013,228
"2020-10-07","JAWA BARAT",665,344,308,13,15300,7738,7321,241
"2020-10-08","JAWA BARAT",475,236,234,5,15775,7974,7555,246
"2020-10-09","JAWA BARAT",424,460,-38,2,16199,8434,7517,248
"2020-10-10","JAWA BARAT",194,308,-116,2,16393,8742,7401,250
"2020-10-11","JAWA BARAT",180,440,-260,0,16573,9182,7141,250
"2020-10-12","JAWA BARAT",235,226,0,9,16808,9408,7141,259
"2020-10-13","JAWA BARAT",462,476,-14,0,17270,9884,7127,259
"2020-10-14","JAWA BARAT",364,456,-104,12,17634,10340,7023,271
"2020-10-15","JAWA BARAT",502,274,221,7,18136,10614,7244,278
"2020-10-16","JAWA BARAT",378,339,39,0,18514,10953,7283,278
"2020-10-17","JAWA BARAT",407,437,-31,1,18921,11390,7252,279
"2020-10-18","JAWA BARAT",189,282,-94,1,19110,11672,7158,280
"2020-10-19","JAWA BARAT",379,288,88,3,19489,11960,7246,283
"2020-10-20","JAWA BARAT",409,131,267,11,19898,12091,7513,294
"2020-10-21","JAWA BARAT",533,215,308,10,20431,12306,7821,304
"2020-10-22","JAWA BARAT",631,149,477,5,21062,12455,8298,309
"2020-10-23","JAWA BARAT",5,246,-242,1,21067,12701,8056,310
"2020-10-24","JAWA BARAT",0,529,-532,3,21067,13230,7524,313
"2020-10-25","JAWA BARAT",325,408,-83,0,21392,13638,7441,313
"2020-10-26","JAWA BARAT",399,316,69,14,21791,13954,7510,327
"2020-10-27","JAWA BARAT",349,537,-203,15,22140,14491,7307,342
"2020-10-28","JAWA BARAT",352,332,14,6,22492,14823,7321,348
"2020-10-29","JAWA BARAT",404,397,7,0,22896,15220,7328,348
"2020-10-30","JAWA BARAT",274,187,83,4,23170,15407,7411,352
"2020-10-31","JAWA BARAT",381,160,221,0,23551,15567,7632,352
"2020-11-01","JAWA BARAT",194,533,-339,0,23745,16100,7293,352
"2020-11-02","JAWA BARAT",298,286,1,11,24043,16386,7294,363
"2020-11-03","JAWA BARAT",423,314,107,2,24466,16700,7401,365
"2020-11-04","JAWA BARAT",479,207,272,0,24945,16907,7673,365
"2020-11-05","JAWA BARAT",546,327,218,1,25491,17234,7891,366
"2020-11-06","JAWA BARAT",540,356,184,0,26031,17590,8075,366
"2020-11-07","JAWA BARAT",386,380,6,0,26417,17970,8081,366
"2020-11-08","JAWA BARAT",435,526,-92,1,26852,18496,7989,367
"2020-11-09","JAWA BARAT",277,756,-482,3,27129,19252,7507,370
"2020-11-10","JAWA BARAT",720,767,-53,6,27849,20019,7454,376
"2020-11-11","JAWA BARAT",581,378,199,4,28430,20397,7653,380
"2020-11-12","JAWA BARAT",674,472,183,19,29104,20869,7836,399
"2020-11-13","JAWA BARAT",701,336,358,7,29805,21205,8194,406
"2020-11-14","JAWA BARAT",757,251,504,2,30562,21456,8698,408
"2020-11-15","JAWA BARAT",308,330,-23,1,30870,21786,8675,409
"2020-11-16","JAWA BARAT",558,566,-22,14,31428,22352,8653,423
"2020-11-17","JAWA BARAT",645,775,-154,24,32073,23127,8499,447
"2020-11-18","JAWA BARAT",366,775,-414,5,32439,23902,8085,452
"2020-11-19","JAWA BARAT",396,526,-138,8,32835,24428,7947,460
"2020-11-20","JAWA BARAT",872,88,782,2,33707,24516,8729,462
"2020-11-21","JAWA BARAT",364,579,-215,0,34071,25095,8514,462
"2020-11-22","JAWA BARAT",374,152,219,3,34445,25247,8733,465
"2020-11-23","JAWA BARAT",602,800,-198,0,35047,26047,8535,465
"2020-11-24","JAWA BARAT",299,415,-121,5,35346,26462,8414,470
"2020-11-25","JAWA BARAT",609,688,-86,7,35955,27150,8328,477
"2020-11-26","JAWA BARAT",663,743,-85,5,36618,27893,8243,482
"2020-11-27","JAWA BARAT",566,671,-110,5,37184,28564,8133,487
"2020-11-28","JAWA BARAT",367,879,-517,5,37551,29443,7616,492
"2020-11-29","JAWA BARAT",228,809,-590,9,37779,30252,7026,501
"2020-11-30","JAWA BARAT",451,717,-278,12,38230,30969,6748,513
"2020-12-01","JAWA BARAT",761,838,-90,13,38991,31807,6658,526
"2020-12-02","JAWA BARAT",6,331,-329,4,38997,32138,6329,530
"2020-12-03","JAWA BARAT",1,841,-860,20,38998,32979,5469,550
"2020-12-04","JAWA BARAT",874,468,405,1,39872,33447,5874,551
"2020-12-05","JAWA BARAT",803,574,228,1,40675,34021,6102,552
"2020-12-06","JAWA BARAT",1193,1111,75,7,41868,35132,6177,559
"2020-12-07","JAWA BARAT",1029,1009,15,5,42897,36141,6192,564
"2020-12-08","JAWA BARAT",604,392,206,6,43501,36533,6398,570
"2020-12-09","JAWA BARAT",908,527,363,18,44409,37060,6761,588
"2020-12-10","JAWA BARAT",812,484,308,20,45221,37544,7069,608
"2020-12-11","JAWA BARAT",940,684,240,16,46161,38228,7309,624
"2020-12-12","JAWA BARAT",1005,715,289,1,47166,38943,7598,625
"2020-12-13","JAWA BARAT",694,11,678,5,47860,38954,8276,630
"2020-12-14","JAWA BARAT",512,336,165,11,48372,39290,8441,641
"2020-12-15","JAWA BARAT",1135,409,721,5,49507,39699,9162,646
"2020-12-16","JAWA BARAT",0,894,-900,6,49507,40593,8262,652
"2020-12-17","JAWA BARAT",1,578,-585,8,49508,41171,7677,660
"2020-12-18","JAWA BARAT",1,778,-777,0,49509,41949,6900,660
"2020-12-19","JAWA BARAT",0,683,-684,1,49509,42632,6216,661
"2020-12-20","JAWA BARAT",0,780,-780,0,49509,43412,5436,661
"2020-12-21","JAWA BARAT",0,580,-581,1,49509,43992,4855,662
"2020-12-22","JAWA BARAT",0,475,-476,1,49509,44467,4379,663
"2020-12-23","JAWA BARAT",1,667,-667,1,49510,45134,3712,664
"2020-12-24","JAWA BARAT",702,319,382,1,50212,45453,4094,665
"2020-12-25","JAWA BARAT",902,389,513,0,51114,45842,4607,665
"2020-12-26","JAWA BARAT",433,615,-182,0,51547,46457,4425,665
"2020-12-27","JAWA BARAT",608,426,164,18,52155,46883,4589,683
"2020-12-28","JAWA BARAT",349,538,-189,0,52504,47421,4400,683
"2020-12-29","JAWA BARAT",1124,407,716,1,53628,47828,5116,684
"2020-12-30","JAWA BARAT",914,747,165,2,54542,48575,5281,686
"2020-12-31","JAWA BARAT",1025,376,640,9,55567,48951,5921,695
"2021-01-01","JAWA BARAT",1072,60,1011,1,56639,49011,6932,696
"2021-01-02","JAWA BARAT",906,20,885,1,57545,49031,7817,697
"2021-01-03","JAWA BARAT",0,5,-7,2,57545,49036,7810,699
"2021-01-04","JAWA BARAT",0,53,-54,1,57545,49089,7756,700
"2021-01-05","JAWA BARAT",0,114,-122,8,57545,49203,7634,708
"2021-01-06","JAWA BARAT",0,1347,-1352,5,57545,50550,6282,713
"2021-01-07","JAWA BARAT",0,699,-700,1,57545,51249,5582,714
"2021-01-08","JAWA BARAT",0,755,-756,1,57545,52004,4826,715
"2021-01-09","JAWA BARAT",0,966,-969,3,57545,52970,3857,718
"2021-01-10","JAWA BARAT",0,702,-704,2,57545,53672,3153,720
"2021-01-11","JAWA BARAT",0,630,-635,5,57545,54302,2518,725
"2021-01-12","JAWA BARAT",0,708,-717,9,57545,55010,1801,734
"2021-01-13","JAWA BARAT",1315,699,616,0,58860,55709,2417,734
"2021-01-14","JAWA BARAT",1683,261,1415,7,60543,55970,3832,741
"2021-01-15","JAWA BARAT",912,589,321,2,61455,56559,4153,743
"2021-01-16","JAWA BARAT",1366,34,1332,0,62821,56593,5485,743
"2021-01-17","JAWA BARAT",1161,64,1094,3,63982,56657,6579,746
"2021-01-18","JAWA BARAT",1345,34,1296,15,65327,56691,7875,761
"2021-01-19","JAWA BARAT",0,154,-162,8,65327,56845,7713,769
"2021-01-20","JAWA BARAT",1,129,-135,7,65328,56974,7578,776
"2021-01-21","JAWA BARAT",1,118,-136,19,65329,57092,7442,795
"2021-01-22","JAWA BARAT",0,214,-214,0,65329,57306,7228,795
"2021-01-23","JAWA BARAT",0,619,-621,2,65329,57925,6607,797
"2021-01-24","JAWA BARAT",0,175,-176,1,65329,58100,6431,798
"2021-01-25","JAWA BARAT",17,295,-280,2,65346,58395,6151,800
"2021-01-26","JAWA BARAT",0,303,-304,1,65346,58698,5847,801
"2021-01-27","JAWA BARAT",1,213,-248,36,65347,58911,5599,837
"2021-01-28","JAWA BARAT",0,844,-959,115,65347,59755,4640,952
"2021-01-29","JAWA BARAT",0,1290,-1291,1,65347,61045,3349,953
"2021-01-30","JAWA BARAT",0,1776,-1794,18,65347,62821,1555,971
"2021-01-31","JAWA BARAT",0,792,-792,0,65347,63613,763,971
"2021-02-01","JAWA BARAT",0,640,-640,0,65347,64253,123,971
"2021-02-02","JAWA BARAT",1758,0,1758,0,67105,64253,1881,971
"2021-02-03","JAWA BARAT",2056,2,2054,0,69161,64255,3935,971
"2021-02-04","JAWA BARAT",1730,71,1654,5,70891,64326,5589,976
"2021-02-05","JAWA BARAT",1884,135,1748,1,72775,64461,7337,977
"2021-02-06","JAWA BARAT",3775,117,3655,3,76550,64578,10992,980
"2021-02-07","JAWA BARAT",1986,129,1855,2,78536,64707,12847,982
"2021-02-08","JAWA BARAT",0,938,-939,1,78536,65645,11908,983
"2021-02-09","JAWA BARAT",2,1358,-1361,5,78538,67003,10547,988
"2021-02-10","JAWA BARAT",0,311,-316,5,78538,67314,10231,993
"2021-02-11","JAWA BARAT",0,684,-684,0,78538,67998,9547,993
"2021-02-12","JAWA BARAT",0,156,-158,2,78538,68154,9389,995
"2021-02-13","JAWA BARAT",0,168,-168,0,78538,68322,9221,995
"2021-02-14","JAWA BARAT",1,737,-738,2,78539,69059,8483,997
"2021-02-15","JAWA BARAT",0,365,-368,3,78539,69424,8115,1000
"2021-02-16","JAWA BARAT",0,31,-31,0,78539,69455,8084,1000
"2021-02-17","JAWA BARAT",0,13,-13,0,78539,69468,8071,1000
"2021-02-18","JAWA BARAT",0,636,-637,1,78539,70104,7434,1001
"2021-02-19","JAWA BARAT",0,1287,-1300,13,78539,71391,6134,1014
"2021-02-20","JAWA BARAT",0,1020,-1022,2,78539,72411,5112,1016
"2021-02-21","JAWA BARAT",0,1141,-1145,4,78539,73552,3967,1020
"2021-02-22","JAWA BARAT",2720,1139,1573,8,81259,74691,5540,1028
"2021-02-23","JAWA BARAT",4271,536,3726,9,85530,75227,9266,1037
"2021-02-24","JAWA BARAT",2016,183,1830,3,87546,75410,11096,1040
"2021-02-25","JAWA BARAT",2231,229,2002,0,89777,75639,13098,1040
"2021-02-26","JAWA BARAT",2043,66,1975,2,91820,75705,15073,1042
"2021-02-27","JAWA BARAT",875,40,835,0,92695,75745,15908,1042
"2021-02-28","JAWA BARAT",770,143,624,3,93465,75888,16532,1045
"2021-03-01","JAWA BARAT",1340,741,598,1,94805,76629,17130,1046
"2021-03-02","JAWA BARAT",0,1290,-1296,6,94805,77919,15834,1052
"2021-03-03","JAWA BARAT",0,449,-454,5,94805,78368,15380,1057
"2021-03-04","JAWA BARAT",0,180,-180,0,94805,78548,15200,1057
"2021-03-05","JAWA BARAT",0,188,-192,4,94805,78736,15008,1061
"2021-03-06","JAWA BARAT",0,315,-315,0,94805,79051,14693,1061
"2021-03-07","JAWA BARAT",0,71,-71,0,94805,79122,14622,1061
"2021-03-08","JAWA BARAT",0,580,-596,16,94805,79702,14026,1077
"2021-03-09","JAWA BARAT",1,552,-568,17,94806,80254,13458,1094
"2021-03-10","JAWA BARAT",0,621,-621,0,94806,80875,12837,1094
"2021-03-11","JAWA BARAT",0,542,-543,1,94806,81417,12294,1095
"2021-03-12","JAWA BARAT",0,533,-548,15,94806,81950,11746,1110
"2021-03-13","JAWA BARAT",0,459,-459,0,94806,82409,11287,1110
"2021-03-14","JAWA BARAT",1053,427,625,1,95859,82836,11912,1111
"2021-03-15","JAWA BARAT",972,601,366,5,96831,83437,12278,1116
"2021-03-16","JAWA BARAT",1150,843,300,7,97981,84280,12578,1123
"2021-03-17","JAWA BARAT",1246,778,467,1,99227,85058,13045,1124
"2021-03-18","JAWA BARAT",1163,733,429,1,100390,85791,13474,1125
"2021-03-19","JAWA BARAT",1233,389,836,8,101623,86180,14310,1133
"2021-03-20","JAWA BARAT",713,117,593,3,102336,86297,14903,1136
"2021-03-21","JAWA BARAT",444,345,98,1,102780,86642,15001,1137
"2021-03-22","JAWA BARAT",1148,293,841,14,103928,86935,15842,1151
"2021-03-23","JAWA BARAT",884,281,600,3,104812,87216,16442,1154
"2021-03-24","JAWA BARAT",811,716,95,0,105623,87932,16537,1154
"2021-03-25","JAWA BARAT",0,807,-811,4,105623,88739,15726,1158
"2021-03-26","JAWA BARAT",0,1071,-1072,1,105623,89810,14654,1159
"2021-03-27","JAWA BARAT",0,909,-1006,97,105623,90719,13648,1256
"2021-03-28","JAWA BARAT",0,370,-370,0,105623,91089,13278,1256
"2021-03-29","JAWA BARAT",0,493,-494,1,105623,91582,12784,1257
"2021-03-30","JAWA BARAT",0,515,-517,2,105623,92097,12267,1259
"2021-03-31","JAWA BARAT",1,451,-451,1,105624,92548,11816,1260
"2021-04-01","JAWA BARAT",0,456,-525,69,105624,93004,11291,1329
"2021-04-02","JAWA BARAT",0,203,-204,1,105624,93207,11087,1330
"2021-04-03","JAWA BARAT",320,280,38,2,105944,93487,11125,1332
"2021-04-04","JAWA BARAT",292,152,138,2,106236,93639,11263,1334
"2021-04-05","JAWA BARAT",852,377,474,1,107088,94016,11737,1335
"2021-04-06","JAWA BARAT",671,389,274,8,107759,94405,12011,1343
"2021-04-07","JAWA BARAT",724,436,286,2,108483,94841,12297,1345
"2021-04-08","JAWA BARAT",504,296,202,6,108987,95137,12499,1351
"2021-04-09","JAWA BARAT",698,224,466,8,109685,95361,12965,1359
"2021-04-10","JAWA BARAT",913,193,715,5,110598,95554,13680,1364
"2021-04-11","JAWA BARAT",632,480,147,5,111230,96034,13827,1369
"2021-04-12","JAWA BARAT",1130,142,973,15,112360,96176,14800,1384
"2021-04-13","JAWA BARAT",1126,598,520,8,113486,96774,15320,1392
"2021-04-14","JAWA BARAT",1345,413,919,13,114831,97187,16239,1405
"2021-04-15","JAWA BARAT",5,867,-876,14,114836,98054,15363,1419
"2021-04-16","JAWA BARAT",0,321,-323,2,114836,98375,15040,1421
"2021-04-17","JAWA BARAT",1,284,-288,5,114837,98659,14752,1426
"2021-04-18","JAWA BARAT",0,213,-219,6,114837,98872,14533,1432
"2021-04-19","JAWA BARAT",0,277,-279,2,114837,99149,14254,1434
"2021-04-20","JAWA BARAT",0,194,-200,6,114837,99343,14054,1440
"2021-04-21","JAWA BARAT",0,645,-647,2,114837,99988,13407,1442
"2021-04-22","JAWA BARAT",3,343,-342,2,114840,100331,13065,1444
"2021-04-23","JAWA BARAT",910,432,469,9,115750,100763,13534,1453
"2021-04-24","JAWA BARAT",607,521,77,9,116357,101284,13611,1462
"2021-04-25","JAWA BARAT",662,269,386,7,117019,101553,13997,1469
"2021-04-26","JAWA BARAT",1579,536,1032,11,118598,102089,15029,1480
"2021-04-27","JAWA BARAT",1001,582,409,10,119599,102671,15438,1490
"2021-04-28","JAWA BARAT",1239,637,590,12,120838,103308,16028,1502
"2021-04-29","JAWA BARAT",1029,286,731,12,121867,103594,16759,1514
"2021-04-30","JAWA BARAT",1031,399,620,12,122898,103993,17379,1526
"2021-05-01","JAWA BARAT",690,245,441,4,123588,104238,17820,1530
"2021-05-02","JAWA BARAT",630,243,380,7,124218,104481,18200,1537
"2021-05-03","JAWA BARAT",1086,499,574,13,125304,104980,18774,1550
"2021-05-04","JAWA BARAT",755,541,195,19,126059,105521,18969,1569
"2021-05-05","JAWA BARAT",0,471,-485,14,126059,105992,18484,1583
"2021-05-06","JAWA BARAT",0,782,-784,2,126059,106774,17700,1585
"2021-05-07","JAWA BARAT",0,701,-713,12,126059,107475,16987,1597
"2021-05-08","JAWA BARAT",0,555,-556,1,126059,108030,16431,1598
"2021-05-09","JAWA BARAT",0,358,-360,2,126059,108388,16071,1600
"2021-05-10","JAWA BARAT",0,663,-667,4,126059,109051,15404,1604
"2021-05-11","JAWA BARAT",1,406,-407,2,126060,109457,14997,1606
"2021-05-12","JAWA BARAT",0,420,-427,7,126060,109877,14570,1613
"2021-05-13","JAWA BARAT",376,493,-121,4,126436,110370,14449,1617
"2021-05-14","JAWA BARAT",563,367,195,1,126999,110737,14644,1618
"2021-05-15","JAWA BARAT",719,472,244,3,127718,111209,14888,1621
"2021-05-16","JAWA BARAT",778,273,503,2,128496,111482,15391,1623
"2021-05-17","JAWA BARAT",1216,681,523,12,129712,112163,15914,1635
"2021-05-18","JAWA BARAT",960,954,-18,24,130672,113117,15896,1659
"2021-05-19","JAWA BARAT",1103,817,280,6,131775,113934,16176,1665
"2021-05-20","JAWA BARAT",1212,858,345,9,132987,114792,16521,1674
"2021-05-21","JAWA BARAT",938,984,-58,12,133925,115776,16463,1686
"2021-05-22","JAWA BARAT",982,502,471,9,134907,116278,16934,1695
"2021-05-23","JAWA BARAT",920,521,394,5,135827,116799,17328,1700
"2021-05-24","JAWA BARAT",1228,770,447,11,137055,117569,17775,1711
"2021-05-25","JAWA BARAT",953,638,304,11,138008,118207,18079,1722
"2021-05-26","JAWA BARAT",648,508,131,9,138656,118715,18210,1731
"2021-05-27","JAWA BARAT",0,648,-656,8,138656,119363,17554,1739
"2021-05-28","JAWA BARAT",0,674,-687,13,138656,120037,16867,1752
"2021-05-29","JAWA BARAT",0,712,-715,3,138656,120749,16152,1755
"2021-05-30","JAWA BARAT",0,294,-300,6,138656,121043,15852,1761
"2021-05-31","JAWA BARAT",0,901,-914,13,138656,121944,14938,1774
"2021-06-01","JAWA BARAT",0,1437,-1443,6,138656,123381,13495,1780
"2021-06-02","JAWA BARAT",818,1632,-821,7,139474,125013,12674,1787
"2021-06-03","JAWA BARAT",1051,3488,-2458,21,140525,128501,10216,1808
"2021-06-04","JAWA BARAT",852,868,-29,13,141377,129369,10187,1821
"2021-06-05","JAWA BARAT",974,601,362,11,142351,129970,10549,1832
"2021-06-06","JAWA BARAT",790,302,478,10,143141,130272,11027,1842
"2021-06-07","JAWA BARAT",1580,625,938,17,144721,130897,11965,1859
"2021-06-08","JAWA BARAT",960,478,466,16,145681,131375,12431,1875
"2021-06-09","JAWA BARAT",1293,383,901,9,146974,131758,13332,1884
"2021-06-10","JAWA BARAT",1169,742,412,15,148143,132500,13744,1899
"2021-06-11","JAWA BARAT",0,637,-648,11,148143,133137,13096,1910
"2021-06-12","JAWA BARAT",0,371,-378,7,148143,133508,12718,1917
"2021-06-13","JAWA BARAT",0,480,-485,5,148143,133988,12233,1922
"2021-06-14","JAWA BARAT",0,1336,-1340,4,148143,135324,10893,1926
"2021-06-15","JAWA BARAT",1,741,-744,4,148144,136065,10149,1930
"2021-06-16","JAWA BARAT",0,857,-861,4,148144,136922,9288,1934
"2021-06-17","JAWA BARAT",0,448,-455,7,148144,137370,8833,1941
"2021-06-18","JAWA BARAT",1,594,-615,22,148145,137964,8218,1963
"2021-06-19","JAWA BARAT",0,532,-541,9,148145,138496,7677,1972
"2021-06-20","JAWA BARAT",0,443,-458,15,148145,138939,7219,1987
"2021-06-21","JAWA BARAT",0,529,-541,12,148145,139468,6678,1999
"2021-06-22","JAWA BARAT",2670,398,2239,33,150815,139866,8917,2032
"2021-06-23","JAWA BARAT",2605,637,1946,22,153420,140503,10863,2054
"2021-06-24","JAWA BARAT",2725,703,1955,67,156145,141206,12818,2121
"2021-06-25","JAWA BARAT",3364,686,2598,80,159509,141892,15416,2201
"2021-06-26","JAWA BARAT",0,335,-400,65,159509,142227,15016,2266
"2021-06-27","JAWA BARAT",4,453,-514,65,159513,142680,14502,2331
"2021-06-28","JAWA BARAT",1,372,-429,58,159514,143052,14073,2389
"2021-06-29","JAWA BARAT",0,289,-347,58,159514,143341,13726,2447
"2021-06-30","JAWA BARAT",3,289,-307,21,159517,143630,13419,2468
"2021-07-01","JAWA BARAT",3,121,-137,19,159520,143751,13282,2487
"2021-07-02","JAWA BARAT",3,417,-424,10,159523,144168,12858,2497
"2021-07-03","JAWA BARAT",4,670,-673,7,159527,144838,12185,2504
"2021-07-04","JAWA BARAT",3953,318,3620,15,163480,145156,15805,2519
"2021-07-05","JAWA BARAT",5687,350,5322,15,169167,145506,21127,2534
"2021-07-06","JAWA BARAT",6570,1561,4989,20,175737,147067,26116,2554
"2021-07-07","JAWA BARAT",7744,1133,6584,27,183481,148200,32700,2581
"2021-07-08","JAWA BARAT",6290,1696,4499,95,189771,149896,37199,2676
"2021-07-09","JAWA BARAT",6518,1734,4676,108,196289,151630,41875,2784
"2021-07-10","JAWA BARAT",4594,542,3902,150,200883,152172,45777,2934
"2021-07-11","JAWA BARAT",6481,1756,4493,232,207364,153928,50270,3166
"2021-07-12","JAWA BARAT",6630,1418,5044,168,213994,155346,55314,3334
"2021-07-13","JAWA BARAT",1012,936,-32,108,215006,156282,55282,3442
"2021-07-14","JAWA BARAT",2219,1924,185,110,217225,158206,55467,3552
"2021-07-15","JAWA BARAT",2471,2307,97,67,219696,160513,55564,3619
"2021-07-16","JAWA BARAT",2307,3783,-1556,80,222003,164296,54008,3699
"2021-07-17","JAWA BARAT",4838,3889,879,70,226841,168185,54887,3769
"2021-07-18","JAWA BARAT",6863,3332,3473,58,233704,171517,58360,3827
"2021-07-19","JAWA BARAT",6456,4026,2376,54,240160,175543,60736,3881
"2021-07-20","JAWA BARAT",6167,2399,3726,42,246327,177942,64462,3923
"2021-07-21","JAWA BARAT",4645,3928,662,55,250972,181870,65124,3978
"2021-07-22","JAWA BARAT",9110,5950,3052,108,260082,187820,68176,4086
"2021-07-23","JAWA BARAT",7385,5252,2000,133,267467,193072,70176,4219
"2021-07-24","JAWA BARAT",6399,4673,1626,100,273866,197745,71802,4319
"2021-07-25","JAWA BARAT",4311,3025,1178,108,278177,200770,72980,4427
"2021-07-26","JAWA BARAT",3790,3518,112,160,281967,204288,73092,4587
"2021-07-27","JAWA BARAT",6693,6465,-44,272,288660,210753,73048,4859
"2021-07-28","JAWA BARAT",6093,4684,1252,157,294753,215437,74300,5016
"2021-07-29","JAWA BARAT",6194,3956,2082,156,300947,219393,76382,5172
"2021-07-30","JAWA BARAT",5840,5419,349,72,306787,224812,76731,5244
"2021-07-31","JAWA BARAT",3319,5203,-2053,169,310106,230015,74678,5413
"2021-08-01","JAWA BARAT",2196,2502,-480,174,312302,232517,74198,5587
"2021-08-02","JAWA BARAT",1895,4767,-2991,119,314197,237284,71207,5706
"2021-08-03","JAWA BARAT",1454,4064,-2691,81,315651,241348,68516,5787
"2021-08-04","JAWA BARAT",663,3634,-3046,75,316314,244982,65470,5862
"2021-08-05","JAWA BARAT",791,5631,-4931,91,317105,250613,60539,5953
"2021-08-06","JAWA BARAT",688,5872,-5229,45,317793,256485,55310,5998
"2021-08-07","JAWA BARAT",585,3193,-2645,37,318378,259678,52665,6035
"2021-08-08","JAWA BARAT",345,12099,-11766,12,318723,271777,40899,6047
"2021-08-09","JAWA BARAT",1938,5535,-3654,57,320661,277312,37245,6104
"2021-08-10","JAWA BARAT",2761,4345,-2018,434,323422,281657,35227,6538
"2021-08-11","JAWA BARAT",2772,5982,-3300,90,326194,287639,31927,6628
"2021-08-12","JAWA BARAT",1546,2870,-1377,53,327740,290509,30550,6681
"2021-08-13","JAWA BARAT",2325,5999,-3701,27,330065,296508,26849,6708
"2021-08-14","JAWA BARAT",1688,1863,-192,17,331753,298371,26657,6725
"2021-08-15","JAWA BARAT",921,1665,-775,31,332674,300036,25882,6756
"2021-08-16","JAWA BARAT",1352,1541,-221,32,334026,301577,25661,6788
"2021-08-17","JAWA BARAT",1260,1555,-338,43,335286,303132,25323,6831
"2021-08-18","JAWA BARAT",931,2242,-1336,25,336217,305374,23987,6856
"2021-08-19","JAWA BARAT",2698,4122,-1616,192,338915,309496,22371,7048
"2021-08-20","JAWA BARAT",2096,2008,-162,250,341011,311504,22209,7298
"2021-08-21","JAWA BARAT",1482,1008,255,219,342493,312512,22464,7517
"2021-08-22","JAWA BARAT",1014,1393,-416,37,343507,313905,22048,7554
"2021-08-23","JAWA BARAT",371,1206,-853,18,343878,315111,21195,7572
"2021-08-24","JAWA BARAT",198,1701,-1538,35,344076,316812,19657,7607
"2021-08-25","JAWA BARAT",243,2030,-1828,41,344319,318842,17829,7648
"2021-08-26","JAWA BARAT",219,1447,-1248,20,344538,320289,16581,7668
"2021-08-27","JAWA BARAT",217,1465,-1258,10,344755,321754,15323,7678
"2021-08-28","JAWA BARAT",178,1102,-929,5,344933,322856,14394,7683
"2021-08-29","JAWA BARAT",158,1026,-871,3,345091,323882,13523,7686
"2021-08-30","JAWA BARAT",115,1297,-1194,12,345206,325179,12329,7698
"2021-08-31","JAWA BARAT",271,1119,-857,9,345477,326298,11472,7707
"2021-09-01","JAWA BARAT",756,837,-105,24,346233,327135,11367,7731
"2021-09-02","JAWA BARAT",789,3303,-2531,17,347022,330438,8836,7748
"2021-09-03","JAWA BARAT",839,1252,-490,77,347861,331690,8346,7825
"2021-09-04","JAWA BARAT",538,1608,-1181,111,348399,333298,7165,7936
"2021-09-05","JAWA BARAT",354,489,-140,5,348753,333787,7025,7941
"2021-09-06","JAWA BARAT",401,872,-593,122,349154,334659,6432,8063
"2021-09-07","JAWA BARAT",773,2025,-1289,37,349927,336684,5143,8100
"2021-09-08","JAWA BARAT",689,601,-77,165,350616,337285,5066,8265
"2021-09-09","JAWA BARAT",516,327,182,7,351132,337612,5248,8272
"2021-09-10","JAWA BARAT",534,342,186,6,351666,337954,5434,8278
"2021-09-11","JAWA BARAT",432,174,251,7,352098,338128,5685,8285
"2021-09-12","JAWA BARAT",559,551,6,2,352657,338679,5691,8287
"2021-09-13","JAWA BARAT",201,405,-209,5,352858,339084,5482,8292
"2021-09-14","JAWA BARAT",294,391,-112,15,353152,339475,5370,8307
"2021-09-15","JAWA BARAT",358,720,-376,14,353510,340195,4994,8321
"2021-09-16","JAWA BARAT",323,586,-270,7,353833,340781,4724,8328
"2021-09-17","JAWA BARAT",292,328,-42,6,354125,341109,4682,8334
"2021-09-18","JAWA BARAT",207,358,-154,3,354332,341467,4528,8337
"2021-09-19","JAWA BARAT",143,495,-356,4,354475,341962,4172,8341
"2021-09-20","JAWA BARAT",101,346,-255,10,354576,342308,3917,8351
"2021-09-21","JAWA BARAT",240,520,-289,9,354816,342828,3628,8360
"2021-09-22","JAWA BARAT",187,409,-232,10,355003,343237,3396,8370
"2021-09-23","JAWA BARAT",209,367,-169,11,355212,343604,3227,8381
"2021-09-24","JAWA BARAT",178,323,-157,12,355390,343927,3070,8393
"2021-09-25","JAWA BARAT",85,207,-123,1,355475,344134,2947,8394
"2021-09-26","JAWA BARAT",40,226,-191,5,355515,344360,2756,8399
"2021-09-27","JAWA BARAT",18,341,-326,3,355533,344701,2430,8402
"2021-09-28","JAWA BARAT",43,162,-124,5,355576,344863,2306,8407
"2021-09-29","JAWA BARAT",78,237,-162,3,355654,345100,2144,8410
"2021-09-30","JAWA BARAT",122,212,-98,8,355776,345312,2046,8418
"2021-10-01","JAWA BARAT",76,126,-51,1,355852,345438,1995,8419
"2021-10-02","JAWA BARAT",82,119,-38,1,355934,345557,1957,8420
"2021-10-03","JAWA BARAT",98,169,-72,1,356032,345726,1885,8421
"2021-10-04","JAWA BARAT",74,300,-229,3,356106,346026,1656,8424
"2021-10-05","JAWA BARAT",106,224,-121,3,356212,346250,1535,8427
"2021-10-06","JAWA BARAT",101,128,-27,0,356313,346378,1508,8427
"2021-10-07","JAWA BARAT",106,92,11,3,356419,346470,1519,8430
"2021-10-08","JAWA BARAT",102,101,0,1,356521,346571,1519,8431
"2021-10-09","JAWA BARAT",113,82,30,1,356634,346653,1549,8432
"2021-10-10","JAWA BARAT",62,71,-11,2,356696,346724,1538,8434
"2021-10-11","JAWA BARAT",67,73,-10,4,356763,346797,1528,8438
"2021-10-12","JAWA BARAT",127,94,31,2,356890,346891,1559,8440
"2021-10-13","JAWA BARAT",88,158,-71,1,356978,347049,1488,8441
"2021-10-14","JAWA BARAT",99,101,-2,0,357077,347150,1486,8441
"2021-10-15","JAWA BARAT",82,86,-5,1,357159,347236,1481,8442
"2021-10-16","JAWA BARAT",106,74,31,1,357265,347310,1512,8443
"2021-10-17","JAWA BARAT",65,76,-11,0,357330,347386,1501,8443
"2021-10-18","JAWA BARAT",67,116,-51,2,357397,347502,1450,8445
"2021-10-19","JAWA BARAT",96,218,-125,3,357493,347720,1325,8448
"2021-10-20","JAWA BARAT",96,113,-19,2,357589,347833,1306,8450
"2021-10-21","JAWA BARAT",13,171,-159,1,357602,348004,1147,8451
"2021-10-22","JAWA BARAT",106,123,-22,5,357708,348127,1125,8456
"2021-10-23","JAWA BARAT",72,68,4,0,357780,348195,1129,8456
"2021-10-24","JAWA BARAT",78,45,31,2,357858,348240,1160,8458
"2021-10-25","JAWA BARAT",68,149,-82,1,357926,348389,1078,8459
"2021-10-26","JAWA BARAT",76,58,17,1,358002,348447,1095,8460
"2021-10-27","JAWA BARAT",84,87,-6,3,358086,348534,1089,8463
"2021-10-28","JAWA BARAT",112,90,16,6,358198,348624,1105,8469
"2021-10-29","JAWA BARAT",156,79,75,2,358354,348703,1180,8471
"2021-10-30","JAWA BARAT",141,34,107,0,358495,348737,1287,8471
"2021-10-31","JAWA BARAT",96,46,49,1,358591,348783,1336,8472
"2021-11-01","JAWA BARAT",45,91,-47,1,358636,348874,1289,8473
"2021-11-02","JAWA BARAT",75,54,15,6,358711,348928,1304,8479
"2021-11-03","JAWA BARAT",167,58,107,2,358878,348986,1411,8481
"2021-11-04","JAWA BARAT",160,124,35,1,359038,349110,1446,8482
"2021-11-05","JAWA BARAT",91,54,35,2,359129,349164,1481,8484
"2021-11-06","JAWA BARAT",53,15,38,0,359182,349179,1519,8484
"2021-11-07","JAWA BARAT",96,102,-6,0,359278,349281,1513,8484
"2021-11-08","JAWA BARAT",20,108,-89,1,359298,349389,1424,8485
"2021-11-09","JAWA BARAT",38,66,-28,0,359336,349455,1396,8485
"2021-11-10","JAWA BARAT",48,48,0,0,359384,349503,1396,8485
"2021-11-11","JAWA BARAT",48,27,20,1,359432,349530,1416,8486
"2021-11-12","JAWA BARAT",59,79,-20,0,359491,349609,1396,8486
"2021-11-13","JAWA BARAT",50,66,-18,2,359541,349675,1378,8488
"2021-11-14","JAWA BARAT",25,33,-10,2,359566,349708,1368,8490
"2021-11-15","JAWA BARAT",27,283,-256,0,359593,349991,1112,8490
"2021-11-16","JAWA BARAT",48,94,-47,1,359641,350085,1065,8491
"2021-11-17","JAWA BARAT",159,66,92,1,359800,350151,1157,8492
"2021-11-18","JAWA BARAT",53,60,-9,2,359853,350211,1148,8494
"2021-11-19","JAWA BARAT",66,200,-136,2,359919,350411,1012,8496
"2021-11-20","JAWA BARAT",42,19,23,0,359961,350430,1035,8496
"2021-11-21","JAWA BARAT",35,23,10,2,359996,350453,1045,8498
"2021-11-22","JAWA BARAT",30,75,-45,0,360026,350528,1000,8498
"2021-11-23","JAWA BARAT",55,159,-104,0,360081,350687,896,8498
"2021-11-24","JAWA BARAT",80,55,23,2,360161,350742,919,8500
"2021-11-25","JAWA BARAT",42,54,-12,0,360203,350796,907,8500
"2021-11-26","JAWA BARAT",95,25,70,0,360298,350821,977,8500
"2021-11-27","JAWA BARAT",45,29,15,1,360343,350850,992,8501
"2021-11-28","JAWA BARAT",21,28,-7,0,360364,350878,985,8501
"2021-11-29","JAWA BARAT",17,91,-76,2,360381,350969,909,8503
"2021-11-30","JAWA BARAT",55,55,-3,3,360436,351024,906,8506
"2021-12-01","JAWA BARAT",56,71,-15,0,360492,351095,891,8506
"2021-12-02","JAWA BARAT",83,52,31,0,360575,351147,922,8506
"2021-12-03","JAWA BARAT",30,37,-7,0,360605,351184,915,8506
"2021-12-04","JAWA BARAT",49,66,-17,0,360654,351250,898,8506
"2021-12-05","JAWA BARAT",27,59,-32,0,360681,351309,866,8506
"2021-12-06","JAWA BARAT",25,80,-56,1,360706,351389,810,8507
"2021-12-07","JAWA BARAT",56,97,-45,4,360762,351486,765,8511
"2021-12-08","JAWA BARAT",62,71,-10,1,360824,351557,755,8512
"2021-12-09","JAWA BARAT",45,33,11,1,360869,351590,766,8513
"2021-12-10","JAWA BARAT",44,35,9,0,360913,351625,775,8513
"2021-12-11","JAWA BARAT",37,18,19,0,360950,351643,794,8513
"2021-12-12","JAWA BARAT",21,12,9,0,360971,351655,803,8513
"2021-12-13","JAWA BARAT",17,48,-32,1,360988,351703,771,8514
"2021-12-14","JAWA BARAT",38,77,-42,3,361026,351780,729,8517
"2021-12-15","JAWA BARAT",48,56,-8,0,361074,351836,721,8517
"2021-12-16","JAWA BARAT",37,36,1,0,361111,351872,722,8517
"2021-12-17","JAWA BARAT",50,43,7,0,361161,351915,729,8517
"2021-12-18","JAWA BARAT",40,37,2,1,361201,351952,731,8518
"2021-12-19","JAWA BARAT",29,11,18,0,361230,351963,749,8518
"2021-12-20","JAWA BARAT",9,65,-56,0,361239,352028,693,8518
"2021-12-21","JAWA BARAT",31,59,-29,1,361270,352087,664,8519
"2021-12-22","JAWA BARAT",18,60,-42,0,361288,352147,622,8519
"2021-12-23","JAWA BARAT",26,49,-23,0,361314,352196,599,8519
"2021-12-24","JAWA BARAT",21,24,-3,0,361335,352220,596,8519
"2021-12-25","JAWA BARAT",18,20,-2,0,361353,352240,594,8519
"2021-12-26","JAWA BARAT",8,29,-21,0,361361,352269,573,8519
"2021-12-27","JAWA BARAT",6,46,-42,2,361367,352315,531,8521
"2021-12-28","JAWA BARAT",16,22,-7,1,361383,352337,524,8522
"2021-12-29","JAWA BARAT",35,42,-9,2,361418,352379,515,8524
"2021-12-30","JAWA BARAT",16,18,-2,0,361434,352397,513,8524
"2021-12-31","JAWA BARAT",18,42,-24,0,361452,352439,489,8524
"2022-01-01","JAWA BARAT",17,10,7,0,361469,352449,496,8524
"2022-01-02","JAWA BARAT",9,33,-24,0,361478,352482,472,8524
"2022-01-03","JAWA BARAT",11,16,-5,0,361489,352498,467,8524
"2022-01-04","JAWA BARAT",32,19,13,0,361521,352517,480,8524
"2022-01-05","JAWA BARAT",23,27,-4,0,361544,352544,476,8524
"2022-01-06","JAWA BARAT",24,26,-2,0,361568,352570,474,8524
"2022-01-07","JAWA BARAT",35,18,17,0,361603,352588,491,8524
"2022-01-08","JAWA BARAT",22,16,6,0,361625,352604,497,8524
"2022-01-09","JAWA BARAT",20,29,-9,0,361645,352633,488,8524
"2022-01-10","JAWA BARAT",27,37,-11,1,361672,352670,477,8525
"2022-01-11","JAWA BARAT",62,18,43,1,361734,352688,520,8526
"2022-01-12","JAWA BARAT",62,22,39,1,361796,352710,559,8527
"2022-01-13","JAWA BARAT",89,11,78,0,361885,352721,637,8527
"2022-01-14","JAWA BARAT",100,10,88,2,361985,352731,725,8529
"2022-01-15","JAWA BARAT",118,16,102,0,362103,352747,827,8529
"2022-01-16","JAWA BARAT",81,25,56,0,362184,352772,883,8529
"2022-01-17","JAWA BARAT",84,17,67,0,362268,352789,950,8529
"2022-01-18","JAWA BARAT",276,34,241,1,362544,352823,1191,8530
"2022-01-19","JAWA BARAT",311,25,284,2,362855,352848,1475,8532
"2022-01-20","JAWA BARAT",384,22,361,1,363239,352870,1836,8533
"2022-01-21","JAWA BARAT",486,38,448,0,363725,352908,2284,8533
"2022-01-22","JAWA BARAT",608,23,585,0,364333,352931,2869,8533
"2022-01-23","JAWA BARAT",471,32,436,3,364804,352963,3305,8536
"2022-01-24","JAWA BARAT",397,54,343,0,365201,353017,3648,8536
"2022-01-25","JAWA BARAT",1210,109,1098,3,366411,353126,4746,8539
"2022-01-26","JAWA BARAT",1589,690,897,2,368000,353816,5643,8541
"2022-01-27","JAWA BARAT",1721,24,1696,1,369721,353840,7339,8542
"2022-01-28","JAWA BARAT",1863,154,1709,0,371584,353994,9048,8542
"2022-01-29","JAWA BARAT",1868,432,1436,0,373452,354426,10484,8542
"2022-01-30","JAWA BARAT",2583,515,2068,0,376035,354941,12552,8542
"2022-01-31","JAWA BARAT",2085,545,1538,2,378120,355486,14090,8544
"2022-02-01","JAWA BARAT",4249,620,3625,4,382369,356106,17715,8548
"2022-02-02","JAWA BARAT",3739,158,3580,1,386108,356264,21295,8549
"2022-02-03","JAWA BARAT",7308,199,7107,2,393416,356463,28402,8551
"2022-02-04","JAWA BARAT",7690,156,7532,2,401106,356619,35934,8553
"2022-02-05","JAWA BARAT",8053,232,7820,1,409159,356851,43754,8554
"2022-02-06","JAWA BARAT",7603,416,7185,2,416762,357267,50939,8556
"2022-02-07","JAWA BARAT",5047,536,4508,3,421809,357803,55447,8559
"2022-02-08","JAWA BARAT",9042,1053,7986,3,430851,358856,63433,8562
"2022-02-09","JAWA BARAT",11201,251,10940,10,442052,359107,74373,8572
"2022-02-10","JAWA BARAT",9403,2357,7037,9,451455,361464,81410,8581
"2022-02-11","JAWA BARAT",8945,1382,7555,8,460400,362846,88965,8589
"2022-02-12","JAWA BARAT",14106,1711,12390,5,474506,364557,101355,8594
"2022-02-13","JAWA BARAT",10050,1227,8818,5,484556,365784,110173,8599
"2022-02-14","JAWA BARAT",8333,2080,6248,5,492889,367864,116421,8604
"2022-02-15","JAWA BARAT",14058,5725,8322,11,506947,373589,124743,8615
"2022-02-16","JAWA BARAT",15196,5406,9775,15,522143,378995,134518,8630
"2022-02-17","JAWA BARAT",16251,3127,13111,13,538394,382122,147629,8643
"2022-02-18","JAWA BARAT",13780,4323,9444,13,552174,386445,157073,8656
"2022-02-19","JAWA BARAT",12601,7290,5298,13,564775,393735,162371,8669
"2022-02-20","JAWA BARAT",10410,4132,6268,10,575185,397867,168639,8679
"2022-02-21","JAWA BARAT",8105,6981,1112,12,583290,404848,169751,8691
"2022-02-22","JAWA BARAT",13658,5968,7672,18,596948,410816,177423,8709
"2022-02-23","JAWA BARAT",14100,9656,4423,21,611048,420472,181846,8730
"2022-02-24","JAWA BARAT",12937,6727,6186,24,623985,427199,188032,8754
"2022-02-25","JAWA BARAT",11040,10524,494,22,635025,437723,188526,8776
"2022-02-26","JAWA BARAT",9779,12291,-2535,23,644804,450014,185991,8799
"2022-02-27","JAWA BARAT",6457,5486,956,15,651261,455500,186947,8814
"2022-02-28","JAWA BARAT",3745,5857,-2128,16,655006,461357,184819,8830
"2022-03-01","JAWA BARAT",4570,7320,-2783,33,659576,468677,182036,8863
"2022-03-02","JAWA BARAT",8569,13226,-4696,39,668145,481903,177340,8902
"2022-03-03","JAWA BARAT",7645,10640,-3019,24,675790,492543,174321,8926
"2022-03-04","JAWA BARAT",5312,5452,-169,29,681102,497995,174152,8955
"2022-03-05","JAWA BARAT",6701,16030,-9357,28,687803,514025,164795,8983
"2022-03-06","JAWA BARAT",4972,18518,-13571,25,692775,532543,151224,9008
"2022-03-07","JAWA BARAT",4368,20903,-16557,22,697143,553446,134667,9030
"2022-03-08","JAWA BARAT",69,4055,-3990,4,697212,557501,130677,9034
"2020-03-08","JAWA TENGAH",1,0,0,1,1,0,0,1
"2020-03-09","JAWA TENGAH",0,0,0,0,1,0,0,1
"2020-03-10","JAWA TENGAH",0,0,0,0,1,0,0,1
"2020-03-11","JAWA TENGAH",0,0,0,0,1,0,0,1
"2020-03-12","JAWA TENGAH",0,0,0,0,1,0,0,1
"2020-03-13","JAWA TENGAH",0,0,0,0,1,0,0,1
"2020-03-14","JAWA TENGAH",1,0,1,0,2,0,1,1
"2020-03-15","JAWA TENGAH",1,1,0,0,3,1,1,1
"2020-03-16","JAWA TENGAH",1,0,1,0,4,1,2,1
"2020-03-17","JAWA TENGAH",1,1,0,0,5,2,2,1
"2020-03-18","JAWA TENGAH",1,0,1,0,6,2,3,1
"2020-03-19","JAWA TENGAH",1,0,1,0,7,2,4,1
"2020-03-20","JAWA TENGAH",2,1,1,0,9,3,5,1
"2020-03-21","JAWA TENGAH",0,0,0,0,9,3,5,1
"2020-03-22","JAWA TENGAH",1,1,0,0,10,4,5,1
"2020-03-23","JAWA TENGAH",0,0,0,0,10,4,5,1
"2020-03-24","JAWA TENGAH",1,1,0,0,11,5,5,1
"2020-03-25","JAWA TENGAH",5,1,4,0,16,6,9,1
"2020-03-26","JAWA TENGAH",1,0,1,0,17,6,10,1
"2020-03-27","JAWA TENGAH",4,1,2,1,21,7,12,2
"2020-03-28","JAWA TENGAH",2,0,1,1,23,7,13,3
"2020-03-29","JAWA TENGAH",4,0,3,1,27,7,16,4
"2020-03-30","JAWA TENGAH",4,1,3,0,31,8,19,4
"2020-03-31","JAWA TENGAH",3,0,3,0,34,8,22,4
"2020-04-01","JAWA TENGAH",7,1,5,1,41,9,27,5
"2020-04-02","JAWA TENGAH",3,1,2,0,44,10,29,5
"2020-04-03","JAWA TENGAH",5,1,4,0,49,11,33,5
"2020-04-04","JAWA TENGAH",5,0,5,0,54,11,38,5
"2020-04-05","JAWA TENGAH",3,0,3,0,57,11,41,5
"2020-04-06","JAWA TENGAH",7,0,6,1,64,11,47,6
"2020-04-07","JAWA TENGAH",8,0,8,0,72,11,55,6
"2020-04-08","JAWA TENGAH",5,0,4,1,77,11,59,7
"2020-04-09","JAWA TENGAH",8,2,6,0,85,13,65,7
"2020-04-10","JAWA TENGAH",2,0,2,0,87,13,67,7
"2020-04-11","JAWA TENGAH",7,0,7,0,94,13,74,7
"2020-04-12","JAWA TENGAH",4,0,3,1,98,13,77,8
"2020-04-13","JAWA TENGAH",6,3,3,0,104,16,80,8
"2020-04-14","JAWA TENGAH",6,2,4,0,110,18,84,8
"2020-04-15","JAWA TENGAH",10,1,9,0,120,19,93,8
"2020-04-16","JAWA TENGAH",6,1,4,1,126,20,97,9
"2020-04-17","JAWA TENGAH",6,0,6,0,132,20,103,9
"2020-04-18","JAWA TENGAH",10,2,8,0,142,22,111,9
"2020-04-19","JAWA TENGAH",3,0,3,0,145,22,114,9
"2020-04-20","JAWA TENGAH",4,4,-1,1,149,26,113,10
"2020-04-21","JAWA TENGAH",4,1,2,1,153,27,115,11
"2020-04-22","JAWA TENGAH",8,3,4,1,161,30,119,12
"2020-04-23","JAWA TENGAH",5,5,0,0,166,35,119,12
"2020-04-24","JAWA TENGAH",2,2,-1,1,168,37,118,13
"2020-04-25","JAWA TENGAH",5,2,3,0,173,39,121,13
"2020-04-26","JAWA TENGAH",5,2,3,0,178,41,124,13
"2020-04-27","JAWA TENGAH",4,3,0,1,182,44,124,14
"2020-04-28","JAWA TENGAH",5,0,4,1,187,44,128,15
"2020-04-29","JAWA TENGAH",9,4,4,1,196,48,132,16
"2020-04-30","JAWA TENGAH",4,8,-4,0,200,56,128,16
"2020-05-01","JAWA TENGAH",5,3,1,1,205,59,129,17
"2020-05-02","JAWA TENGAH",9,2,6,1,214,61,135,18
"2020-05-03","JAWA TENGAH",7,2,5,0,221,63,140,18
"2020-05-04","JAWA TENGAH",4,4,0,0,225,67,140,18
"2020-05-05","JAWA TENGAH",1,6,-5,0,226,73,135,18
"2020-05-06","JAWA TENGAH",9,10,-1,0,235,83,134,18
"2020-05-07","JAWA TENGAH",1,8,-7,0,236,91,127,18
"2020-05-08","JAWA TENGAH",16,8,8,0,252,99,135,18
"2020-05-09","JAWA TENGAH",4,5,-1,0,256,104,134,18
"2020-05-10","JAWA TENGAH",4,5,-1,0,260,109,133,18
"2020-05-11","JAWA TENGAH",1,3,-2,0,261,112,131,18
"2020-05-12","JAWA TENGAH",9,3,5,1,270,115,136,19
"2020-05-13","JAWA TENGAH",3,5,-2,0,273,120,134,19
"2020-05-14","JAWA TENGAH",10,6,3,1,283,126,137,20
"2020-05-15","JAWA TENGAH",5,5,0,0,288,131,137,20
"2020-05-16","JAWA TENGAH",12,7,4,1,300,138,141,21
"2020-05-17","JAWA TENGAH",8,4,4,0,308,142,145,21
"2020-05-18","JAWA TENGAH",7,3,2,2,315,145,147,23
"2020-05-19","JAWA TENGAH",12,10,2,0,327,155,149,23
"2020-05-20","JAWA TENGAH",7,8,-1,0,334,163,148,23
"2020-05-21","JAWA TENGAH",2,6,-4,0,336,169,144,23
"2020-05-22","JAWA TENGAH",17,10,7,0,353,179,151,23
"2020-05-23","JAWA TENGAH",15,14,1,0,368,193,152,23
"2020-05-24","JAWA TENGAH",3,0,3,0,371,193,155,23
"2020-05-25","JAWA TENGAH",7,2,5,0,378,195,160,23
"2020-05-26","JAWA TENGAH",5,10,-5,0,383,205,155,23
"2020-05-27","JAWA TENGAH",5,1,3,1,388,206,158,24
"2020-05-28","JAWA TENGAH",5,5,-1,1,393,211,157,25
"2020-05-29","JAWA TENGAH",3,7,-5,1,396,218,152,26
"2020-05-30","JAWA TENGAH",12,7,5,0,408,225,157,26
"2020-05-31","JAWA TENGAH",8,2,6,0,416,227,163,26
"2020-06-01","JAWA TENGAH",11,2,8,1,427,229,171,27
"2020-06-02","JAWA TENGAH",18,11,7,0,445,240,178,27
"2020-06-03","JAWA TENGAH",13,8,3,2,458,248,181,29
"2020-06-04","JAWA TENGAH",18,9,5,4,476,257,186,33
"2020-06-05","JAWA TENGAH",15,4,9,2,491,261,195,35
"2020-06-06","JAWA TENGAH",33,15,16,2,524,276,211,37
"2020-06-07","JAWA TENGAH",25,7,18,0,549,283,229,37
"2020-06-08","JAWA TENGAH",59,18,38,3,608,301,267,40
"2020-06-09","JAWA TENGAH",16,8,6,2,624,309,273,42
"2020-06-10","JAWA TENGAH",29,13,13,3,653,322,286,45
"2020-06-11","JAWA TENGAH",32,12,18,2,685,334,304,47
"2020-06-12","JAWA TENGAH",13,9,3,1,698,343,307,48
"2020-06-13","JAWA TENGAH",26,8,16,2,724,351,323,50
"2020-06-14","JAWA TENGAH",15,2,10,3,739,353,333,53
"2020-06-15","JAWA TENGAH",25,7,14,4,764,360,347,57
"2020-06-16","JAWA TENGAH",25,2,18,5,789,362,365,62
"2020-06-17","JAWA TENGAH",24,15,2,7,813,377,367,69
"2020-06-18","JAWA TENGAH",30,16,9,5,843,393,376,74
"2020-06-19","JAWA TENGAH",33,15,17,1,876,408,393,75
"2020-06-20","JAWA TENGAH",47,12,33,2,923,420,426,77
"2020-06-21","JAWA TENGAH",26,10,14,2,949,430,440,79
"2020-06-22","JAWA TENGAH",33,17,10,6,982,447,450,85
"2020-06-23","JAWA TENGAH",41,15,23,3,1023,462,473,88
"2020-06-24","JAWA TENGAH",38,16,19,3,1061,478,492,91
"2020-06-25","JAWA TENGAH",56,31,23,2,1117,509,515,93
"2020-06-26","JAWA TENGAH",52,46,1,5,1169,555,516,98
"2020-06-27","JAWA TENGAH",38,19,15,4,1207,574,531,102
"2020-06-28","JAWA TENGAH",19,18,-2,3,1226,592,529,105
"2020-06-29","JAWA TENGAH",51,24,24,3,1277,616,553,108
"2020-06-30","JAWA TENGAH",47,30,6,11,1324,646,559,119
"2020-07-01","JAWA TENGAH",45,23,20,2,1369,669,579,121
"2020-07-02","JAWA TENGAH",42,26,12,4,1411,695,591,125
"2020-07-03","JAWA TENGAH",29,16,10,3,1440,711,601,128
"2020-07-04","JAWA TENGAH",31,21,5,5,1471,732,606,133
"2020-07-05","JAWA TENGAH",27,16,7,4,1498,748,613,137
"2020-07-06","JAWA TENGAH",89,26,53,10,1587,774,666,147
"2020-07-07","JAWA TENGAH",62,30,28,4,1649,804,694,151
"2020-07-08","JAWA TENGAH",41,29,7,5,1690,833,701,156
"2020-07-09","JAWA TENGAH",55,21,30,4,1745,854,731,160
"2020-07-10","JAWA TENGAH",52,26,24,2,1797,880,755,162
"2020-07-11","JAWA TENGAH",64,21,39,4,1861,901,794,166
"2020-07-12","JAWA TENGAH",45,16,21,8,1906,917,815,174
"2020-07-13","JAWA TENGAH",61,28,30,3,1967,945,845,177
"2020-07-14","JAWA TENGAH",53,31,18,4,2020,976,863,181
"2020-07-15","JAWA TENGAH",84,32,49,3,2104,1008,912,184
"2020-07-16","JAWA TENGAH",77,35,41,1,2181,1043,953,185
"2020-07-17","JAWA TENGAH",77,41,31,5,2258,1084,984,190
"2020-07-18","JAWA TENGAH",57,26,25,6,2315,1110,1009,196
"2020-07-19","JAWA TENGAH",54,23,24,7,2369,1133,1033,203
"2020-07-20","JAWA TENGAH",54,26,23,5,2423,1159,1056,208
"2020-07-21","JAWA TENGAH",58,67,-16,7,2481,1226,1040,215
"2020-07-22","JAWA TENGAH",60,79,-30,11,2541,1305,1010,226
"2020-07-23","JAWA TENGAH",43,121,-90,12,2584,1426,920,238
"2020-07-24","JAWA TENGAH",33,36,-10,7,2617,1462,910,245
"2020-07-25","JAWA TENGAH",26,60,-41,7,2643,1522,869,252
"2020-07-26","JAWA TENGAH",0,29,-31,2,2643,1551,838,254
"2020-07-27","JAWA TENGAH",2,61,-60,1,2645,1612,778,255
"2020-07-28","JAWA TENGAH",0,49,-52,3,2645,1661,726,258
"2020-07-29","JAWA TENGAH",1,37,-38,2,2646,1698,688,260
"2020-07-30","JAWA TENGAH",3,66,-64,1,2649,1764,624,261
"2020-07-31","JAWA TENGAH",0,20,-20,0,2649,1784,604,261
"2020-08-01","JAWA TENGAH",1,30,-30,1,2650,1814,574,262
"2020-08-02","JAWA TENGAH",0,12,-14,2,2650,1826,560,264
"2020-08-03","JAWA TENGAH",1,47,-47,1,2651,1873,513,265
"2020-08-04","JAWA TENGAH",0,48,-48,0,2651,1921,465,265
"2020-08-05","JAWA TENGAH",0,37,-37,0,2651,1958,428,265
"2020-08-06","JAWA TENGAH",116,40,76,0,2767,1998,504,265
"2020-08-07","JAWA TENGAH",232,23,209,0,2999,2021,713,265
"2020-08-08","JAWA TENGAH",87,14,71,2,3086,2035,784,267
"2020-08-09","JAWA TENGAH",139,6,133,0,3225,2041,917,267
"2020-08-10","JAWA TENGAH",68,17,50,1,3293,2058,967,268
"2020-08-11","JAWA TENGAH",86,50,34,2,3379,2108,1001,270
"2020-08-12","JAWA TENGAH",181,8,164,9,3560,2116,1165,279
"2020-08-13","JAWA TENGAH",204,28,172,4,3764,2144,1337,283
"2020-08-14","JAWA TENGAH",192,15,173,4,3956,2159,1510,287
"2020-08-15","JAWA TENGAH",132,22,107,3,4088,2181,1617,290
"2020-08-16","JAWA TENGAH",168,8,157,3,4256,2189,1774,293
"2020-08-17","JAWA TENGAH",36,3,31,2,4292,2192,1805,295
"2020-08-18","JAWA TENGAH",118,72,35,11,4410,2264,1840,306
"2020-08-19","JAWA TENGAH",135,135,-5,5,4545,2399,1835,311
"2020-08-20","JAWA TENGAH",173,30,139,4,4718,2429,1974,315
"2020-08-21","JAWA TENGAH",94,29,63,2,4812,2458,2037,317
"2020-08-22","JAWA TENGAH",105,112,-20,13,4917,2570,2017,330
"2020-08-23","JAWA TENGAH",188,55,123,10,5105,2625,2140,340
"2020-08-24","JAWA TENGAH",153,94,55,4,5258,2719,2195,344
"2020-08-25","JAWA TENGAH",200,98,86,16,5458,2817,2281,360
"2020-08-26","JAWA TENGAH",148,38,103,7,5606,2855,2384,367
"2020-08-27","JAWA TENGAH",253,136,102,15,5859,2991,2486,382
"2020-08-28","JAWA TENGAH",244,121,106,17,6103,3112,2592,399
"2020-08-29","JAWA TENGAH",182,90,82,10,6285,3202,2674,409
"2020-08-30","JAWA TENGAH",140,54,73,13,6425,3256,2747,422
"2020-08-31","JAWA TENGAH",179,106,64,9,6604,3362,2811,431
"2020-09-01","JAWA TENGAH",202,126,64,12,6806,3488,2875,443
"2020-09-02","JAWA TENGAH",266,326,-73,13,7072,3814,2802,456
"2020-09-03","JAWA TENGAH",242,107,126,9,7314,3921,2928,465
"2020-09-04","JAWA TENGAH",191,110,76,5,7505,4031,3004,470
"2020-09-05","JAWA TENGAH",261,260,-8,9,7766,4291,2996,479
"2020-09-06","JAWA TENGAH",233,174,55,4,7999,4465,3051,483
"2020-09-07","JAWA TENGAH",265,163,96,6,8264,4628,3147,489
"2020-09-08","JAWA TENGAH",241,126,109,6,8505,4754,3256,495
"2020-09-09","JAWA TENGAH",283,163,111,9,8788,4917,3367,504
"2020-09-10","JAWA TENGAH",366,110,239,17,9154,5027,3606,521
"2020-09-11","JAWA TENGAH",573,96,472,5,9727,5123,4078,526
"2020-09-12","JAWA TENGAH",386,125,251,10,10113,5248,4329,536
"2020-09-13","JAWA TENGAH",283,86,192,5,10396,5334,4521,541
"2020-09-14","JAWA TENGAH",143,173,-38,8,10539,5507,4483,549
"2020-09-15","JAWA TENGAH",205,117,77,11,10744,5624,4560,560
"2020-09-16","JAWA TENGAH",339,2,323,14,11083,5626,4883,574
"2020-09-17","JAWA TENGAH",291,10,266,15,11374,5636,5149,589
"2020-09-18","JAWA TENGAH",200,24,167,9,11574,5660,5316,598
"2020-09-19","JAWA TENGAH",273,265,-31,39,11847,5925,5285,637
"2020-09-20","JAWA TENGAH",304,250,45,9,12151,6175,5330,646
"2020-09-21","JAWA TENGAH",241,304,-82,19,12392,6479,5248,665
"2020-09-22","JAWA TENGAH",233,402,-211,42,12625,6881,5037,707
"2020-09-23","JAWA TENGAH",257,371,-134,20,12882,7252,4903,727
"2020-09-24","JAWA TENGAH",435,685,-276,26,13317,7937,4627,753
"2020-09-25","JAWA TENGAH",330,268,48,14,13647,8205,4675,767
"2020-09-26","JAWA TENGAH",365,210,141,14,14012,8415,4816,781
"2020-09-27","JAWA TENGAH",253,117,132,4,14265,8532,4948,785
"2020-09-28","JAWA TENGAH",307,195,103,9,14572,8727,5051,794
"2020-09-29","JAWA TENGAH",270,250,8,12,14842,8977,5059,806
"2020-09-30","JAWA TENGAH",230,203,23,4,15072,9180,5082,810
"2020-10-01","JAWA TENGAH",298,190,103,5,15370,9370,5185,815
"2020-10-02","JAWA TENGAH",344,200,126,18,15714,9570,5311,833
"2020-10-03","JAWA TENGAH",0,201,-204,3,15714,9771,5107,836
"2020-10-04","JAWA TENGAH",0,183,-186,3,15714,9954,4921,839
"2020-10-05","JAWA TENGAH",368,104,258,6,16082,10058,5179,845
"2020-10-06","JAWA TENGAH",403,272,125,6,16485,10330,5304,851
"2020-10-07","JAWA TENGAH",385,267,114,4,16870,10597,5418,855
"2020-10-08","JAWA TENGAH",347,260,78,9,17217,10857,5496,864
"2020-10-09","JAWA TENGAH",408,195,204,9,17625,11052,5700,873
"2020-10-10","JAWA TENGAH",410,264,131,15,18035,11316,5831,888
"2020-10-11","JAWA TENGAH",314,199,107,8,18349,11515,5938,896
"2020-10-12","JAWA TENGAH",245,270,-32,7,18594,11785,5906,903
"2020-10-13","JAWA TENGAH",453,284,159,10,19047,12069,6065,913
"2020-10-14","JAWA TENGAH",286,854,-577,9,19333,12923,5488,922
"2020-10-15","JAWA TENGAH",470,2111,-1663,22,19803,15034,3825,944
"2020-10-16","JAWA TENGAH",445,358,78,9,20248,15392,3903,953
"2020-10-17","JAWA TENGAH",413,331,71,11,20661,15723,3974,964
"2020-10-18","JAWA TENGAH",355,261,91,3,21016,15984,4065,967
"2020-10-19","JAWA TENGAH",316,324,-14,6,21332,16308,4051,973
"2020-10-20","JAWA TENGAH",442,528,-105,19,21774,16836,3946,992
"2020-10-21","JAWA TENGAH",375,373,-11,13,22149,17209,3935,1005
"2020-10-22","JAWA TENGAH",510,360,139,11,22659,17569,4074,1016
"2020-10-23","JAWA TENGAH",0,287,-300,13,22659,17856,3774,1029
"2020-10-24","JAWA TENGAH",1,391,-405,15,22660,18247,3369,1044
"2020-10-25","JAWA TENGAH",356,219,134,3,23016,18466,3503,1047
"2020-10-26","JAWA TENGAH",158,267,-123,14,23174,18733,3380,1061
"2020-10-27","JAWA TENGAH",314,271,34,9,23488,19004,3414,1070
"2020-10-28","JAWA TENGAH",319,307,6,6,23807,19311,3420,1076
"2020-10-29","JAWA TENGAH",368,204,158,6,24175,19515,3578,1082
"2020-10-30","JAWA TENGAH",196,272,-89,13,24371,19787,3489,1095
"2020-10-31","JAWA TENGAH",617,259,349,9,24988,20046,3838,1104
"2020-11-01","JAWA TENGAH",462,300,152,10,25450,20346,3990,1114
"2020-11-02","JAWA TENGAH",248,337,-99,10,25698,20683,3891,1124
"2020-11-03","JAWA TENGAH",454,377,54,23,26152,21060,3945,1147
"2020-11-04","JAWA TENGAH",546,310,221,15,26698,21370,4166,1162
"2020-11-05","JAWA TENGAH",361,282,65,14,27059,21652,4231,1176
"2020-11-06","JAWA TENGAH",613,256,345,12,27672,21908,4576,1188
"2020-11-07","JAWA TENGAH",480,279,175,26,28152,22187,4751,1214
"2020-11-08","JAWA TENGAH",638,258,372,8,28790,22445,5123,1222
"2020-11-09","JAWA TENGAH",621,268,342,11,29411,22713,5465,1233
"2020-11-10","JAWA TENGAH",684,308,361,15,30095,23021,5826,1248
"2020-11-11","JAWA TENGAH",164,295,-146,15,30259,23316,5680,1263
"2020-11-12","JAWA TENGAH",610,297,300,13,30869,23613,5980,1276
"2020-11-13","JAWA TENGAH",1360,308,1022,30,32229,23921,7002,1306
"2020-11-14","JAWA TENGAH",1219,241,956,22,33448,24162,7958,1328
"2020-11-15","JAWA TENGAH",1042,264,760,18,34490,24426,8718,1346
"2020-11-16","JAWA TENGAH",600,340,250,10,35090,24766,8968,1356
"2020-11-17","JAWA TENGAH",544,531,-26,39,35634,25297,8942,1395
"2020-11-18","JAWA TENGAH",489,382,90,17,36123,25679,9032,1412
"2020-11-19","JAWA TENGAH",420,331,81,8,36543,26010,9113,1420
"2020-11-20","JAWA TENGAH",476,325,143,8,37019,26335,9256,1428
"2020-11-21","JAWA TENGAH",659,217,426,16,37678,26552,9682,1444
"2020-11-22","JAWA TENGAH",470,573,-122,19,38148,27125,9560,1463
"2020-11-23","JAWA TENGAH",897,266,621,10,39045,27391,10181,1473
"2020-11-24","JAWA TENGAH",810,268,528,14,39855,27659,10709,1487
"2020-11-25","JAWA TENGAH",998,309,680,9,40853,27968,11389,1496
"2020-11-26","JAWA TENGAH",545,260,251,34,41398,28228,11640,1530
"2020-11-27","JAWA TENGAH",872,366,457,49,42270,28594,12097,1579
"2020-11-28","JAWA TENGAH",1007,450,537,20,43277,29044,12634,1599
"2020-11-29","JAWA TENGAH",1650,742,838,70,44927,29786,13472,1669
"2020-11-30","JAWA TENGAH",811,1287,-488,12,45738,31073,12984,1681
"2020-12-01","JAWA TENGAH",730,442,280,8,46468,31515,13264,1689
"2020-12-02","JAWA TENGAH",0,276,-297,21,46468,31791,12967,1710
"2020-12-03","JAWA TENGAH",0,302,-314,12,46468,32093,12653,1722
"2020-12-04","JAWA TENGAH",891,312,570,9,47359,32405,13223,1731
"2020-12-05","JAWA TENGAH",760,319,435,6,48119,32724,13658,1737
"2020-12-06","JAWA TENGAH",527,163,332,32,48646,32887,13990,1769
"2020-12-07","JAWA TENGAH",594,285,301,8,49240,33172,14291,1777
"2020-12-08","JAWA TENGAH",770,343,417,10,50010,33515,14708,1787
"2020-12-09","JAWA TENGAH",735,196,503,36,50745,33711,15211,1823
"2020-12-10","JAWA TENGAH",818,612,176,30,51563,34323,15387,1853
"2020-12-11","JAWA TENGAH",786,282,489,15,52349,34605,15876,1868
"2020-12-12","JAWA TENGAH",890,444,423,23,53239,35049,16299,1891
"2020-12-13","JAWA TENGAH",696,203,449,44,53935,35252,16748,1935
"2020-12-14","JAWA TENGAH",737,761,-40,16,54672,36013,16708,1951
"2020-12-15","JAWA TENGAH",768,737,9,22,55440,36750,16717,1973
"2020-12-16","JAWA TENGAH",0,669,-690,21,55440,37419,16027,1994
"2020-12-17","JAWA TENGAH",0,224,-250,26,55440,37643,15777,2020
"2020-12-18","JAWA TENGAH",0,333,-343,10,55440,37976,15434,2030
"2020-12-19","JAWA TENGAH",0,183,-206,23,55440,38159,15228,2053
"2020-12-20","JAWA TENGAH",0,110,-176,66,55440,38269,15052,2119
"2020-12-21","JAWA TENGAH",0,361,-433,72,55440,38630,14619,2191
"2020-12-22","JAWA TENGAH",0,354,-381,27,55440,38984,14238,2218
"2020-12-23","JAWA TENGAH",0,460,-460,0,55440,39444,13778,2218
"2020-12-24","JAWA TENGAH",894,373,498,23,56334,39817,14276,2241
"2020-12-25","JAWA TENGAH",906,765,102,39,57240,40582,14378,2280
"2020-12-26","JAWA TENGAH",874,315,549,10,58114,40897,14927,2290
"2020-12-27","JAWA TENGAH",785,466,242,77,58899,41363,15169,2367
"2020-12-28","JAWA TENGAH",978,583,317,78,59877,41946,15486,2445
"2020-12-29","JAWA TENGAH",1056,812,239,5,60933,42758,15725,2450
"2020-12-30","JAWA TENGAH",952,206,719,27,61885,42964,16444,2477
"2020-12-31","JAWA TENGAH",940,733,191,16,62825,43697,16635,2493
"2021-01-01","JAWA TENGAH",900,449,450,1,63725,44146,17085,2494
"2021-01-02","JAWA TENGAH",971,801,89,81,64696,44947,17174,2575
"2021-01-03","JAWA TENGAH",0,375,-437,62,64696,45322,16737,2637
"2021-01-04","JAWA TENGAH",0,277,-286,9,64696,45599,16451,2646
"2021-01-05","JAWA TENGAH",0,1043,-1057,14,64696,46642,15394,2660
"2021-01-06","JAWA TENGAH",0,946,-983,37,64696,47588,14411,2697
"2021-01-07","JAWA TENGAH",0,573,-595,22,64696,48161,13816,2719
"2021-01-08","JAWA TENGAH",0,722,-722,0,64696,48883,13094,2719
"2021-01-09","JAWA TENGAH",0,174,-175,1,64696,49057,12919,2720
"2021-01-10","JAWA TENGAH",0,67,-78,11,64696,49124,12841,2731
"2021-01-11","JAWA TENGAH",0,590,-610,20,64696,49714,12231,2751
"2021-01-12","JAWA TENGAH",0,229,-291,62,64696,49943,11940,2813
"2021-01-13","JAWA TENGAH",1474,35,1421,18,66170,49978,13361,2831
"2021-01-14","JAWA TENGAH",1500,337,1140,23,67670,50315,14501,2854
"2021-01-15","JAWA TENGAH",1995,660,1305,30,69665,50975,15806,2884
"2021-01-16","JAWA TENGAH",1995,597,1356,42,71660,51572,17162,2926
"2021-01-17","JAWA TENGAH",1852,52,1761,39,73512,51624,18923,2965
"2021-01-18","JAWA TENGAH",1559,927,559,73,75071,52551,19482,3038
"2021-01-19","JAWA TENGAH",0,388,-490,102,75071,52939,18992,3140
"2021-01-20","JAWA TENGAH",0,214,-233,19,75071,53153,18759,3159
"2021-01-21","JAWA TENGAH",0,543,-560,17,75071,53696,18199,3176
"2021-01-22","JAWA TENGAH",0,189,-207,18,75071,53885,17992,3194
"2021-01-23","JAWA TENGAH",0,334,-339,5,75071,54219,17653,3199
"2021-01-24","JAWA TENGAH",0,197,-200,3,75071,54416,17453,3202
"2021-01-25","JAWA TENGAH",0,889,-908,19,75071,55305,16545,3221
"2021-01-26","JAWA TENGAH",0,863,-927,64,75071,56168,15618,3285
"2021-01-27","JAWA TENGAH",0,1055,-1093,38,75071,57223,14525,3323
"2021-01-28","JAWA TENGAH",0,486,-514,28,75071,57709,14011,3351
"2021-01-29","JAWA TENGAH",0,100,-106,6,75071,57809,13905,3357
"2021-01-30","JAWA TENGAH",0,57,-61,4,75071,57866,13844,3361
"2021-01-31","JAWA TENGAH",0,70,-80,10,75071,57936,13764,3371
"2021-02-01","JAWA TENGAH",0,780,-790,10,75071,58716,12974,3381
"2021-02-02","JAWA TENGAH",1119,318,792,9,76190,59034,13766,3390
"2021-02-03","JAWA TENGAH",1788,631,1155,2,77978,59665,14921,3392
"2021-02-04","JAWA TENGAH",1776,289,1421,66,79754,59954,16342,3458
"2021-02-05","JAWA TENGAH",1888,366,1510,12,81642,60320,17852,3470
"2021-02-06","JAWA TENGAH",1601,96,1500,5,83243,60416,19352,3475
"2021-02-07","JAWA TENGAH",1062,59,1003,0,84305,60475,20355,3475
"2021-02-08","JAWA TENGAH",0,437,-442,5,84305,60912,19913,3480
"2021-02-09","JAWA TENGAH",0,446,-484,38,84305,61358,19429,3518
"2021-02-10","JAWA TENGAH",0,766,-770,4,84305,62124,18659,3522
"2021-02-11","JAWA TENGAH",0,468,-479,11,84305,62592,18180,3533
"2021-02-12","JAWA TENGAH",0,52,-61,9,84305,62644,18119,3542
"2021-02-13","JAWA TENGAH",0,334,-342,8,84305,62978,17777,3550
"2021-02-14","JAWA TENGAH",0,40,-41,1,84305,63018,17736,3551
"2021-02-15","JAWA TENGAH",0,189,-195,6,84305,63207,17541,3557
"2021-02-16","JAWA TENGAH",0,3,-33,30,84305,63210,17508,3587
"2021-02-17","JAWA TENGAH",0,36,-40,4,84305,63246,17468,3591
"2021-02-18","JAWA TENGAH",0,238,-239,1,84305,63484,17229,3592
"2021-02-19","JAWA TENGAH",0,227,-230,3,84305,63711,16999,3595
"2021-02-20","JAWA TENGAH",0,191,-194,3,84305,63902,16805,3598
"2021-02-21","JAWA TENGAH",0,8,-8,0,84305,63910,16797,3598
"2021-02-22","JAWA TENGAH",1048,234,812,2,85353,64144,17609,3600
"2021-02-23","JAWA TENGAH",830,331,470,29,86183,64475,18079,3629
"2021-02-24","JAWA TENGAH",1263,140,1083,40,87446,64615,19162,3669
"2021-02-25","JAWA TENGAH",825,313,467,45,88271,64928,19629,3714
"2021-02-26","JAWA TENGAH",659,540,21,98,88930,65468,19650,3812
"2021-02-27","JAWA TENGAH",633,942,-339,30,89563,66410,19311,3842
"2021-02-28","JAWA TENGAH",310,1212,-913,11,89873,67622,18398,3853
"2021-03-01","JAWA TENGAH",659,385,258,16,90532,68007,18656,3869
"2021-03-02","JAWA TENGAH",0,503,-520,17,90532,68510,18136,3886
"2021-03-03","JAWA TENGAH",0,521,-531,10,90532,69031,17605,3896
"2021-03-04","JAWA TENGAH",0,369,-378,9,90532,69400,17227,3905
"2021-03-05","JAWA TENGAH",0,158,-163,5,90532,69558,17064,3910
"2021-03-06","JAWA TENGAH",0,36,-39,3,90532,69594,17025,3913
"2021-03-07","JAWA TENGAH",0,153,-154,1,90532,69747,16871,3914
"2021-03-08","JAWA TENGAH",0,1153,-1178,25,90532,70900,15693,3939
"2021-03-09","JAWA TENGAH",0,500,-519,19,90532,71400,15174,3958
"2021-03-10","JAWA TENGAH",0,365,-385,20,90532,71765,14789,3978
"2021-03-11","JAWA TENGAH",0,188,-191,3,90532,71953,14598,3981
"2021-03-12","JAWA TENGAH",0,245,-249,4,90532,72198,14349,3985
"2021-03-13","JAWA TENGAH",0,52,-56,4,90532,72250,14293,3989
"2021-03-14","JAWA TENGAH",144,35,107,2,90676,72285,14400,3991
"2021-03-15","JAWA TENGAH",657,194,454,9,91333,72479,14854,4000
"2021-03-16","JAWA TENGAH",563,803,-256,16,91896,73282,14598,4016
"2021-03-17","JAWA TENGAH",598,340,246,12,92494,73622,14844,4028
"2021-03-18","JAWA TENGAH",659,376,256,27,93153,73998,15100,4055
"2021-03-19","JAWA TENGAH",611,493,115,3,93764,74491,15215,4058
"2021-03-20","JAWA TENGAH",221,156,57,8,93985,74647,15272,4066
"2021-03-21","JAWA TENGAH",102,83,15,4,94087,74730,15287,4070
"2021-03-22","JAWA TENGAH",740,442,282,16,94827,75172,15569,4086
"2021-03-23","JAWA TENGAH",734,565,154,15,95561,75737,15723,4101
"2021-03-24","JAWA TENGAH",403,496,-109,16,95964,76233,15614,4117
"2021-03-25","JAWA TENGAH",0,266,-274,8,95964,76499,15340,4125
"2021-03-26","JAWA TENGAH",0,260,-266,6,95964,76759,15074,4131
"2021-03-27","JAWA TENGAH",0,4,-9,5,95964,76763,15065,4136
"2021-03-28","JAWA TENGAH",0,1,-2,1,95964,76764,15063,4137
"2021-03-29","JAWA TENGAH",0,414,-434,20,95964,77178,14629,4157
"2021-03-30","JAWA TENGAH",0,543,-551,8,95964,77721,14078,4165
"2021-03-31","JAWA TENGAH",0,241,-248,7,95964,77962,13830,4172
"2021-04-01","JAWA TENGAH",0,283,-290,7,95964,78245,13540,4179
"2021-04-02","JAWA TENGAH",0,120,-129,9,95964,78365,13411,4188
"2021-04-03","JAWA TENGAH",270,44,224,2,96234,78409,13635,4190
"2021-04-04","JAWA TENGAH",198,11,168,19,96432,78420,13803,4209
"2021-04-05","JAWA TENGAH",499,756,-296,39,96931,79176,13507,4248
"2021-04-06","JAWA TENGAH",594,166,426,2,97525,79342,13933,4250
"2021-04-07","JAWA TENGAH",535,487,44,4,98060,79829,13977,4254
"2021-04-08","JAWA TENGAH",798,1655,-883,26,98858,81484,13094,4280
"2021-04-09","JAWA TENGAH",570,1730,-1183,23,99428,83214,11911,4303
"2021-04-10","JAWA TENGAH",281,83,198,0,99709,83297,12109,4303
"2021-04-11","JAWA TENGAH",206,22,181,3,99915,83319,12290,4306
"2021-04-12","JAWA TENGAH",741,214,516,11,100656,83533,12806,4317
"2021-04-13","JAWA TENGAH",860,562,288,10,101516,84095,13094,4327
"2021-04-14","JAWA TENGAH",717,1214,-510,13,102233,85309,12584,4340
"2021-04-15","JAWA TENGAH",0,1811,-1837,26,102233,87120,10747,4366
"2021-04-16","JAWA TENGAH",0,1338,-1359,21,102233,88458,9388,4387
"2021-04-17","JAWA TENGAH",0,338,-340,2,102233,88796,9048,4389
"2021-04-18","JAWA TENGAH",0,90,-92,2,102233,88886,8956,4391
"2021-04-19","JAWA TENGAH",0,419,-422,3,102233,89305,8534,4394
"2021-04-20","JAWA TENGAH",0,1152,-1184,32,102233,90457,7350,4426
"2021-04-21","JAWA TENGAH",0,404,-426,22,102233,90861,6924,4448
"2021-04-22","JAWA TENGAH",0,154,-187,33,102233,91015,6737,4481
"2021-04-23","JAWA TENGAH",376,783,-408,1,102609,91798,6329,4482
"2021-04-24","JAWA TENGAH",319,581,-266,4,102928,92379,6063,4486
"2021-04-25","JAWA TENGAH",247,306,-59,0,103175,92685,6004,4486
"2021-04-26","JAWA TENGAH",646,129,493,24,103821,92814,6497,4510
"2021-04-27","JAWA TENGAH",356,128,221,7,104177,92942,6718,4517
"2021-04-28","JAWA TENGAH",227,296,-89,20,104404,93238,6629,4537
"2021-04-29","JAWA TENGAH",585,1285,-714,14,104989,94523,5915,4551
"2021-04-30","JAWA TENGAH",405,735,-354,24,105394,95258,5561,4575
"2021-05-01","JAWA TENGAH",202,163,37,2,105596,95421,5598,4577
"2021-05-02","JAWA TENGAH",178,75,97,6,105774,95496,5695,4583
"2021-05-03","JAWA TENGAH",540,480,42,18,106314,95976,5737,4601
"2021-05-04","JAWA TENGAH",382,511,-140,11,106696,96487,5597,4612
"2021-05-05","JAWA TENGAH",0,469,-493,24,106696,96956,5104,4636
"2021-05-06","JAWA TENGAH",0,225,-228,3,106696,97181,4876,4639
"2021-05-07","JAWA TENGAH",0,423,-429,6,106696,97604,4447,4645
"2021-05-08","JAWA TENGAH",0,34,-54,20,106696,97638,4393,4665
"2021-05-09","JAWA TENGAH",0,117,-156,39,106696,97755,4237,4704
"2021-05-10","JAWA TENGAH",0,404,-435,31,106696,98159,3802,4735
"2021-05-11","JAWA TENGAH",0,295,-323,28,106696,98454,3479,4763
"2021-05-12","JAWA TENGAH",0,30,-31,1,106696,98484,3448,4764
"2021-05-13","JAWA TENGAH",480,75,405,0,107176,98559,3853,4764
"2021-05-14","JAWA TENGAH",165,133,13,19,107341,98692,3866,4783
"2021-05-15","JAWA TENGAH",251,94,129,28,107592,98786,3995,4811
"2021-05-16","JAWA TENGAH",349,261,76,12,107941,99047,4071,4823
"2021-05-17","JAWA TENGAH",689,511,145,33,108630,99558,4216,4856
"2021-05-18","JAWA TENGAH",575,298,265,12,109205,99856,4481,4868
"2021-05-19","JAWA TENGAH",415,80,308,27,109620,99936,4789,4895
"2021-05-20","JAWA TENGAH",576,184,350,42,110196,100120,5139,4937
"2021-05-21","JAWA TENGAH",672,91,564,17,110868,100211,5703,4954
"2021-05-22","JAWA TENGAH",514,85,404,25,111382,100296,6107,4979
"2021-05-23","JAWA TENGAH",367,35,331,1,111749,100331,6438,4980
"2021-05-24","JAWA TENGAH",933,403,519,11,112682,100734,6957,4991
"2021-05-25","JAWA TENGAH",712,254,435,23,113394,100988,7392,5014
"2021-05-26","JAWA TENGAH",550,93,436,21,113944,101081,7828,5035
"2021-05-27","JAWA TENGAH",0,180,-184,4,113944,101261,7644,5039
"2021-05-28","JAWA TENGAH",0,465,-499,34,113944,101726,7145,5073
"2021-05-29","JAWA TENGAH",0,572,-582,10,113944,102298,6563,5083
"2021-05-30","JAWA TENGAH",0,219,-225,6,113944,102517,6338,5089
"2021-05-31","JAWA TENGAH",0,452,-459,7,113944,102969,5879,5096
"2021-06-01","JAWA TENGAH",0,69,-80,11,113944,103038,5799,5107
"2021-06-02","JAWA TENGAH",803,119,675,9,114747,103157,6474,5116
"2021-06-03","JAWA TENGAH",747,211,518,18,115494,103368,6992,5134
"2021-06-04","JAWA TENGAH",955,341,576,38,116449,103709,7568,5172
"2021-06-05","JAWA TENGAH",1090,79,1002,9,117539,103788,8570,5181
"2021-06-06","JAWA TENGAH",886,384,469,33,118425,104172,9039,5214
"2021-06-07","JAWA TENGAH",1596,764,814,18,120021,104936,9853,5232
"2021-06-08","JAWA TENGAH",1606,351,1228,27,121627,105287,11081,5259
"2021-06-09","JAWA TENGAH",1588,381,1195,12,123215,105668,12276,5271
"2021-06-10","JAWA TENGAH",1718,321,1360,37,124933,105989,13636,5308
"2021-06-11","JAWA TENGAH",0,587,-605,18,124933,106576,13031,5326
"2021-06-12","JAWA TENGAH",1,108,-114,7,124934,106684,12917,5333
"2021-06-13","JAWA TENGAH",0,154,-156,2,124934,106838,12761,5335
"2021-06-14","JAWA TENGAH",0,420,-457,37,124934,107258,12304,5372
"2021-06-15","JAWA TENGAH",1,747,-757,11,124935,108005,11547,5383
"2021-06-16","JAWA TENGAH",3,531,-543,15,124938,108536,11004,5398
"2021-06-17","JAWA TENGAH",4,737,-780,47,124942,109273,10224,5445
"2021-06-18","JAWA TENGAH",0,397,-411,14,124942,109670,9813,5459
"2021-06-19","JAWA TENGAH",2,90,-111,23,124944,109760,9702,5482
"2021-06-20","JAWA TENGAH",0,35,-63,28,124944,109795,9639,5510
"2021-06-21","JAWA TENGAH",2,1340,-1351,13,124946,111135,8288,5523
"2021-06-22","JAWA TENGAH",2418,814,1595,9,127364,111949,9883,5532
"2021-06-23","JAWA TENGAH",2329,1026,1295,8,129693,112975,11178,5540
"2021-06-24","JAWA TENGAH",3061,289,2758,14,132754,113264,13936,5554
"2021-06-25","JAWA TENGAH",1649,560,1065,24,134403,113824,15001,5578
"2021-06-26","JAWA TENGAH",1,243,-244,2,134404,114067,14757,5580
"2021-06-27","JAWA TENGAH",0,74,-100,26,134404,114141,14657,5606
"2021-06-28","JAWA TENGAH",2,757,-805,50,134406,114898,13852,5656
"2021-06-29","JAWA TENGAH",0,799,-861,62,134406,115697,12991,5718
"2021-06-30","JAWA TENGAH",0,941,-1003,62,134406,116638,11988,5780
"2021-07-01","JAWA TENGAH",1,824,-868,45,134407,117462,11120,5825
"2021-07-02","JAWA TENGAH",0,837,-906,69,134407,118299,10214,5894
"2021-07-03","JAWA TENGAH",1,298,-315,18,134408,118597,9899,5912
"2021-07-04","JAWA TENGAH",3050,348,2648,54,137458,118945,12547,5966
"2021-07-05","JAWA TENGAH",3376,669,2618,89,140834,119614,15165,6055
"2021-07-06","JAWA TENGAH",3840,493,3181,166,144674,120107,18346,6221
"2021-07-07","JAWA TENGAH",3947,1111,2567,269,148621,121218,20913,6490
"2021-07-08","JAWA TENGAH",4227,962,3121,144,152848,122180,24034,6634
"2021-07-09","JAWA TENGAH",4607,1313,3147,147,157455,123493,27181,6781
"2021-07-10","JAWA TENGAH",3758,720,2895,143,161213,124213,30076,6924
"2021-07-11","JAWA TENGAH",2350,1501,713,136,163563,125714,30789,7060
"2021-07-12","JAWA TENGAH",2872,1269,1457,146,166435,126983,32246,7206
"2021-07-13","JAWA TENGAH",3,1090,-1171,84,166438,128073,31075,7290
"2021-07-14","JAWA TENGAH",1,1065,-1150,86,166439,129138,29925,7376
"2021-07-15","JAWA TENGAH",1,1280,-1381,102,166440,130418,28544,7478
"2021-07-16","JAWA TENGAH",1,1214,-1302,89,166441,131632,27242,7567
"2021-07-17","JAWA TENGAH",5018,1171,3688,159,171459,132803,30930,7726
"2021-07-18","JAWA TENGAH",4513,2784,1585,144,175972,135587,32515,7870
"2021-07-19","JAWA TENGAH",4115,2112,1775,228,180087,137699,34290,8098
"2021-07-20","JAWA TENGAH",3420,3321,-118,217,183507,141020,34172,8315
"2021-07-21","JAWA TENGAH",4296,2290,1688,318,187803,143310,35860,8633
"2021-07-22","JAWA TENGAH",5390,5015,42,333,193193,148325,35902,8966
"2021-07-23","JAWA TENGAH",4413,3042,1012,359,197606,151367,36914,9325
"2021-07-24","JAWA TENGAH",5452,3599,1585,268,203058,154966,38499,9593
"2021-07-25","JAWA TENGAH",5657,2096,3322,239,208715,157062,41821,9832
"2021-07-26","JAWA TENGAH",3985,3481,250,254,212700,160543,42071,10086
"2021-07-27","JAWA TENGAH",5073,3657,1040,376,217773,164200,43111,10462
"2021-07-28","JAWA TENGAH",6655,3772,2505,378,224428,167972,45616,10840
"2021-07-29","JAWA TENGAH",4209,4634,-876,451,228637,172606,44740,11291
"2021-07-30","JAWA TENGAH",4443,3449,711,283,233080,176055,45451,11574
"2021-07-31","JAWA TENGAH",4717,3867,558,292,237797,179922,46009,11866
"2021-08-01","JAWA TENGAH",4035,4203,-582,414,241832,184125,45427,12280
"2021-08-02","JAWA TENGAH",2654,2982,-574,246,244486,187107,44853,12526
"2021-08-03","JAWA TENGAH",1,2500,-2717,218,244487,189607,42136,12744
"2021-08-04","JAWA TENGAH",2,3723,-3974,253,244489,193330,38162,12997
"2021-08-05","JAWA TENGAH",43,3711,-3805,137,244532,197041,34357,13134
"2021-08-06","JAWA TENGAH",58,3681,-3778,155,244590,200722,30579,13289
"2021-08-07","JAWA TENGAH",25,2738,-2915,202,244615,203460,27664,13491
"2021-08-08","JAWA TENGAH",16,2784,-2891,123,244631,206244,24773,13614
"2021-08-09","JAWA TENGAH",4200,4709,-829,320,248831,210953,23944,13934
"2021-08-10","JAWA TENGAH",4564,5003,-808,369,253395,215956,23136,14303
"2021-08-11","JAWA TENGAH",4981,5653,-952,280,258376,221609,22184,14583
"2021-08-12","JAWA TENGAH",5299,6079,-1095,315,263675,227688,21089,14898
"2021-08-13","JAWA TENGAH",4220,2536,1309,375,267895,230224,22398,15273
"2021-08-14","JAWA TENGAH",4561,4607,-361,315,272456,234831,22037,15588
"2021-08-15","JAWA TENGAH",4137,2998,856,283,276593,237829,22893,15871
"2021-08-16","JAWA TENGAH",3800,2940,528,332,280393,240769,23421,16203
"2021-08-17","JAWA TENGAH",3263,3905,-899,257,283656,244674,22522,16460
"2021-08-18","JAWA TENGAH",3072,2381,433,258,286728,247055,22955,16718
"2021-08-19","JAWA TENGAH",1438,1400,-273,311,288166,248455,22682,17029
"2021-08-20","JAWA TENGAH",1438,1085,107,246,289604,249540,22789,17275
"2021-08-21","JAWA TENGAH",1243,1223,-249,269,290847,250763,22540,17544
"2021-08-22","JAWA TENGAH",820,1199,-605,226,291667,251962,21935,17770
"2021-08-23","JAWA TENGAH",1,712,-789,78,291668,252674,21146,17848
"2021-08-24","JAWA TENGAH",3,649,-710,64,291671,253323,20436,17912
"2021-08-25","JAWA TENGAH",0,1405,-1475,70,291671,254728,18961,17982
"2021-08-26","JAWA TENGAH",0,1091,-1135,44,291671,255819,17826,18026
"2021-08-27","JAWA TENGAH",2,927,-950,25,291673,256746,16876,18051
"2021-08-28","JAWA TENGAH",2,511,-526,17,291675,257257,16350,18068
"2021-08-29","JAWA TENGAH",3,1036,-1050,17,291678,258293,15300,18085
"2021-08-30","JAWA TENGAH",3,598,-607,12,291681,258891,14693,18097
"2021-08-31","JAWA TENGAH",1,667,-675,9,291682,259558,14018,18106
"2021-09-01","JAWA TENGAH",958,778,43,137,292640,260336,14061,18243
"2021-09-02","JAWA TENGAH",1134,3594,-2627,167,293774,263930,11434,18410
"2021-09-03","JAWA TENGAH",727,651,-18,94,294501,264581,11416,18504
"2021-09-04","JAWA TENGAH",512,184,266,62,295013,264765,11682,18566
"2021-09-05","JAWA TENGAH",625,422,133,70,295638,265187,11815,18636
"2021-09-06","JAWA TENGAH",751,449,248,54,296389,265636,12063,18690
"2021-09-07","JAWA TENGAH",964,602,281,81,297353,266238,12344,18771
"2021-09-08","JAWA TENGAH",710,589,10,111,298063,266827,12354,18882
"2021-09-09","JAWA TENGAH",534,357,122,55,298597,267184,12476,18937
"2021-09-10","JAWA TENGAH",505,442,20,43,299102,267626,12496,18980
"2021-09-11","JAWA TENGAH",294,278,-10,26,299396,267904,12486,19006
"2021-09-12","JAWA TENGAH",168,708,-552,12,299564,268612,11934,19018
"2021-09-13","JAWA TENGAH",353,1936,-1611,28,299917,270548,10323,19046
"2021-09-14","JAWA TENGAH",339,1006,-711,44,300256,271554,9612,19090
"2021-09-15","JAWA TENGAH",332,970,-670,32,300588,272524,8942,19122
"2021-09-16","JAWA TENGAH",293,1892,-1636,37,300881,274416,7306,19159
"2021-09-17","JAWA TENGAH",265,1866,-1631,30,301146,276282,5675,19189
"2021-09-18","JAWA TENGAH",298,356,-91,33,301444,276638,5584,19222
"2021-09-19","JAWA TENGAH",218,1035,-827,10,301662,277673,4757,19232
"2021-09-20","JAWA TENGAH",332,1734,-1419,17,301994,279407,3338,19249
"2021-09-21","JAWA TENGAH",245,314,-89,20,302239,279721,3249,19269
"2021-09-22","JAWA TENGAH",190,257,-80,13,302429,279978,3169,19282
"2021-09-23","JAWA TENGAH",333,240,78,15,302762,280218,3247,19297
"2021-09-24","JAWA TENGAH",285,225,45,15,303047,280443,3292,19312
"2021-09-25","JAWA TENGAH",5,196,-201,10,303052,280639,3091,19322
"2021-09-26","JAWA TENGAH",0,172,-175,3,303052,280811,2916,19325
"2021-09-27","JAWA TENGAH",2,224,-229,7,303054,281035,2687,19332
"2021-09-28","JAWA TENGAH",2,233,-243,12,303056,281268,2444,19344
"2021-09-29","JAWA TENGAH",0,148,-155,7,303056,281416,2289,19351
"2021-09-30","JAWA TENGAH",144,234,-108,18,303200,281650,2181,19369
"2021-10-01","JAWA TENGAH",1,126,-132,7,303201,281776,2049,19376
"2021-10-02","JAWA TENGAH",105,94,6,5,303306,281870,2055,19381
"2021-10-03","JAWA TENGAH",46,160,-117,3,303352,282030,1938,19384
"2021-10-04","JAWA TENGAH",86,262,-180,4,303438,282292,1758,19388
"2021-10-05","JAWA TENGAH",91,82,1,8,303529,282374,1759,19396
"2021-10-06","JAWA TENGAH",166,89,69,8,303695,282463,1828,19404
"2021-10-07","JAWA TENGAH",159,61,92,6,303854,282524,1920,19410
"2021-10-08","JAWA TENGAH",144,62,73,9,303998,282586,1993,19419
"2021-10-09","JAWA TENGAH",145,50,90,5,304143,282636,2083,19424
"2021-10-10","JAWA TENGAH",82,33,45,4,304225,282669,2128,19428
"2021-10-11","JAWA TENGAH",96,102,-21,15,304321,282771,2107,19443
"2021-10-12","JAWA TENGAH",151,109,36,6,304472,282880,2143,19449
"2021-10-13","JAWA TENGAH",116,395,-285,6,304588,283275,1858,19455
"2021-10-14","JAWA TENGAH",156,122,28,6,304744,283397,1886,19461
"2021-10-15","JAWA TENGAH",86,125,-43,4,304830,283522,1843,19465
"2021-10-16","JAWA TENGAH",114,71,37,6,304944,283593,1880,19471
"2021-10-17","JAWA TENGAH",87,86,0,1,305031,283679,1880,19472
"2021-10-18","JAWA TENGAH",63,204,-150,9,305094,283883,1730,19481
"2021-10-19","JAWA TENGAH",99,116,-26,9,305193,283999,1704,19490
"2021-10-20","JAWA TENGAH",1,58,-58,1,305194,284057,1646,19491
"2021-10-21","JAWA TENGAH",2,107,-114,9,305196,284164,1532,19500
"2021-10-22","JAWA TENGAH",89,91,-10,8,305285,284255,1522,19508
"2021-10-23","JAWA TENGAH",150,102,46,2,305435,284357,1568,19510
"2021-10-24","JAWA TENGAH",57,132,-80,5,305492,284489,1488,19515
"2021-10-25","JAWA TENGAH",44,104,-68,8,305536,284593,1420,19523
"2021-10-26","JAWA TENGAH",91,92,-6,5,305627,284685,1414,19528
"2021-10-27","JAWA TENGAH",118,68,45,5,305745,284753,1459,19533
"2021-10-28","JAWA TENGAH",88,65,17,6,305833,284818,1476,19539
"2021-10-29","JAWA TENGAH",73,75,-9,7,305906,284893,1467,19546
"2021-10-30","JAWA TENGAH",65,51,10,4,305971,284944,1477,19550
"2021-10-31","JAWA TENGAH",54,33,17,4,306025,284977,1494,19554
"2021-11-01","JAWA TENGAH",65,85,-26,6,306090,285062,1468,19560
"2021-11-02","JAWA TENGAH",65,96,-38,7,306155,285158,1430,19567
"2021-11-03","JAWA TENGAH",80,78,2,0,306235,285236,1432,19567
"2021-11-04","JAWA TENGAH",52,165,-115,2,306287,285401,1317,19569
"2021-11-05","JAWA TENGAH",57,81,-28,4,306344,285482,1289,19573
"2021-11-06","JAWA TENGAH",51,40,10,1,306395,285522,1299,19574
"2021-11-07","JAWA TENGAH",37,35,1,1,306432,285557,1300,19575
"2021-11-08","JAWA TENGAH",23,77,-57,3,306455,285634,1243,19578
"2021-11-09","JAWA TENGAH",0,76,-79,3,306455,285710,1164,19581
"2021-11-10","JAWA TENGAH",58,57,1,0,306513,285767,1165,19581
"2021-11-11","JAWA TENGAH",73,68,3,2,306586,285835,1168,19583
"2021-11-12","JAWA TENGAH",47,41,3,3,306633,285876,1171,19586
"2021-11-13","JAWA TENGAH",42,18,23,1,306675,285894,1194,19587
"2021-11-14","JAWA TENGAH",30,39,-11,2,306705,285933,1183,19589
"2021-11-15","JAWA TENGAH",27,56,-33,4,306732,285989,1150,19593
"2021-11-16","JAWA TENGAH",26,90,-68,4,306758,286079,1082,19597
"2021-11-17","JAWA TENGAH",38,48,-13,3,306796,286127,1069,19600
"2021-11-18","JAWA TENGAH",25,59,-36,2,306821,286186,1033,19602
"2021-11-19","JAWA TENGAH",34,28,6,0,306855,286214,1039,19602
"2021-11-20","JAWA TENGAH",55,31,19,5,306910,286245,1058,19607
"2021-11-21","JAWA TENGAH",20,23,-5,2,306930,286268,1053,19609
"2021-11-22","JAWA TENGAH",14,48,-34,0,306944,286316,1019,19609
"2021-11-23","JAWA TENGAH",40,47,-10,3,306984,286363,1009,19612
"2021-11-24","JAWA TENGAH",53,23,28,2,307037,286386,1037,19614
"2021-11-25","JAWA TENGAH",45,53,-16,8,307082,286439,1021,19622
"2021-11-26","JAWA TENGAH",43,19,21,3,307125,286458,1042,19625
"2021-11-27","JAWA TENGAH",48,32,13,3,307173,286490,1055,19628
"2021-11-28","JAWA TENGAH",33,26,7,0,307206,286516,1062,19628
"2021-11-29","JAWA TENGAH",0,45,-46,1,307206,286561,1016,19629
"2021-11-30","JAWA TENGAH",35,28,6,1,307241,286589,1022,19630
"2021-12-01","JAWA TENGAH",20,15,0,5,307261,286604,1022,19635
"2021-12-02","JAWA TENGAH",30,34,-8,4,307291,286638,1014,19639
"2021-12-03","JAWA TENGAH",23,34,-12,1,307314,286672,1002,19640
"2021-12-04","JAWA TENGAH",36,21,15,0,307350,286693,1017,19640
"2021-12-05","JAWA TENGAH",12,35,-24,1,307362,286728,993,19641
"2021-12-06","JAWA TENGAH",8,44,-36,0,307370,286772,957,19641
"2021-12-07","JAWA TENGAH",17,38,-24,3,307387,286810,933,19644
"2021-12-08","JAWA TENGAH",36,45,-15,6,307423,286855,918,19650
"2021-12-09","JAWA TENGAH",16,39,-26,3,307439,286894,892,19653
"2021-12-10","JAWA TENGAH",19,37,-19,1,307458,286931,873,19654
"2021-12-11","JAWA TENGAH",18,7,8,3,307476,286938,881,19657
"2021-12-12","JAWA TENGAH",10,26,-16,0,307486,286964,865,19657
"2021-12-13","JAWA TENGAH",12,27,-19,4,307498,286991,846,19661
"2021-12-14","JAWA TENGAH",16,32,-17,1,307514,287023,829,19662
"2021-12-15","JAWA TENGAH",29,32,-8,5,307543,287055,821,19667
"2021-12-16","JAWA TENGAH",23,26,-5,2,307566,287081,816,19669
"2021-12-17","JAWA TENGAH",21,19,1,1,307587,287100,817,19670
"2021-12-18","JAWA TENGAH",17,11,6,0,307604,287111,823,19670
"2021-12-19","JAWA TENGAH",5,0,5,0,307609,287111,828,19670
"2021-12-20","JAWA TENGAH",0,34,-36,2,307609,287145,792,19672
"2021-12-21","JAWA TENGAH",25,11,11,3,307634,287156,803,19675
"2021-12-22","JAWA TENGAH",17,26,-11,2,307651,287182,792,19677
"2021-12-23","JAWA TENGAH",22,25,-8,5,307673,287207,784,19682
"2021-12-24","JAWA TENGAH",13,15,-4,2,307686,287222,780,19684
"2021-12-25","JAWA TENGAH",18,8,8,2,307704,287230,788,19686
"2021-12-26","JAWA TENGAH",4,12,-8,0,307708,287242,780,19686
"2021-12-27","JAWA TENGAH",8,11,-7,4,307716,287253,773,19690
"2021-12-28","JAWA TENGAH",15,8,7,0,307731,287261,780,19690
"2021-12-29","JAWA TENGAH",8,10,-4,2,307739,287271,776,19692
"2021-12-30","JAWA TENGAH",17,31,-15,1,307756,287302,761,19693
"2021-12-31","JAWA TENGAH",9,8,1,0,307765,287310,762,19693
"2022-01-01","JAWA TENGAH",6,8,-2,0,307771,287318,760,19693
"2022-01-02","JAWA TENGAH",4,5,-1,0,307775,287323,759,19693
"2022-01-03","JAWA TENGAH",8,13,-5,0,307783,287336,754,19693
"2022-01-04","JAWA TENGAH",10,18,-9,1,307793,287354,745,19694
"2022-01-05","JAWA TENGAH",24,5,19,0,307817,287359,764,19694
"2022-01-06","JAWA TENGAH",10,14,-6,2,307827,287373,758,19696
"2022-01-07","JAWA TENGAH",28,11,16,1,307855,287384,774,19697
"2022-01-08","JAWA TENGAH",0,15,-16,1,307855,287399,758,19698
"2022-01-09","JAWA TENGAH",8,5,3,0,307863,287404,761,19698
"2022-01-10","JAWA TENGAH",9,14,-5,0,307872,287418,756,19698
"2022-01-11","JAWA TENGAH",11,7,4,0,307883,287425,760,19698
"2022-01-12","JAWA TENGAH",21,8,13,0,307904,287433,773,19698
"2022-01-13","JAWA TENGAH",19,8,10,1,307923,287441,783,19699
"2022-01-14","JAWA TENGAH",10,5,4,1,307933,287446,787,19700
"2022-01-15","JAWA TENGAH",5,4,1,0,307938,287450,788,19700
"2022-01-16","JAWA TENGAH",16,6,9,1,307954,287456,797,19701
"2022-01-17","JAWA TENGAH",5,7,-3,1,307959,287463,794,19702
"2022-01-18","JAWA TENGAH",17,30,-14,1,307976,287493,780,19703
"2022-01-19","JAWA TENGAH",29,18,10,1,308005,287511,790,19704
"2022-01-20","JAWA TENGAH",31,9,19,3,308036,287520,809,19707
"2022-01-21","JAWA TENGAH",24,10,13,1,308060,287530,822,19708
"2022-01-22","JAWA TENGAH",42,7,35,0,308102,287537,857,19708
"2022-01-23","JAWA TENGAH",40,15,24,1,308142,287552,881,19709
"2022-01-24","JAWA TENGAH",21,11,7,3,308163,287563,888,19712
"2022-01-25","JAWA TENGAH",85,21,64,0,308248,287584,952,19712
"2022-01-26","JAWA TENGAH",111,12,98,1,308359,287596,1050,19713
"2022-01-27","JAWA TENGAH",136,23,111,2,308495,287619,1161,19715
"2022-01-28","JAWA TENGAH",1,20,-19,0,308496,287639,1142,19715
"2022-01-29","JAWA TENGAH",228,19,209,0,308724,287658,1351,19715
"2022-01-30","JAWA TENGAH",202,16,185,1,308926,287674,1536,19716
"2022-01-31","JAWA TENGAH",195,29,166,0,309121,287703,1702,19716
"2022-02-01","JAWA TENGAH",331,36,292,3,309452,287739,1994,19719
"2022-02-02","JAWA TENGAH",387,57,326,4,309839,287796,2320,19723
"2022-02-03","JAWA TENGAH",610,92,514,4,310449,287888,2834,19727
"2022-02-04","JAWA TENGAH",830,101,725,4,311279,287989,3559,19731
"2022-02-05","JAWA TENGAH",1028,70,955,3,312307,288059,4514,19734
"2022-02-06","JAWA TENGAH",1159,98,1060,1,313466,288157,5574,19735
"2022-02-07","JAWA TENGAH",888,170,708,10,314354,288327,6282,19745
"2022-02-08","JAWA TENGAH",1419,242,1169,8,315773,288569,7451,19753
"2022-02-09","JAWA TENGAH",2005,331,1668,6,317778,288900,9119,19759
"2022-02-10","JAWA TENGAH",2387,388,1990,9,320165,289288,11109,19768
"2022-02-11","JAWA TENGAH",2651,666,1973,12,322816,289954,13082,19780
"2022-02-12","JAWA TENGAH",3100,719,2362,19,325916,290673,15444,19799
"2022-02-13","JAWA TENGAH",3250,894,2344,12,329166,291567,17788,19811
"2022-02-14","JAWA TENGAH",2365,1125,1218,22,331531,292692,19006,19833
"2022-02-15","JAWA TENGAH",3514,1207,2287,20,335045,293899,21293,19853
"2022-02-16","JAWA TENGAH",4991,1776,3192,23,340036,295675,24485,19876
"2022-02-17","JAWA TENGAH",4671,1618,3021,32,344707,297293,27506,19908
"2022-02-18","JAWA TENGAH",5905,1819,4037,49,350612,299112,31543,19957
"2022-02-19","JAWA TENGAH",5225,1430,3769,26,355837,300542,35312,19983
"2022-02-20","JAWA TENGAH",4282,2152,2110,20,360119,302694,37422,20003
"2022-02-21","JAWA TENGAH",3439,2816,586,37,363558,305510,38008,20040
"2022-02-22","JAWA TENGAH",4219,3272,883,64,367777,308782,38891,20104
"2022-02-23","JAWA TENGAH",5418,3250,2116,52,373195,312032,41007,20156
"2022-02-24","JAWA TENGAH",6021,3183,2790,48,379216,315215,43797,20204
"2022-02-25","JAWA TENGAH",4927,3656,1204,67,384143,318871,45001,20271
"2022-02-26","JAWA TENGAH",5624,2804,2753,67,389767,321675,47754,20338
"2022-02-27","JAWA TENGAH",4541,3812,683,46,394308,325487,48437,20384
"2022-02-28","JAWA TENGAH",2904,4364,-1492,32,397212,329851,46945,20416
"2022-03-01","JAWA TENGAH",2340,4541,-2266,65,399552,334392,44679,20481
"2022-03-02","JAWA TENGAH",3890,5117,-1328,101,403442,339509,43351,20582
"2022-03-03","JAWA TENGAH",3244,2893,306,45,406686,342402,43657,20627
"2022-03-04","JAWA TENGAH",3324,4411,-1183,96,410010,346813,42474,20723
"2022-03-05","JAWA TENGAH",1482,2321,-936,97,411492,349134,41538,20820
"2022-03-06","JAWA TENGAH",2539,4967,-2471,43,414031,354101,39067,20863
"2022-03-07","JAWA TENGAH",4154,4191,-100,63,418185,358292,38967,20926
"2020-08-06","DAERAH ISTIMEWA YOGYAKARTA",18,0,18,0,18,0,18,0
"2020-08-07","DAERAH ISTIMEWA YOGYAKARTA",19,0,19,0,37,0,37,0
"2020-08-08","DAERAH ISTIMEWA YOGYAKARTA",16,0,16,0,53,0,53,0
"2020-08-09","DAERAH ISTIMEWA YOGYAKARTA",8,3,4,1,61,3,57,1
"2020-08-10","DAERAH ISTIMEWA YOGYAKARTA",14,0,13,1,75,3,70,2
"2020-08-11","DAERAH ISTIMEWA YOGYAKARTA",4,6,-2,0,79,9,68,2
"2020-08-12","DAERAH ISTIMEWA YOGYAKARTA",20,1,18,1,99,10,86,3
"2020-08-13","DAERAH ISTIMEWA YOGYAKARTA",11,8,3,0,110,18,89,3
"2020-08-14","DAERAH ISTIMEWA YOGYAKARTA",35,0,33,2,145,18,122,5
"2020-08-15","DAERAH ISTIMEWA YOGYAKARTA",46,3,43,0,191,21,165,5
"2020-08-16","DAERAH ISTIMEWA YOGYAKARTA",33,1,32,0,224,22,197,5
"2020-08-17","DAERAH ISTIMEWA YOGYAKARTA",16,1,15,0,240,23,212,5
"2020-08-18","DAERAH ISTIMEWA YOGYAKARTA",18,8,9,1,258,31,221,6
"2020-08-19","DAERAH ISTIMEWA YOGYAKARTA",31,5,26,0,289,36,247,6
"2020-08-20","DAERAH ISTIMEWA YOGYAKARTA",48,7,39,2,337,43,286,8
"2020-08-21","DAERAH ISTIMEWA YOGYAKARTA",25,5,19,1,362,48,305,9
"2020-08-22","DAERAH ISTIMEWA YOGYAKARTA",15,14,0,1,377,62,305,10
"2020-08-23","DAERAH ISTIMEWA YOGYAKARTA",15,17,-2,0,392,79,303,10
"2020-08-24","DAERAH ISTIMEWA YOGYAKARTA",14,17,-4,1,406,96,299,11
"2020-08-25","DAERAH ISTIMEWA YOGYAKARTA",41,8,33,0,447,104,332,11
"2020-08-26","DAERAH ISTIMEWA YOGYAKARTA",16,30,-16,2,463,134,316,13
"2020-08-27","DAERAH ISTIMEWA YOGYAKARTA",42,30,12,0,505,164,328,13
"2020-08-28","DAERAH ISTIMEWA YOGYAKARTA",20,24,-4,0,525,188,324,13
"2020-08-29","DAERAH ISTIMEWA YOGYAKARTA",47,20,26,1,572,208,350,14
"2020-08-30","DAERAH ISTIMEWA YOGYAKARTA",24,7,17,0,596,215,367,14
"2020-08-31","DAERAH ISTIMEWA YOGYAKARTA",28,46,-20,2,624,261,347,16
"2020-09-01","DAERAH ISTIMEWA YOGYAKARTA",20,9,11,0,644,270,358,16
"2020-09-02","DAERAH ISTIMEWA YOGYAKARTA",29,25,2,2,673,295,360,18
"2020-09-03","DAERAH ISTIMEWA YOGYAKARTA",33,14,17,2,706,309,377,20
"2020-09-04","DAERAH ISTIMEWA YOGYAKARTA",18,20,-3,1,724,329,374,21
"2020-09-05","DAERAH ISTIMEWA YOGYAKARTA",21,19,1,1,745,348,375,22
"2020-09-06","DAERAH ISTIMEWA YOGYAKARTA",11,40,-30,1,756,388,345,23
"2020-09-07","DAERAH ISTIMEWA YOGYAKARTA",14,29,-15,0,770,417,330,23
"2020-09-08","DAERAH ISTIMEWA YOGYAKARTA",24,27,-4,1,794,444,326,24
"2020-09-09","DAERAH ISTIMEWA YOGYAKARTA",50,51,-2,1,844,495,324,25
"2020-09-10","DAERAH ISTIMEWA YOGYAKARTA",50,30,19,1,894,525,343,26
"2020-09-11","DAERAH ISTIMEWA YOGYAKARTA",49,14,34,1,943,539,377,27
"2020-09-12","DAERAH ISTIMEWA YOGYAKARTA",43,12,31,0,986,551,408,27
"2020-09-13","DAERAH ISTIMEWA YOGYAKARTA",49,7,40,2,1035,558,448,29
"2020-09-14","DAERAH ISTIMEWA YOGYAKARTA",33,23,9,1,1068,581,457,30
"2020-09-15","DAERAH ISTIMEWA YOGYAKARTA",26,15,11,0,1094,596,468,30
"2020-09-16","DAERAH ISTIMEWA YOGYAKARTA",48,50,-2,0,1142,646,466,30
"2020-09-17","DAERAH ISTIMEWA YOGYAKARTA",41,20,21,0,1183,666,487,30
"2020-09-18","DAERAH ISTIMEWA YOGYAKARTA",53,31,22,0,1236,697,509,30
"2020-09-19","DAERAH ISTIMEWA YOGYAKARTA",74,20,53,1,1310,717,562,31
"2020-09-20","DAERAH ISTIMEWA YOGYAKARTA",70,15,51,4,1380,732,613,35
"2020-09-21","DAERAH ISTIMEWA YOGYAKARTA",64,37,25,2,1444,769,638,37
"2020-09-22","DAERAH ISTIMEWA YOGYAKARTA",67,35,32,0,1511,804,670,37
"2020-09-23","DAERAH ISTIMEWA YOGYAKARTA",63,56,6,1,1574,860,676,38
"2020-09-24","DAERAH ISTIMEWA YOGYAKARTA",22,17,2,3,1596,877,678,41
"2020-09-25","DAERAH ISTIMEWA YOGYAKARTA",61,25,36,0,1657,902,714,41
"2020-09-26","DAERAH ISTIMEWA YOGYAKARTA",41,40,1,0,1698,942,715,41
"2020-09-27","DAERAH ISTIMEWA YOGYAKARTA",20,26,-7,1,1718,968,708,42
"2020-09-28","DAERAH ISTIMEWA YOGYAKARTA",39,53,-14,0,1757,1021,694,42
"2020-09-29","DAERAH ISTIMEWA YOGYAKARTA",49,59,-12,2,1806,1080,682,44
"2020-09-30","DAERAH ISTIMEWA YOGYAKARTA",36,29,7,0,1842,1109,689,44
"2020-10-01","DAERAH ISTIMEWA YOGYAKARTA",37,49,-14,2,1879,1158,675,46
"2020-10-02","DAERAH ISTIMEWA YOGYAKARTA",20,23,-7,4,1899,1181,668,50
"2020-10-03","DAERAH ISTIMEWA YOGYAKARTA",0,19,-20,1,1899,1200,648,51
"2020-10-04","DAERAH ISTIMEWA YOGYAKARTA",0,70,-71,1,1899,1270,577,52
"2020-10-05","DAERAH ISTIMEWA YOGYAKARTA",22,76,-54,0,1921,1346,523,52
"2020-10-06","DAERAH ISTIMEWA YOGYAKARTA",20,40,-20,0,1941,1386,503,52
"2020-10-07","DAERAH ISTIMEWA YOGYAKARTA",20,19,1,0,1961,1405,504,52
"2020-10-08","DAERAH ISTIMEWA YOGYAKARTA",51,9,42,0,2012,1414,546,52
"2020-10-09","DAERAH ISTIMEWA YOGYAKARTA",56,31,23,2,2068,1445,569,54
"2020-10-10","DAERAH ISTIMEWA YOGYAKARTA",69,12,57,0,2137,1457,626,54
"2020-10-11","DAERAH ISTIMEWA YOGYAKARTA",35,36,-1,0,2172,1493,625,54
"2020-10-12","DAERAH ISTIMEWA YOGYAKARTA",43,82,-40,1,2215,1575,585,55
"2020-10-13","DAERAH ISTIMEWA YOGYAKARTA",38,38,-1,1,2253,1613,584,56
"2020-10-14","DAERAH ISTIMEWA YOGYAKARTA",26,13,11,2,2279,1626,595,58
"2020-10-15","DAERAH ISTIMEWA YOGYAKARTA",45,51,-8,2,2324,1677,587,60
"2020-10-16","DAERAH ISTIMEWA YOGYAKARTA",45,22,23,0,2369,1699,610,60
"2020-10-17","DAERAH ISTIMEWA YOGYAKARTA",24,43,-19,0,2393,1742,591,60
"2020-10-18","DAERAH ISTIMEWA YOGYAKARTA",40,64,-25,1,2433,1806,566,61
"2020-10-19","DAERAH ISTIMEWA YOGYAKARTA",18,31,-13,0,2451,1837,553,61
"2020-10-20","DAERAH ISTIMEWA YOGYAKARTA",13,47,-34,0,2464,1884,519,61
"2020-10-21","DAERAH ISTIMEWA YOGYAKARTA",33,20,11,2,2497,1904,530,63
"2020-10-22","DAERAH ISTIMEWA YOGYAKARTA",45,18,27,0,2542,1922,557,63
"2020-10-23","DAERAH ISTIMEWA YOGYAKARTA",0,25,-25,0,2542,1947,532,63
"2020-10-24","DAERAH ISTIMEWA YOGYAKARTA",0,35,-35,0,2542,1982,497,63
"2020-10-25","DAERAH ISTIMEWA YOGYAKARTA",44,68,-24,0,2586,2050,473,63
"2020-10-26","DAERAH ISTIMEWA YOGYAKARTA",26,29,-3,0,2612,2079,470,63
"2020-10-27","DAERAH ISTIMEWA YOGYAKARTA",41,30,10,1,2653,2109,480,64
"2020-10-28","DAERAH ISTIMEWA YOGYAKARTA",45,39,5,1,2698,2148,485,65
"2020-10-29","DAERAH ISTIMEWA YOGYAKARTA",82,49,32,1,2780,2197,517,66
"2020-10-30","DAERAH ISTIMEWA YOGYAKARTA",59,52,7,0,2839,2249,524,66
"2020-10-31","DAERAH ISTIMEWA YOGYAKARTA",32,16,15,1,2871,2265,539,67
"2020-11-01","DAERAH ISTIMEWA YOGYAKARTA",16,12,4,0,2887,2277,543,67
"2020-11-02","DAERAH ISTIMEWA YOGYAKARTA",32,49,-18,1,2919,2326,525,68
"2020-11-03","DAERAH ISTIMEWA YOGYAKARTA",49,20,28,1,2968,2346,553,69
"2020-11-04","DAERAH ISTIMEWA YOGYAKARTA",40,38,0,2,3008,2384,553,71
"2020-11-05","DAERAH ISTIMEWA YOGYAKARTA",168,20,146,2,3176,2404,699,73
"2020-11-06","DAERAH ISTIMEWA YOGYAKARTA",25,29,-5,1,3201,2433,694,74
"2020-11-07","DAERAH ISTIMEWA YOGYAKARTA",38,37,-1,2,3239,2470,693,76
"2020-11-08","DAERAH ISTIMEWA YOGYAKARTA",34,22,11,1,3273,2492,704,77
"2020-11-09","DAERAH ISTIMEWA YOGYAKARTA",32,62,-32,2,3305,2554,672,79
"2020-11-10","DAERAH ISTIMEWA YOGYAKARTA",21,18,2,1,3326,2572,674,80
"2020-11-11","DAERAH ISTIMEWA YOGYAKARTA",30,43,-14,1,3356,2615,660,81
"2020-11-12","DAERAH ISTIMEWA YOGYAKARTA",79,23,53,3,3435,2638,713,84
"2020-11-13","DAERAH ISTIMEWA YOGYAKARTA",61,29,30,2,3496,2667,743,86
"2020-11-14","DAERAH ISTIMEWA YOGYAKARTA",51,22,28,1,3547,2689,771,87
"2020-11-15","DAERAH ISTIMEWA YOGYAKARTA",7,7,-1,1,3554,2696,770,88
"2020-11-16","DAERAH ISTIMEWA YOGYAKARTA",67,12,55,0,3621,2708,825,88
"2020-11-17","DAERAH ISTIMEWA YOGYAKARTA",90,29,60,1,3711,2737,885,89
"2020-11-18","DAERAH ISTIMEWA YOGYAKARTA",153,41,110,2,3864,2778,995,91
"2020-11-19","DAERAH ISTIMEWA YOGYAKARTA",108,50,58,0,3972,2828,1053,91
"2020-11-20","DAERAH ISTIMEWA YOGYAKARTA",68,57,9,2,4040,2885,1062,93
"2020-11-21","DAERAH ISTIMEWA YOGYAKARTA",56,27,27,2,4096,2912,1089,95
"2020-11-22","DAERAH ISTIMEWA YOGYAKARTA",77,9,64,4,4173,2921,1153,99
"2020-11-23","DAERAH ISTIMEWA YOGYAKARTA",82,100,-20,2,4255,3021,1133,101
"2020-11-24","DAERAH ISTIMEWA YOGYAKARTA",84,39,39,6,4339,3060,1172,107
"2020-11-25","DAERAH ISTIMEWA YOGYAKARTA",150,143,4,3,4489,3203,1176,110
"2020-11-26","DAERAH ISTIMEWA YOGYAKARTA",103,61,41,1,4592,3264,1217,111
"2020-11-27","DAERAH ISTIMEWA YOGYAKARTA",89,30,56,3,4681,3294,1273,114
"2020-11-28","DAERAH ISTIMEWA YOGYAKARTA",138,53,81,4,4819,3347,1354,118
"2020-11-29","DAERAH ISTIMEWA YOGYAKARTA",139,51,87,1,4958,3398,1441,119
"2020-11-30","DAERAH ISTIMEWA YOGYAKARTA",41,65,-24,0,4999,3463,1417,119
"2020-12-01","DAERAH ISTIMEWA YOGYAKARTA",110,68,41,1,5109,3531,1458,120
"2020-12-02","DAERAH ISTIMEWA YOGYAKARTA",0,30,-31,1,5109,3561,1427,121
"2020-12-03","DAERAH ISTIMEWA YOGYAKARTA",0,77,-78,1,5109,3638,1349,122
"2020-12-04","DAERAH ISTIMEWA YOGYAKARTA",181,74,107,0,5290,3712,1456,122
"2020-12-05","DAERAH ISTIMEWA YOGYAKARTA",167,83,82,2,5457,3795,1538,124
"2020-12-06","DAERAH ISTIMEWA YOGYAKARTA",224,81,141,2,5681,3876,1679,126
"2020-12-07","DAERAH ISTIMEWA YOGYAKARTA",99,55,44,0,5780,3931,1723,126
"2020-12-08","DAERAH ISTIMEWA YOGYAKARTA",168,63,104,1,5948,3994,1827,127
"2020-12-09","DAERAH ISTIMEWA YOGYAKARTA",198,210,-14,2,6146,4204,1813,129
"2020-12-10","DAERAH ISTIMEWA YOGYAKARTA",191,91,93,7,6337,4295,1906,136
"2020-12-11","DAERAH ISTIMEWA YOGYAKARTA",157,99,55,3,6494,4394,1961,139
"2020-12-12","DAERAH ISTIMEWA YOGYAKARTA",227,79,147,1,6721,4473,2108,140
"2020-12-13","DAERAH ISTIMEWA YOGYAKARTA",151,108,41,2,6872,4581,2149,142
"2020-12-14","DAERAH ISTIMEWA YOGYAKARTA",111,22,88,1,6983,4603,2237,143
"2020-12-15","DAERAH ISTIMEWA YOGYAKARTA",160,85,72,3,7143,4688,2309,146
"2020-12-16","DAERAH ISTIMEWA YOGYAKARTA",0,70,-73,3,7143,4758,2236,149
"2020-12-17","DAERAH ISTIMEWA YOGYAKARTA",0,57,-59,2,7143,4815,2177,151
"2020-12-18","DAERAH ISTIMEWA YOGYAKARTA",0,137,-138,1,7143,4952,2039,152
"2020-12-19","DAERAH ISTIMEWA YOGYAKARTA",0,70,-72,2,7143,5022,1967,154
"2020-12-20","DAERAH ISTIMEWA YOGYAKARTA",0,166,-169,3,7143,5188,1798,157
"2020-12-21","DAERAH ISTIMEWA YOGYAKARTA",0,145,-146,1,7143,5333,1652,158
"2020-12-22","DAERAH ISTIMEWA YOGYAKARTA",0,35,-35,0,7143,5368,1617,158
"2020-12-23","DAERAH ISTIMEWA YOGYAKARTA",0,103,-103,0,7143,5471,1514,158
"2020-12-24","DAERAH ISTIMEWA YOGYAKARTA",253,116,131,6,7396,5587,1645,164
"2020-12-25","DAERAH ISTIMEWA YOGYAKARTA",256,74,174,8,7652,5661,1819,172
"2020-12-26","DAERAH ISTIMEWA YOGYAKARTA",274,43,229,2,7926,5704,2048,174
"2020-12-27","DAERAH ISTIMEWA YOGYAKARTA",183,105,77,1,8109,5809,2125,175
"2020-12-28","DAERAH ISTIMEWA YOGYAKARTA",210,72,135,3,8319,5881,2260,178
"2020-12-29","DAERAH ISTIMEWA YOGYAKARTA",282,245,30,7,8601,6126,2290,185
"2020-12-30","DAERAH ISTIMEWA YOGYAKARTA",296,168,118,10,8897,6294,2408,195
"2020-12-31","DAERAH ISTIMEWA YOGYAKARTA",257,52,205,0,9154,6346,2613,195
"2021-01-01","DAERAH ISTIMEWA YOGYAKARTA",233,68,152,13,9387,6414,2765,208
"2021-01-02","DAERAH ISTIMEWA YOGYAKARTA",291,90,199,2,9678,6504,2964,210
"2021-01-03","DAERAH ISTIMEWA YOGYAKARTA",0,57,-66,9,9678,6561,2898,219
"2021-01-04","DAERAH ISTIMEWA YOGYAKARTA",1,67,-69,3,9679,6628,2829,222
"2021-01-05","DAERAH ISTIMEWA YOGYAKARTA",0,29,-31,2,9679,6657,2798,224
"2021-01-06","DAERAH ISTIMEWA YOGYAKARTA",0,200,-203,3,9679,6857,2595,227
"2021-01-07","DAERAH ISTIMEWA YOGYAKARTA",0,149,-149,0,9679,7006,2446,227
"2021-01-08","DAERAH ISTIMEWA YOGYAKARTA",0,116,-120,4,9679,7122,2326,231
"2021-01-09","DAERAH ISTIMEWA YOGYAKARTA",0,86,-87,1,9679,7208,2239,232
"2021-01-10","DAERAH ISTIMEWA YOGYAKARTA",0,178,-178,0,9679,7386,2061,232
"2021-01-11","DAERAH ISTIMEWA YOGYAKARTA",0,143,-145,2,9679,7529,1916,234
"2021-01-12","DAERAH ISTIMEWA YOGYAKARTA",0,95,-95,0,9679,7624,1821,234
"2021-01-13","DAERAH ISTIMEWA YOGYAKARTA",319,107,208,4,9998,7731,2029,238
"2021-01-14","DAERAH ISTIMEWA YOGYAKARTA",291,61,227,3,10289,7792,2256,241
"2021-01-15","DAERAH ISTIMEWA YOGYAKARTA",262,177,74,11,10551,7969,2330,252
"2021-01-16","DAERAH ISTIMEWA YOGYAKARTA",302,175,117,10,10853,8144,2447,262
"2021-01-17","DAERAH ISTIMEWA YOGYAKARTA",277,53,217,7,11130,8197,2664,269
"2021-01-18","DAERAH ISTIMEWA YOGYAKARTA",295,90,202,3,11425,8287,2866,272
"2021-01-19","DAERAH ISTIMEWA YOGYAKARTA",0,29,-30,1,11425,8316,2836,273
"2021-01-20","DAERAH ISTIMEWA YOGYAKARTA",0,34,-37,3,11425,8350,2799,276
"2021-01-21","DAERAH ISTIMEWA YOGYAKARTA",0,95,-98,3,11425,8445,2701,279
"2021-01-22","DAERAH ISTIMEWA YOGYAKARTA",0,102,-104,2,11425,8547,2597,281
"2021-01-23","DAERAH ISTIMEWA YOGYAKARTA",0,41,-45,4,11425,8588,2552,285
"2021-01-24","DAERAH ISTIMEWA YOGYAKARTA",0,36,-39,3,11425,8624,2513,288
"2021-01-25","DAERAH ISTIMEWA YOGYAKARTA",0,184,-187,3,11425,8808,2326,291
"2021-01-26","DAERAH ISTIMEWA YOGYAKARTA",0,176,-178,2,11425,8984,2148,293
"2021-01-27","DAERAH ISTIMEWA YOGYAKARTA",0,97,-102,5,11425,9081,2046,298
"2021-01-28","DAERAH ISTIMEWA YOGYAKARTA",0,216,-220,4,11425,9297,1826,302
"2021-01-29","DAERAH ISTIMEWA YOGYAKARTA",0,140,-140,0,11425,9437,1686,302
"2021-01-30","DAERAH ISTIMEWA YOGYAKARTA",0,75,-75,0,11425,9512,1611,302
"2021-01-31","DAERAH ISTIMEWA YOGYAKARTA",0,234,-235,1,11425,9746,1376,303
"2021-02-01","DAERAH ISTIMEWA YOGYAKARTA",0,122,-122,0,11425,9868,1254,303
"2021-02-02","DAERAH ISTIMEWA YOGYAKARTA",226,80,146,0,11651,9948,1400,303
"2021-02-03","DAERAH ISTIMEWA YOGYAKARTA",312,149,163,0,11963,10097,1563,303
"2021-02-04","DAERAH ISTIMEWA YOGYAKARTA",321,49,269,3,12284,10146,1832,306
"2021-02-05","DAERAH ISTIMEWA YOGYAKARTA",280,17,262,1,12564,10163,2094,307
"2021-02-06","DAERAH ISTIMEWA YOGYAKARTA",217,24,193,0,12781,10187,2287,307
"2021-02-07","DAERAH ISTIMEWA YOGYAKARTA",145,27,118,0,12926,10214,2405,307
"2021-02-08","DAERAH ISTIMEWA YOGYAKARTA",0,19,-23,4,12926,10233,2382,311
"2021-02-09","DAERAH ISTIMEWA YOGYAKARTA",0,30,-31,1,12926,10263,2351,312
"2021-02-10","DAERAH ISTIMEWA YOGYAKARTA",0,53,-57,4,12926,10316,2294,316
"2021-02-11","DAERAH ISTIMEWA YOGYAKARTA",0,64,-64,0,12926,10380,2230,316
"2021-02-12","DAERAH ISTIMEWA YOGYAKARTA",0,52,-57,5,12926,10432,2173,321
"2021-02-13","DAERAH ISTIMEWA YOGYAKARTA",0,101,-103,2,12926,10533,2070,323
"2021-02-14","DAERAH ISTIMEWA YOGYAKARTA",0,60,-64,4,12926,10593,2006,327
"2021-02-15","DAERAH ISTIMEWA YOGYAKARTA",0,45,-47,2,12926,10638,1959,329
"2021-02-16","DAERAH ISTIMEWA YOGYAKARTA",0,124,-127,3,12926,10762,1832,332
"2021-02-17","DAERAH ISTIMEWA YOGYAKARTA",0,68,-70,2,12926,10830,1762,334
"2021-02-18","DAERAH ISTIMEWA YOGYAKARTA",0,89,-91,2,12926,10919,1671,336
"2021-02-19","DAERAH ISTIMEWA YOGYAKARTA",0,73,-73,0,12926,10992,1598,336
"2021-02-20","DAERAH ISTIMEWA YOGYAKARTA",0,29,-31,2,12926,11021,1567,338
"2021-02-21","DAERAH ISTIMEWA YOGYAKARTA",0,127,-127,0,12926,11148,1440,338
"2021-02-22","DAERAH ISTIMEWA YOGYAKARTA",138,78,57,3,13064,11226,1497,341
"2021-02-23","DAERAH ISTIMEWA YOGYAKARTA",228,30,193,5,13292,11256,1690,346
"2021-02-24","DAERAH ISTIMEWA YOGYAKARTA",201,88,109,4,13493,11344,1799,350
"2021-02-25","DAERAH ISTIMEWA YOGYAKARTA",228,81,145,2,13721,11425,1944,352
"2021-02-26","DAERAH ISTIMEWA YOGYAKARTA",174,16,154,4,13895,11441,2098,356
"2021-02-27","DAERAH ISTIMEWA YOGYAKARTA",228,38,187,3,14123,11479,2285,359
"2021-02-28","DAERAH ISTIMEWA YOGYAKARTA",170,28,140,2,14293,11507,2425,361
"2021-03-01","DAERAH ISTIMEWA YOGYAKARTA",144,33,108,3,14437,11540,2533,364
"2021-03-02","DAERAH ISTIMEWA YOGYAKARTA",0,83,-86,3,14437,11623,2447,367
"2021-03-03","DAERAH ISTIMEWA YOGYAKARTA",0,54,-59,5,14437,11677,2388,372
"2021-03-04","DAERAH ISTIMEWA YOGYAKARTA",0,112,-114,2,14437,11789,2274,374
"2021-03-05","DAERAH ISTIMEWA YOGYAKARTA",0,16,-16,0,14437,11805,2258,374
"2021-03-06","DAERAH ISTIMEWA YOGYAKARTA",0,163,-165,2,14437,11968,2093,376
"2021-03-07","DAERAH ISTIMEWA YOGYAKARTA",0,50,-51,1,14437,12018,2042,377
"2021-03-08","DAERAH ISTIMEWA YOGYAKARTA",0,58,-60,2,14437,12076,1982,379
"2021-03-09","DAERAH ISTIMEWA YOGYAKARTA",0,107,-109,2,14437,12183,1873,381
"2021-03-10","DAERAH ISTIMEWA YOGYAKARTA",0,57,-57,0,14437,12240,1816,381
"2021-03-11","DAERAH ISTIMEWA YOGYAKARTA",0,71,-71,0,14437,12311,1745,381
"2021-03-12","DAERAH ISTIMEWA YOGYAKARTA",0,66,-66,0,14437,12377,1679,381
"2021-03-13","DAERAH ISTIMEWA YOGYAKARTA",0,144,-144,0,14437,12521,1535,381
"2021-03-14","DAERAH ISTIMEWA YOGYAKARTA",90,143,-55,2,14527,12664,1480,383
"2021-03-15","DAERAH ISTIMEWA YOGYAKARTA",140,61,79,0,14667,12725,1559,383
"2021-03-16","DAERAH ISTIMEWA YOGYAKARTA",170,96,73,1,14837,12821,1632,384
"2021-03-17","DAERAH ISTIMEWA YOGYAKARTA",270,17,252,1,15107,12838,1884,385
"2021-03-18","DAERAH ISTIMEWA YOGYAKARTA",257,17,237,3,15364,12855,2121,388
"2021-03-19","DAERAH ISTIMEWA YOGYAKARTA",161,89,71,1,15525,12944,2192,389
"2021-03-20","DAERAH ISTIMEWA YOGYAKARTA",242,10,227,5,15767,12954,2419,394
"2021-03-21","DAERAH ISTIMEWA YOGYAKARTA",95,11,80,4,15862,12965,2499,398
"2021-03-22","DAERAH ISTIMEWA YOGYAKARTA",143,40,102,1,16005,13005,2601,399
"2021-03-23","DAERAH ISTIMEWA YOGYAKARTA",205,83,119,3,16210,13088,2720,402
"2021-03-24","DAERAH ISTIMEWA YOGYAKARTA",254,37,214,3,16464,13125,2934,405
"2021-03-25","DAERAH ISTIMEWA YOGYAKARTA",0,95,-96,1,16464,13220,2838,406
"2021-03-26","DAERAH ISTIMEWA YOGYAKARTA",0,101,-106,5,16464,13321,2732,411
"2021-03-27","DAERAH ISTIMEWA YOGYAKARTA",0,65,-71,6,16464,13386,2661,417
"2021-03-28","DAERAH ISTIMEWA YOGYAKARTA",0,78,-81,3,16464,13464,2580,420
"2021-03-29","DAERAH ISTIMEWA YOGYAKARTA",0,84,-85,1,16464,13548,2495,421
"2021-03-30","DAERAH ISTIMEWA YOGYAKARTA",0,130,-131,1,16464,13678,2364,422
"2021-03-31","DAERAH ISTIMEWA YOGYAKARTA",0,105,-106,1,16464,13783,2258,423
"2021-04-01","DAERAH ISTIMEWA YOGYAKARTA",0,177,-177,0,16464,13960,2081,423
"2021-04-02","DAERAH ISTIMEWA YOGYAKARTA",0,75,-76,1,16464,14035,2005,424
"2021-04-03","DAERAH ISTIMEWA YOGYAKARTA",118,153,-39,4,16582,14188,1966,428
"2021-04-04","DAERAH ISTIMEWA YOGYAKARTA",123,94,27,2,16705,14282,1993,430
"2021-04-05","DAERAH ISTIMEWA YOGYAKARTA",135,175,-41,1,16840,14457,1952,431
"2021-04-06","DAERAH ISTIMEWA YOGYAKARTA",233,81,148,4,17073,14538,2100,435
"2021-04-07","DAERAH ISTIMEWA YOGYAKARTA",272,99,172,1,17345,14637,2272,436
"2021-04-08","DAERAH ISTIMEWA YOGYAKARTA",220,82,134,4,17565,14719,2406,440
"2021-04-09","DAERAH ISTIMEWA YOGYAKARTA",222,16,202,4,17787,14735,2608,444
"2021-04-10","DAERAH ISTIMEWA YOGYAKARTA",230,82,143,5,18017,14817,2751,449
"2021-04-11","DAERAH ISTIMEWA YOGYAKARTA",130,94,32,4,18147,14911,2783,453
"2021-04-12","DAERAH ISTIMEWA YOGYAKARTA",131,88,40,3,18278,14999,2823,456
"2021-04-13","DAERAH ISTIMEWA YOGYAKARTA",232,137,89,6,18510,15136,2912,462
"2021-04-14","DAERAH ISTIMEWA YOGYAKARTA",292,121,167,4,18802,15257,3079,466
"2021-04-15","DAERAH ISTIMEWA YOGYAKARTA",0,125,-128,3,18802,15382,2951,469
"2021-04-16","DAERAH ISTIMEWA YOGYAKARTA",0,140,-143,3,18802,15522,2808,472
"2021-04-17","DAERAH ISTIMEWA YOGYAKARTA",0,158,-164,6,18802,15680,2644,478
"2021-04-18","DAERAH ISTIMEWA YOGYAKARTA",0,123,-125,2,18802,15803,2519,480
"2021-04-19","DAERAH ISTIMEWA YOGYAKARTA",0,130,-132,2,18802,15933,2387,482
"2021-04-20","DAERAH ISTIMEWA YOGYAKARTA",0,178,-179,1,18802,16111,2208,483
"2021-04-21","DAERAH ISTIMEWA YOGYAKARTA",0,88,-90,2,18802,16199,2118,485
"2021-04-22","DAERAH ISTIMEWA YOGYAKARTA",0,133,-135,2,18802,16332,1983,487
"2021-04-23","DAERAH ISTIMEWA YOGYAKARTA",137,74,61,2,18939,16406,2044,489
"2021-04-24","DAERAH ISTIMEWA YOGYAKARTA",149,231,-84,2,19088,16637,1960,491
"2021-04-25","DAERAH ISTIMEWA YOGYAKARTA",223,134,86,3,19311,16771,2046,494
"2021-04-26","DAERAH ISTIMEWA YOGYAKARTA",184,168,14,2,19495,16939,2060,496
"2021-04-27","DAERAH ISTIMEWA YOGYAKARTA",164,70,90,4,19659,17009,2150,500
"2021-04-28","DAERAH ISTIMEWA YOGYAKARTA",292,113,175,4,19951,17122,2325,504
"2021-04-29","DAERAH ISTIMEWA YOGYAKARTA",259,179,78,2,20210,17301,2403,506
"2021-04-30","DAERAH ISTIMEWA YOGYAKARTA",262,166,95,1,20472,17467,2498,507
"2021-05-01","DAERAH ISTIMEWA YOGYAKARTA",128,161,-37,4,20600,17628,2461,511
"2021-05-02","DAERAH ISTIMEWA YOGYAKARTA",180,158,18,4,20780,17786,2479,515
"2021-05-03","DAERAH ISTIMEWA YOGYAKARTA",157,135,18,4,20937,17921,2497,519
"2021-05-04","DAERAH ISTIMEWA YOGYAKARTA",159,128,22,9,21096,18049,2519,528
"2021-05-05","DAERAH ISTIMEWA YOGYAKARTA",0,127,-132,5,21096,18176,2387,533
"2021-05-06","DAERAH ISTIMEWA YOGYAKARTA",0,137,-141,4,21096,18313,2246,537
"2021-05-07","DAERAH ISTIMEWA YOGYAKARTA",0,99,-102,3,21096,18412,2144,540
"2021-05-08","DAERAH ISTIMEWA YOGYAKARTA",0,136,-140,4,21096,18548,2004,544
"2021-05-09","DAERAH ISTIMEWA YOGYAKARTA",0,126,-131,5,21096,18674,1873,549
"2021-05-10","DAERAH ISTIMEWA YOGYAKARTA",0,102,-103,1,21096,18776,1770,550
"2021-05-11","DAERAH ISTIMEWA YOGYAKARTA",0,268,-271,3,21096,19044,1499,553
"2021-05-12","DAERAH ISTIMEWA YOGYAKARTA",0,177,-182,5,21096,19221,1317,558
"2021-05-13","DAERAH ISTIMEWA YOGYAKARTA",105,176,-73,2,21201,19397,1244,560
"2021-05-14","DAERAH ISTIMEWA YOGYAKARTA",97,126,-38,9,21298,19523,1206,569
"2021-05-15","DAERAH ISTIMEWA YOGYAKARTA",94,224,-133,3,21392,19747,1073,572
"2021-05-16","DAERAH ISTIMEWA YOGYAKARTA",135,119,12,4,21527,19866,1085,576
"2021-05-17","DAERAH ISTIMEWA YOGYAKARTA",136,89,40,7,21663,19955,1125,583
"2021-05-18","DAERAH ISTIMEWA YOGYAKARTA",155,122,31,2,21818,20077,1156,585
"2021-05-19","DAERAH ISTIMEWA YOGYAKARTA",227,156,62,9,22045,20233,1218,594
"2021-05-20","DAERAH ISTIMEWA YOGYAKARTA",269,136,126,7,22314,20369,1344,601
"2021-05-21","DAERAH ISTIMEWA YOGYAKARTA",198,63,129,6,22512,20432,1473,607
"2021-05-22","DAERAH ISTIMEWA YOGYAKARTA",138,58,76,4,22650,20490,1549,611
"2021-05-23","DAERAH ISTIMEWA YOGYAKARTA",152,18,129,5,22802,20508,1678,616
"2021-05-24","DAERAH ISTIMEWA YOGYAKARTA",149,61,83,5,22951,20569,1761,621
"2021-05-25","DAERAH ISTIMEWA YOGYAKARTA",215,49,158,8,23166,20618,1919,629
"2021-05-26","DAERAH ISTIMEWA YOGYAKARTA",190,113,71,6,23356,20731,1990,635
"2021-05-27","DAERAH ISTIMEWA YOGYAKARTA",0,162,-165,3,23356,20893,1825,638
"2021-05-28","DAERAH ISTIMEWA YOGYAKARTA",0,162,-164,2,23356,21055,1661,640
"2021-05-29","DAERAH ISTIMEWA YOGYAKARTA",0,162,-168,6,23356,21217,1493,646
"2021-05-30","DAERAH ISTIMEWA YOGYAKARTA",0,147,-150,3,23356,21364,1343,649
"2021-05-31","DAERAH ISTIMEWA YOGYAKARTA",0,137,-140,3,23356,21501,1203,652
"2021-06-01","DAERAH ISTIMEWA YOGYAKARTA",0,168,-174,6,23356,21669,1029,658
"2021-06-02","DAERAH ISTIMEWA YOGYAKARTA",268,114,151,3,23624,21783,1180,661
"2021-06-03","DAERAH ISTIMEWA YOGYAKARTA",206,126,75,5,23830,21909,1255,666
"2021-06-04","DAERAH ISTIMEWA YOGYAKARTA",299,153,141,5,24129,22062,1396,671
"2021-06-05","DAERAH ISTIMEWA YOGYAKARTA",150,86,59,5,24279,22148,1455,676
"2021-06-06","DAERAH ISTIMEWA YOGYAKARTA",295,167,124,4,24574,22315,1579,680
"2021-06-07","DAERAH ISTIMEWA YOGYAKARTA",253,121,127,5,24827,22436,1706,685
"2021-06-08","DAERAH ISTIMEWA YOGYAKARTA",237,74,156,7,25064,22510,1862,692
"2021-06-09","DAERAH ISTIMEWA YOGYAKARTA",304,36,262,6,25368,22546,2124,698
"2021-06-10","DAERAH ISTIMEWA YOGYAKARTA",455,43,404,8,25823,22589,2528,706
"2021-06-11","DAERAH ISTIMEWA YOGYAKARTA",0,84,-88,4,25823,22673,2440,710
"2021-06-12","DAERAH ISTIMEWA YOGYAKARTA",0,159,-164,5,25823,22832,2276,715
"2021-06-13","DAERAH ISTIMEWA YOGYAKARTA",0,156,-160,4,25823,22988,2116,719
"2021-06-14","DAERAH ISTIMEWA YOGYAKARTA",0,174,-177,3,25823,23162,1939,722
"2021-06-15","DAERAH ISTIMEWA YOGYAKARTA",0,192,-198,6,25823,23354,1741,728
"2021-06-16","DAERAH ISTIMEWA YOGYAKARTA",0,217,-222,5,25823,23571,1519,733
"2021-06-17","DAERAH ISTIMEWA YOGYAKARTA",0,237,-240,3,25823,23808,1279,736
"2021-06-18","DAERAH ISTIMEWA YOGYAKARTA",0,198,-201,3,25823,24006,1078,739
"2021-06-19","DAERAH ISTIMEWA YOGYAKARTA",0,243,-244,1,25823,24249,834,740
"2021-06-20","DAERAH ISTIMEWA YOGYAKARTA",1,215,-216,2,25824,24464,618,742
"2021-06-21","DAERAH ISTIMEWA YOGYAKARTA",1,81,-80,0,25825,24545,538,742
"2021-06-22","DAERAH ISTIMEWA YOGYAKARTA",675,72,597,6,26500,24617,1135,748
"2021-06-23","DAERAH ISTIMEWA YOGYAKARTA",694,41,641,12,27194,24658,1776,760
"2021-06-24","DAERAH ISTIMEWA YOGYAKARTA",791,42,744,5,27985,24700,2520,765
"2021-06-25","DAERAH ISTIMEWA YOGYAKARTA",783,20,751,12,28768,24720,3271,777
"2021-06-26","DAERAH ISTIMEWA YOGYAKARTA",0,8,-10,2,28768,24728,3261,779
"2021-06-27","DAERAH ISTIMEWA YOGYAKARTA",1,27,-29,3,28769,24755,3232,782
"2021-06-28","DAERAH ISTIMEWA YOGYAKARTA",0,54,-57,3,28769,24809,3175,785
"2021-06-29","DAERAH ISTIMEWA YOGYAKARTA",0,37,-39,2,28769,24846,3136,787
"2021-06-30","DAERAH ISTIMEWA YOGYAKARTA",0,35,-37,2,28769,24881,3099,789
"2021-07-01","DAERAH ISTIMEWA YOGYAKARTA",0,37,-41,4,28769,24918,3058,793
"2021-07-02","DAERAH ISTIMEWA YOGYAKARTA",2,46,-45,1,28771,24964,3013,794
"2021-07-03","DAERAH ISTIMEWA YOGYAKARTA",0,39,-45,6,28771,25003,2968,800
"2021-07-04","DAERAH ISTIMEWA YOGYAKARTA",1615,78,1508,29,30386,25081,4476,829
"2021-07-05","DAERAH ISTIMEWA YOGYAKARTA",1465,238,1202,25,31851,25319,5678,854
"2021-07-06","DAERAH ISTIMEWA YOGYAKARTA",1386,571,775,40,33237,25890,6453,894
"2021-07-07","DAERAH ISTIMEWA YOGYAKARTA",1370,345,998,27,34607,26235,7451,921
"2021-07-08","DAERAH ISTIMEWA YOGYAKARTA",1424,378,1013,33,36031,26613,8464,954
"2021-07-09","DAERAH ISTIMEWA YOGYAKARTA",1665,337,1292,36,37696,26950,9756,990
"2021-07-10","DAERAH ISTIMEWA YOGYAKARTA",1809,107,1667,35,39505,27057,11423,1025
"2021-07-11","DAERAH ISTIMEWA YOGYAKARTA",1895,101,1751,43,41400,27158,13174,1068
"2021-07-12","DAERAH ISTIMEWA YOGYAKARTA",1708,127,1538,43,43108,27285,14712,1111
"2021-07-13","DAERAH ISTIMEWA YOGYAKARTA",328,312,-11,27,43436,27597,14701,1138
"2021-07-14","DAERAH ISTIMEWA YOGYAKARTA",112,557,-466,21,43548,28154,14235,1159
"2021-07-15","DAERAH ISTIMEWA YOGYAKARTA",149,391,-257,15,43697,28545,13978,1174
"2021-07-16","DAERAH ISTIMEWA YOGYAKARTA",181,711,-550,20,43878,29256,13428,1194
"2021-07-17","DAERAH ISTIMEWA YOGYAKARTA",2246,913,1279,54,46124,30169,14707,1248
"2021-07-18","DAERAH ISTIMEWA YOGYAKARTA",2096,325,1737,34,48220,30494,16444,1282
"2021-07-19","DAERAH ISTIMEWA YOGYAKARTA",1965,1002,926,37,50185,31496,17370,1319
"2021-07-20","DAERAH ISTIMEWA YOGYAKARTA",1841,912,876,53,52026,32408,18246,1372
"2021-07-21","DAERAH ISTIMEWA YOGYAKARTA",1618,907,639,72,53644,33315,18885,1444
"2021-07-22","DAERAH ISTIMEWA YOGYAKARTA",1921,935,914,72,55565,34250,19799,1516
"2021-07-23","DAERAH ISTIMEWA YOGYAKARTA",1368,667,621,80,56933,34917,20420,1596
"2021-07-24","DAERAH ISTIMEWA YOGYAKARTA",1561,732,754,75,58494,35649,21174,1671
"2021-07-25","DAERAH ISTIMEWA YOGYAKARTA",2081,517,1510,54,60575,36166,22684,1725
"2021-07-26","DAERAH ISTIMEWA YOGYAKARTA",2632,250,2313,69,63207,36416,24997,1794
"2021-07-27","DAERAH ISTIMEWA YOGYAKARTA",2674,532,2044,98,65881,36948,27041,1892
"2021-07-28","DAERAH ISTIMEWA YOGYAKARTA",2224,494,1664,66,68105,37442,28705,1958
"2021-07-29","DAERAH ISTIMEWA YOGYAKARTA",1869,777,1035,57,69974,38219,29740,2015
"2021-07-30","DAERAH ISTIMEWA YOGYAKARTA",1892,1005,796,91,71866,39224,30536,2106
"2021-07-31","DAERAH ISTIMEWA YOGYAKARTA",1496,1085,343,68,73362,40309,30879,2174
"2021-08-01","DAERAH ISTIMEWA YOGYAKARTA",1267,776,440,51,74629,41085,31319,2225
"2021-08-02","DAERAH ISTIMEWA YOGYAKARTA",1547,1257,250,40,76176,42342,31569,2265
"2021-08-03","DAERAH ISTIMEWA YOGYAKARTA",173,824,-715,64,76349,43166,30854,2329
"2021-08-04","DAERAH ISTIMEWA YOGYAKARTA",132,985,-877,24,76481,44151,29977,2353
"2021-08-05","DAERAH ISTIMEWA YOGYAKARTA",108,994,-915,29,76589,45145,29062,2382
"2021-08-06","DAERAH ISTIMEWA YOGYAKARTA",124,1784,-1683,23,76713,46929,27379,2405
"2021-08-07","DAERAH ISTIMEWA YOGYAKARTA",110,1154,-1058,14,76823,48083,26321,2419
"2021-08-08","DAERAH ISTIMEWA YOGYAKARTA",91,1397,-1326,20,76914,49480,24995,2439
"2021-08-09","DAERAH ISTIMEWA YOGYAKARTA",689,2527,-1873,35,77603,52007,23122,2474
"2021-08-10","DAERAH ISTIMEWA YOGYAKARTA",1442,1861,-457,38,79045,53868,22665,2512
"2021-08-11","DAERAH ISTIMEWA YOGYAKARTA",1465,2817,-1390,38,80510,56685,21275,2550
"2021-08-12","DAERAH ISTIMEWA YOGYAKARTA",1050,2304,-1272,18,81560,58989,20003,2568
"2021-08-13","DAERAH ISTIMEWA YOGYAKARTA",1179,2473,-1344,50,82739,61462,18659,2618
"2021-08-14","DAERAH ISTIMEWA YOGYAKARTA",1724,1383,309,32,84463,62845,18968,2650
"2021-08-15","DAERAH ISTIMEWA YOGYAKARTA",885,996,-178,67,85348,63841,18790,2717
"2021-08-16","DAERAH ISTIMEWA YOGYAKARTA",668,772,-134,30,86016,64613,18656,2747
"2021-08-17","DAERAH ISTIMEWA YOGYAKARTA",1019,2510,-1527,36,87035,67123,17129,2783
"2021-08-18","DAERAH ISTIMEWA YOGYAKARTA",586,1905,-1346,27,87621,69028,15783,2810
"2021-08-19","DAERAH ISTIMEWA YOGYAKARTA",1105,1705,-646,46,88726,70733,15137,2856
"2021-08-20","DAERAH ISTIMEWA YOGYAKARTA",762,1796,-1074,40,89488,72529,14063,2896
"2021-08-21","DAERAH ISTIMEWA YOGYAKARTA",880,1566,-703,17,90368,74095,13360,2913
"2021-08-22","DAERAH ISTIMEWA YOGYAKARTA",731,473,220,38,91099,74568,13580,2951
"2021-08-23","DAERAH ISTIMEWA YOGYAKARTA",93,743,-682,32,91192,75311,12898,2983
"2021-08-24","DAERAH ISTIMEWA YOGYAKARTA",64,723,-689,30,91256,76034,12209,3013
"2021-08-25","DAERAH ISTIMEWA YOGYAKARTA",64,425,-377,16,91320,76459,11832,3029
"2021-08-26","DAERAH ISTIMEWA YOGYAKARTA",48,469,-432,11,91368,76928,11400,3040
"2021-08-27","DAERAH ISTIMEWA YOGYAKARTA",52,656,-612,8,91420,77584,10788,3048
"2021-08-28","DAERAH ISTIMEWA YOGYAKARTA",36,826,-810,20,91456,78410,9978,3068
"2021-08-29","DAERAH ISTIMEWA YOGYAKARTA",53,678,-639,14,91509,79088,9339,3082
"2021-08-30","DAERAH ISTIMEWA YOGYAKARTA",34,782,-760,12,91543,79870,8579,3094
"2021-08-31","DAERAH ISTIMEWA YOGYAKARTA",61,1024,-979,16,91604,80894,7600,3110
"2021-09-01","DAERAH ISTIMEWA YOGYAKARTA",319,933,-629,15,91923,81827,6971,3125
"2021-09-02","DAERAH ISTIMEWA YOGYAKARTA",384,882,-520,22,92307,82709,6451,3147
"2021-09-03","DAERAH ISTIMEWA YOGYAKARTA",352,972,-635,15,92659,83681,5816,3162
"2021-09-04","DAERAH ISTIMEWA YOGYAKARTA",279,1096,-828,11,92938,84777,4988,3173
"2021-09-05","DAERAH ISTIMEWA YOGYAKARTA",260,777,-529,12,93198,85554,4459,3185
"2021-09-06","DAERAH ISTIMEWA YOGYAKARTA",195,373,-183,5,93393,85927,4276,3190
"2021-09-07","DAERAH ISTIMEWA YOGYAKARTA",248,505,-267,10,93641,86432,4009,3200
"2021-09-08","DAERAH ISTIMEWA YOGYAKARTA",212,459,-253,6,93853,86891,3756,3206
"2021-09-09","DAERAH ISTIMEWA YOGYAKARTA",182,367,-197,12,94035,87258,3559,3218
"2021-09-10","DAERAH ISTIMEWA YOGYAKARTA",211,306,-102,7,94246,87564,3457,3225
"2021-09-11","DAERAH ISTIMEWA YOGYAKARTA",173,210,-47,10,94419,87774,3410,3235
"2021-09-12","DAERAH ISTIMEWA YOGYAKARTA",145,180,-45,10,94564,87954,3365,3245
"2021-09-13","DAERAH ISTIMEWA YOGYAKARTA",81,82,-9,8,94645,88036,3356,3253
"2021-09-14","DAERAH ISTIMEWA YOGYAKARTA",136,180,-52,8,94781,88216,3304,3261
"2021-09-15","DAERAH ISTIMEWA YOGYAKARTA",168,163,-5,10,94949,88379,3299,3271
"2021-09-16","DAERAH ISTIMEWA YOGYAKARTA",106,439,-341,8,95055,88818,2958,3279
"2021-09-17","DAERAH ISTIMEWA YOGYAKARTA",121,254,-138,5,95176,89072,2820,3284
"2021-09-18","DAERAH ISTIMEWA YOGYAKARTA",123,142,-24,5,95299,89214,2796,3289
"2021-09-19","DAERAH ISTIMEWA YOGYAKARTA",93,164,-79,8,95392,89378,2717,3297
"2021-09-20","DAERAH ISTIMEWA YOGYAKARTA",79,256,-184,7,95471,89634,2533,3304
"2021-09-21","DAERAH ISTIMEWA YOGYAKARTA",81,169,-93,5,95552,89803,2440,3309
"2021-09-22","DAERAH ISTIMEWA YOGYAKARTA",100,168,-72,4,95652,89971,2368,3313
"2021-09-23","DAERAH ISTIMEWA YOGYAKARTA",94,412,-325,7,95746,90383,2043,3320
"2021-09-24","DAERAH ISTIMEWA YOGYAKARTA",80,205,-130,5,95826,90588,1913,3325
"2021-09-25","DAERAH ISTIMEWA YOGYAKARTA",56,193,-141,4,95882,90781,1772,3329
"2021-09-26","DAERAH ISTIMEWA YOGYAKARTA",11,106,-98,3,95893,90887,1674,3332
"2021-09-27","DAERAH ISTIMEWA YOGYAKARTA",8,150,-146,4,95901,91037,1528,3336
"2021-09-28","DAERAH ISTIMEWA YOGYAKARTA",12,127,-117,2,95913,91164,1411,3338
"2021-09-29","DAERAH ISTIMEWA YOGYAKARTA",17,116,-100,1,95930,91280,1311,3339
"2021-09-30","DAERAH ISTIMEWA YOGYAKARTA",40,175,-136,1,95970,91455,1175,3340
"2021-10-01","DAERAH ISTIMEWA YOGYAKARTA",20,124,-106,2,95990,91579,1069,3342
"2021-10-02","DAERAH ISTIMEWA YOGYAKARTA",37,105,-71,3,96027,91684,998,3345
"2021-10-03","DAERAH ISTIMEWA YOGYAKARTA",56,96,-43,3,96083,91780,955,3348
"2021-10-04","DAERAH ISTIMEWA YOGYAKARTA",44,96,-55,3,96127,91876,900,3351
"2021-10-05","DAERAH ISTIMEWA YOGYAKARTA",49,97,-49,1,96176,91973,851,3352
"2021-10-06","DAERAH ISTIMEWA YOGYAKARTA",45,95,-54,4,96221,92068,797,3356
"2021-10-07","DAERAH ISTIMEWA YOGYAKARTA",33,74,-42,1,96254,92142,755,3357
"2021-10-08","DAERAH ISTIMEWA YOGYAKARTA",36,50,-15,1,96290,92192,740,3358
"2021-10-09","DAERAH ISTIMEWA YOGYAKARTA",43,65,-24,2,96333,92257,716,3360
"2021-10-10","DAERAH ISTIMEWA YOGYAKARTA",35,53,-19,1,96368,92310,697,3361
"2021-10-11","DAERAH ISTIMEWA YOGYAKARTA",18,40,-26,4,96386,92350,671,3365
"2021-10-12","DAERAH ISTIMEWA YOGYAKARTA",33,50,-20,3,96419,92400,651,3368
"2021-10-13","DAERAH ISTIMEWA YOGYAKARTA",43,61,-20,2,96462,92461,631,3370
"2021-10-14","DAERAH ISTIMEWA YOGYAKARTA",33,39,-7,1,96495,92500,624,3371
"2021-10-15","DAERAH ISTIMEWA YOGYAKARTA",31,64,-35,2,96526,92564,589,3373
"2021-10-16","DAERAH ISTIMEWA YOGYAKARTA",28,40,-12,0,96554,92604,577,3373
"2021-10-17","DAERAH ISTIMEWA YOGYAKARTA",14,42,-28,0,96568,92646,549,3373
"2021-10-18","DAERAH ISTIMEWA YOGYAKARTA",14,59,-45,0,96582,92705,504,3373
"2021-10-19","DAERAH ISTIMEWA YOGYAKARTA",20,49,-30,1,96602,92754,474,3374
"2021-10-20","DAERAH ISTIMEWA YOGYAKARTA",12,44,-34,2,96614,92798,440,3376
"2021-10-21","DAERAH ISTIMEWA YOGYAKARTA",0,26,-26,0,96614,92824,414,3376
"2021-10-22","DAERAH ISTIMEWA YOGYAKARTA",19,37,-20,2,96633,92861,394,3378
"2021-10-23","DAERAH ISTIMEWA YOGYAKARTA",29,56,-28,1,96662,92917,366,3379
"2021-10-24","DAERAH ISTIMEWA YOGYAKARTA",25,33,-8,0,96687,92950,358,3379
"2021-10-25","DAERAH ISTIMEWA YOGYAKARTA",13,23,-11,1,96700,92973,347,3380
"2021-10-26","DAERAH ISTIMEWA YOGYAKARTA",32,36,-4,0,96732,93009,343,3380
"2021-10-27","DAERAH ISTIMEWA YOGYAKARTA",27,33,-7,1,96759,93042,336,3381
"2021-10-28","DAERAH ISTIMEWA YOGYAKARTA",30,39,-11,2,96789,93081,325,3383
"2021-10-29","DAERAH ISTIMEWA YOGYAKARTA",38,16,21,1,96827,93097,346,3384
"2021-10-30","DAERAH ISTIMEWA YOGYAKARTA",32,20,11,1,96859,93117,357,3385
"2021-10-31","DAERAH ISTIMEWA YOGYAKARTA",19,19,0,0,96878,93136,357,3385
"2021-11-01","DAERAH ISTIMEWA YOGYAKARTA",13,11,1,1,96891,93147,358,3386
"2021-11-02","DAERAH ISTIMEWA YOGYAKARTA",29,22,6,1,96920,93169,364,3387
"2021-11-03","DAERAH ISTIMEWA YOGYAKARTA",89,28,60,1,97009,93197,424,3388
"2021-11-04","DAERAH ISTIMEWA YOGYAKARTA",47,16,30,1,97056,93213,454,3389
"2021-11-05","DAERAH ISTIMEWA YOGYAKARTA",39,21,18,0,97095,93234,472,3389
"2021-11-06","DAERAH ISTIMEWA YOGYAKARTA",26,23,2,1,97121,93257,474,3390
"2021-11-07","DAERAH ISTIMEWA YOGYAKARTA",25,33,-8,0,97146,93290,466,3390
"2021-11-08","DAERAH ISTIMEWA YOGYAKARTA",32,20,12,0,97178,93310,478,3390
"2021-11-09","DAERAH ISTIMEWA YOGYAKARTA",11,33,-23,1,97189,93343,455,3391
"2021-11-10","DAERAH ISTIMEWA YOGYAKARTA",36,23,12,1,97225,93366,467,3392
"2021-11-11","DAERAH ISTIMEWA YOGYAKARTA",34,19,15,0,97259,93385,482,3392
"2021-11-12","DAERAH ISTIMEWA YOGYAKARTA",28,20,7,1,97287,93405,489,3393
"2021-11-13","DAERAH ISTIMEWA YOGYAKARTA",22,34,-13,1,97309,93439,476,3394
"2021-11-14","DAERAH ISTIMEWA YOGYAKARTA",16,49,-34,1,97325,93488,442,3395
"2021-11-15","DAERAH ISTIMEWA YOGYAKARTA",10,35,-25,0,97335,93523,417,3395
"2021-11-16","DAERAH ISTIMEWA YOGYAKARTA",37,34,1,2,97372,93557,418,3397
"2021-11-17","DAERAH ISTIMEWA YOGYAKARTA",25,27,-3,1,97397,93584,415,3398
"2021-11-18","DAERAH ISTIMEWA YOGYAKARTA",31,32,-2,1,97428,93616,413,3399
"2021-11-19","DAERAH ISTIMEWA YOGYAKARTA",16,24,-8,0,97444,93640,405,3399
"2021-11-20","DAERAH ISTIMEWA YOGYAKARTA",10,16,-6,0,97454,93656,399,3399
"2021-11-21","DAERAH ISTIMEWA YOGYAKARTA",11,12,-1,0,97465,93668,398,3399
"2021-11-22","DAERAH ISTIMEWA YOGYAKARTA",12,8,4,0,97477,93676,402,3399
"2021-11-23","DAERAH ISTIMEWA YOGYAKARTA",15,21,-6,0,97492,93697,396,3399
"2021-11-24","DAERAH ISTIMEWA YOGYAKARTA",35,31,4,0,97527,93728,400,3399
"2021-11-25","DAERAH ISTIMEWA YOGYAKARTA",79,20,59,0,97606,93748,459,3399
"2021-11-26","DAERAH ISTIMEWA YOGYAKARTA",32,10,22,0,97638,93758,481,3399
"2021-11-27","DAERAH ISTIMEWA YOGYAKARTA",58,30,28,0,97696,93788,509,3399
"2021-11-28","DAERAH ISTIMEWA YOGYAKARTA",17,10,7,0,97713,93798,516,3399
"2021-11-29","DAERAH ISTIMEWA YOGYAKARTA",3,10,-7,0,97716,93808,509,3399
"2021-11-30","DAERAH ISTIMEWA YOGYAKARTA",17,23,-6,0,97733,93831,503,3399
"2021-12-01","DAERAH ISTIMEWA YOGYAKARTA",12,22,-10,0,97745,93853,493,3399
"2021-12-02","DAERAH ISTIMEWA YOGYAKARTA",7,10,-3,0,97752,93863,490,3399
"2021-12-03","DAERAH ISTIMEWA YOGYAKARTA",25,24,0,1,97777,93887,490,3400
"2021-12-04","DAERAH ISTIMEWA YOGYAKARTA",14,28,-14,0,97791,93915,476,3400
"2021-12-05","DAERAH ISTIMEWA YOGYAKARTA",27,31,-4,0,97818,93946,472,3400
"2021-12-06","DAERAH ISTIMEWA YOGYAKARTA",9,21,-12,0,97827,93967,460,3400
"2021-12-07","DAERAH ISTIMEWA YOGYAKARTA",9,45,-36,0,97836,94012,424,3400
"2021-12-08","DAERAH ISTIMEWA YOGYAKARTA",12,32,-21,1,97848,94044,403,3401
"2021-12-09","DAERAH ISTIMEWA YOGYAKARTA",9,22,-13,0,97857,94066,390,3401
"2021-12-10","DAERAH ISTIMEWA YOGYAKARTA",16,35,-19,0,97873,94101,371,3401
"2021-12-11","DAERAH ISTIMEWA YOGYAKARTA",18,24,-6,0,97891,94125,365,3401
"2021-12-12","DAERAH ISTIMEWA YOGYAKARTA",10,23,-13,0,97901,94148,352,3401
"2021-12-13","DAERAH ISTIMEWA YOGYAKARTA",5,15,-10,0,97906,94163,342,3401
"2021-12-14","DAERAH ISTIMEWA YOGYAKARTA",5,21,-16,0,97911,94184,326,3401
"2021-12-15","DAERAH ISTIMEWA YOGYAKARTA",7,22,-15,0,97918,94206,311,3401
"2021-12-16","DAERAH ISTIMEWA YOGYAKARTA",5,26,-22,1,97923,94232,289,3402
"2021-12-17","DAERAH ISTIMEWA YOGYAKARTA",3,12,-10,1,97926,94244,279,3403
"2021-12-18","DAERAH ISTIMEWA YOGYAKARTA",8,19,-11,0,97934,94263,268,3403
"2021-12-19","DAERAH ISTIMEWA YOGYAKARTA",1,11,-10,0,97935,94274,258,3403
"2021-12-20","DAERAH ISTIMEWA YOGYAKARTA",1,13,-13,1,97936,94287,245,3404
"2021-12-21","DAERAH ISTIMEWA YOGYAKARTA",3,20,-17,0,97939,94307,228,3404
"2021-12-22","DAERAH ISTIMEWA YOGYAKARTA",3,16,-13,0,97942,94323,215,3404
"2021-12-23","DAERAH ISTIMEWA YOGYAKARTA",1,15,-14,0,97943,94338,201,3404
"2021-12-24","DAERAH ISTIMEWA YOGYAKARTA",4,40,-36,0,97947,94378,165,3404
"2021-12-25","DAERAH ISTIMEWA YOGYAKARTA",4,20,-16,0,97951,94398,149,3404
"2021-12-26","DAERAH ISTIMEWA YOGYAKARTA",7,12,-5,0,97958,94410,144,3404
"2021-12-27","DAERAH ISTIMEWA YOGYAKARTA",3,13,-10,0,97961,94423,134,3404
"2021-12-28","DAERAH ISTIMEWA YOGYAKARTA",3,11,-8,0,97964,94434,126,3404
"2021-12-29","DAERAH ISTIMEWA YOGYAKARTA",1,9,-9,1,97965,94443,117,3405
"2021-12-30","DAERAH ISTIMEWA YOGYAKARTA",4,16,-12,0,97969,94459,105,3405
"2021-12-31","DAERAH ISTIMEWA YOGYAKARTA",6,10,-4,0,97975,94469,101,3405
"2022-01-01","DAERAH ISTIMEWA YOGYAKARTA",7,6,1,0,97982,94475,102,3405
"2022-01-02","DAERAH ISTIMEWA YOGYAKARTA",2,5,-3,0,97984,94480,99,3405
"2022-01-03","DAERAH ISTIMEWA YOGYAKARTA",2,5,-3,0,97986,94485,96,3405
"2022-01-04","DAERAH ISTIMEWA YOGYAKARTA",2,4,-2,0,97988,94489,94,3405
"2022-01-05","DAERAH ISTIMEWA YOGYAKARTA",2,7,-5,0,97990,94496,89,3405
"2022-01-06","DAERAH ISTIMEWA YOGYAKARTA",3,4,-2,1,97993,94500,87,3406
"2022-01-07","DAERAH ISTIMEWA YOGYAKARTA",8,2,6,0,98001,94502,93,3406
"2022-01-08","DAERAH ISTIMEWA YOGYAKARTA",1,7,-6,0,98002,94509,87,3406
"2022-01-09","DAERAH ISTIMEWA YOGYAKARTA",2,3,-1,0,98004,94512,86,3406
"2022-01-10","DAERAH ISTIMEWA YOGYAKARTA",3,3,0,0,98007,94515,86,3406
"2022-01-11","DAERAH ISTIMEWA YOGYAKARTA",7,3,4,0,98014,94518,90,3406
"2022-01-12","DAERAH ISTIMEWA YOGYAKARTA",7,4,3,0,98021,94522,93,3406
"2022-01-13","DAERAH ISTIMEWA YOGYAKARTA",8,5,2,1,98029,94527,95,3407
"2022-01-14","DAERAH ISTIMEWA YOGYAKARTA",3,3,0,0,98032,94530,95,3407
"2022-01-15","DAERAH ISTIMEWA YOGYAKARTA",3,4,-1,0,98035,94534,94,3407
"2022-01-16","DAERAH ISTIMEWA YOGYAKARTA",9,4,5,0,98044,94538,99,3407
"2022-01-17","DAERAH ISTIMEWA YOGYAKARTA",8,3,5,0,98052,94541,104,3407
"2022-01-18","DAERAH ISTIMEWA YOGYAKARTA",3,4,-1,0,98055,94545,103,3407
"2022-01-19","DAERAH ISTIMEWA YOGYAKARTA",6,4,2,0,98061,94549,105,3407
"2022-01-20","DAERAH ISTIMEWA YOGYAKARTA",5,5,0,0,98066,94554,105,3407
"2022-01-21","DAERAH ISTIMEWA YOGYAKARTA",6,6,0,0,98072,94560,105,3407
"2022-01-22","DAERAH ISTIMEWA YOGYAKARTA",10,4,6,0,98082,94564,111,3407
"2022-01-23","DAERAH ISTIMEWA YOGYAKARTA",8,4,4,0,98090,94568,115,3407
"2022-01-24","DAERAH ISTIMEWA YOGYAKARTA",12,4,8,0,98102,94572,123,3407
"2022-01-25","DAERAH ISTIMEWA YOGYAKARTA",25,3,21,1,98127,94575,144,3408
"2022-01-26","DAERAH ISTIMEWA YOGYAKARTA",23,8,15,0,98150,94583,159,3408
"2022-01-27","DAERAH ISTIMEWA YOGYAKARTA",23,4,19,0,98173,94587,178,3408
"2022-01-28","DAERAH ISTIMEWA YOGYAKARTA",63,4,59,0,98236,94591,237,3408
"2022-01-29","DAERAH ISTIMEWA YOGYAKARTA",35,8,26,1,98271,94599,263,3409
"2022-01-30","DAERAH ISTIMEWA YOGYAKARTA",66,10,55,1,98337,94609,318,3410
"2022-01-31","DAERAH ISTIMEWA YOGYAKARTA",48,2,45,1,98385,94611,363,3411
"2022-02-01","DAERAH ISTIMEWA YOGYAKARTA",114,6,108,0,98499,94617,471,3411
"2022-02-02","DAERAH ISTIMEWA YOGYAKARTA",142,15,126,1,98641,94632,597,3412
"2022-02-03","DAERAH ISTIMEWA YOGYAKARTA",219,6,213,0,98860,94638,810,3412
"2022-02-04","DAERAH ISTIMEWA YOGYAKARTA",273,10,263,0,99133,94648,1073,3412
"2022-02-05","DAERAH ISTIMEWA YOGYAKARTA",263,19,244,0,99396,94667,1317,3412
"2022-02-06","DAERAH ISTIMEWA YOGYAKARTA",280,15,263,2,99676,94682,1580,3414
"2022-02-07","DAERAH ISTIMEWA YOGYAKARTA",149,26,123,0,99825,94708,1703,3414
"2022-02-08","DAERAH ISTIMEWA YOGYAKARTA",331,52,278,1,100156,94760,1981,3415
"2022-02-09","DAERAH ISTIMEWA YOGYAKARTA",531,23,506,2,100687,94783,2487,3417
"2022-02-10","DAERAH ISTIMEWA YOGYAKARTA",614,66,547,1,101301,94849,3034,3418
"2022-02-11","DAERAH ISTIMEWA YOGYAKARTA",610,40,568,2,101911,94889,3602,3420
"2022-02-12","DAERAH ISTIMEWA YOGYAKARTA",1065,23,1042,0,102976,94912,4644,3420
"2022-02-13","DAERAH ISTIMEWA YOGYAKARTA",1010,145,863,2,103986,95057,5507,3422
"2022-02-14","DAERAH ISTIMEWA YOGYAKARTA",671,85,584,2,104657,95142,6091,3424
"2022-02-15","DAERAH ISTIMEWA YOGYAKARTA",1402,152,1247,3,106059,95294,7338,3427
"2022-02-16","DAERAH ISTIMEWA YOGYAKARTA",1476,178,1293,5,107535,95472,8631,3432
"2022-02-17","DAERAH ISTIMEWA YOGYAKARTA",1531,125,1404,2,109066,95597,10035,3434
"2022-02-18","DAERAH ISTIMEWA YOGYAKARTA",1633,138,1490,5,110699,95735,11525,3439
"2022-02-19","DAERAH ISTIMEWA YOGYAKARTA",1964,163,1798,3,112663,95898,13323,3442
"2022-02-20","DAERAH ISTIMEWA YOGYAKARTA",1807,403,1400,4,114470,96301,14723,3446
"2022-02-21","DAERAH ISTIMEWA YOGYAKARTA",1274,388,881,5,115744,96689,15604,3451
"2022-02-22","DAERAH ISTIMEWA YOGYAKARTA",2450,417,2027,6,118194,97106,17631,3457
"2022-02-23","DAERAH ISTIMEWA YOGYAKARTA",2635,553,2074,8,120829,97659,19705,3465
"2022-02-24","DAERAH ISTIMEWA YOGYAKARTA",2866,813,2045,8,123695,98472,21750,3473
"2022-02-25","DAERAH ISTIMEWA YOGYAKARTA",2778,485,2284,9,126473,98957,24034,3482
"2022-02-26","DAERAH ISTIMEWA YOGYAKARTA",2750,365,2375,10,129223,99322,26409,3492
"2022-02-27","DAERAH ISTIMEWA YOGYAKARTA",2050,845,1192,13,131273,100167,27601,3505
"2022-02-28","DAERAH ISTIMEWA YOGYAKARTA",1253,621,617,15,132526,100788,28218,3520
"2022-03-01","DAERAH ISTIMEWA YOGYAKARTA",1600,791,796,13,134126,101579,29014,3533
"2022-03-02","DAERAH ISTIMEWA YOGYAKARTA",2721,503,2202,16,136847,102082,31216,3549
"2022-03-03","DAERAH ISTIMEWA YOGYAKARTA",2541,1391,1130,20,139388,103473,32346,3569
"2022-03-04","DAERAH ISTIMEWA YOGYAKARTA",2229,1008,1201,20,141617,104481,33547,3589
"2022-03-05","DAERAH ISTIMEWA YOGYAKARTA",2179,1462,697,20,143796,105943,34244,3609
"2022-03-06","DAERAH ISTIMEWA YOGYAKARTA",1771,1436,315,20,145567,107379,34559,3629
"2022-03-07","DAERAH ISTIMEWA YOGYAKARTA",1310,1290,4,16,146877,108669,34563,3645
"2022-03-08","DAERAH ISTIMEWA YOGYAKARTA",21,125,-116,12,146898,108794,34447,3657
"2020-03-19","JAWA TIMUR",3,0,3,0,3,0,3,0
"2020-03-20","JAWA TIMUR",2,0,2,0,5,0,5,0
"2020-03-21","JAWA TIMUR",2,0,1,1,7,0,6,1
"2020-03-22","JAWA TIMUR",3,0,3,0,10,0,9,1
"2020-03-23","JAWA TIMUR",2,0,2,0,12,0,11,1
"2020-03-24","JAWA TIMUR",0,0,-1,1,12,0,10,2
"2020-03-25","JAWA TIMUR",9,1,8,0,21,1,18,2
"2020-03-26","JAWA TIMUR",10,0,10,0,31,1,28,2
"2020-03-27","JAWA TIMUR",3,0,3,0,34,1,31,2
"2020-03-28","JAWA TIMUR",4,2,2,0,38,3,33,2
"2020-03-29","JAWA TIMUR",5,28,-23,0,43,31,10,2
"2020-03-30","JAWA TIMUR",3,0,3,0,46,31,13,2
"2020-03-31","JAWA TIMUR",1,0,1,0,47,31,14,2
"2020-04-01","JAWA TIMUR",5,50,-47,2,52,81,-33,4
"2020-04-02","JAWA TIMUR",0,57,-66,9,52,138,-99,13
"2020-04-03","JAWA TIMUR",14,0,14,0,66,138,-85,13
"2020-04-04","JAWA TIMUR",5,3,1,1,71,141,-84,14
"2020-04-05","JAWA TIMUR",24,1,23,0,95,142,-61,14
"2020-04-06","JAWA TIMUR",8,3,2,3,103,145,-59,17
"2020-04-07","JAWA TIMUR",4,0,1,3,107,145,-58,20
"2020-04-08","JAWA TIMUR",15,9,-13,19,122,154,-71,39
"2020-04-09","JAWA TIMUR",24,35,-21,10,146,189,-92,49
"2020-04-10","JAWA TIMUR",18,26,-9,1,164,215,-101,50
"2020-04-11","JAWA TIMUR",11,23,-17,5,175,238,-118,55
"2020-04-12","JAWA TIMUR",21,3,17,1,196,241,-101,56
"2020-04-13","JAWA TIMUR",19,1,17,1,215,242,-84,57
"2020-04-14","JAWA TIMUR",12,8,4,0,227,250,-80,57
"2020-04-15","JAWA TIMUR",2,1,-1,2,229,251,-81,59
"2020-04-16","JAWA TIMUR",6,3,2,1,235,254,-79,60
"2020-04-17","JAWA TIMUR",6,0,4,2,241,254,-75,62
"2020-04-18","JAWA TIMUR",9,4,4,1,250,258,-71,63
"2020-04-19","JAWA TIMUR",7,0,6,1,257,258,-65,64
"2020-04-20","JAWA TIMUR",3,0,3,0,260,258,-62,64
"2020-04-21","JAWA TIMUR",0,1,-2,1,260,259,-64,65
"2020-04-22","JAWA TIMUR",25,6,18,1,285,265,-46,66
"2020-04-23","JAWA TIMUR",10,0,8,2,295,265,-38,68
"2020-04-24","JAWA TIMUR",10,2,3,5,305,267,-35,73
"2020-04-25","JAWA TIMUR",32,0,29,3,337,267,-6,76
"2020-04-26","JAWA TIMUR",16,0,12,4,353,267,6,80
"2020-04-27","JAWA TIMUR",4,1,0,3,357,268,6,83
"2020-04-28","JAWA TIMUR",31,7,24,0,388,275,30,83
"2020-04-29","JAWA TIMUR",14,0,14,0,402,275,44,83
"2020-04-30","JAWA TIMUR",27,7,20,0,429,282,64,83
"2020-05-01","JAWA TIMUR",21,27,-7,1,450,309,57,84
"2020-05-02","JAWA TIMUR",6,35,-32,3,456,344,25,87
"2020-05-03","JAWA TIMUR",15,0,13,2,471,344,38,89
"2020-05-04","JAWA TIMUR",11,4,7,0,482,348,45,89
"2020-05-05","JAWA TIMUR",25,7,16,2,507,355,61,91
"2020-05-06","JAWA TIMUR",23,5,14,4,530,360,75,95
"2020-05-07","JAWA TIMUR",23,4,17,2,553,364,92,97
"2020-05-08","JAWA TIMUR",21,18,-6,9,574,382,86,106
"2020-05-09","JAWA TIMUR",79,57,18,4,653,439,104,110
"2020-05-10","JAWA TIMUR",35,20,13,2,688,459,117,112
"2020-05-11","JAWA TIMUR",21,26,-13,8,709,485,104,120
"2020-05-12","JAWA TIMUR",35,20,14,1,744,505,118,121
"2020-05-13","JAWA TIMUR",66,7,58,1,810,512,176,122
"2020-05-14","JAWA TIMUR",25,5,18,2,835,517,194,124
"2020-05-15","JAWA TIMUR",25,5,15,5,860,522,209,129
"2020-05-16","JAWA TIMUR",69,12,53,4,929,534,262,133
"2020-05-17","JAWA TIMUR",10,10,-5,5,939,544,257,138
"2020-05-18","JAWA TIMUR",66,8,54,4,1005,552,311,142
"2020-05-19","JAWA TIMUR",15,4,6,5,1020,556,317,147
"2020-05-20","JAWA TIMUR",22,5,7,10,1042,561,324,157
"2020-05-21","JAWA TIMUR",70,4,59,7,1112,565,383,164
"2020-05-22","JAWA TIMUR",64,17,43,4,1176,582,426,168
"2020-05-23","JAWA TIMUR",142,22,110,10,1318,604,536,178
"2020-05-24","JAWA TIMUR",34,10,18,6,1352,614,554,184
"2020-05-25","JAWA TIMUR",178,10,162,6,1530,624,716,190
"2020-05-26","JAWA TIMUR",82,6,68,8,1612,630,784,198
"2020-05-27","JAWA TIMUR",143,17,114,12,1755,647,898,210
"2020-05-28","JAWA TIMUR",140,19,112,9,1895,666,1010,219
"2020-05-29","JAWA TIMUR",129,9,114,6,2024,675,1124,225
"2020-05-30","JAWA TIMUR",164,10,146,8,2188,685,1270,233
"2020-05-31","JAWA TIMUR",154,13,128,13,2342,698,1398,246
"2020-06-01","JAWA TIMUR",62,35,15,12,2404,733,1413,258
"2020-06-02","JAWA TIMUR",151,56,77,18,2555,789,1490,276
"2020-06-03","JAWA TIMUR",144,50,83,11,2699,839,1573,287
"2020-06-04","JAWA TIMUR",55,104,-63,14,2754,943,1510,301
"2020-06-05","JAWA TIMUR",113,60,36,17,2867,1003,1546,318
"2020-06-06","JAWA TIMUR",64,95,-44,13,2931,1098,1502,331
"2020-06-07","JAWA TIMUR",251,91,150,10,3182,1189,1652,341
"2020-06-08","JAWA TIMUR",292,112,168,12,3474,1301,1820,353
"2020-06-09","JAWA TIMUR",133,118,-7,22,3607,1419,1813,375
"2020-06-10","JAWA TIMUR",246,191,32,23,3853,1610,1845,398
"2020-06-11","JAWA TIMUR",214,73,117,24,4067,1683,1962,422
"2020-06-12","JAWA TIMUR",197,161,12,24,4264,1844,1974,446
"2020-06-13","JAWA TIMUR",170,88,66,16,4434,1932,2040,462
"2020-06-14","JAWA TIMUR",155,54,87,14,4589,1986,2127,476
"2020-06-15","JAWA TIMUR",257,89,149,19,4846,2075,2276,495
"2020-06-16","JAWA TIMUR",171,46,113,12,5017,2121,2389,507
"2020-06-17","JAWA TIMUR",176,221,-66,21,5193,2342,2323,528
"2020-06-18","JAWA TIMUR",274,248,9,17,5467,2590,2332,545
"2020-06-19","JAWA TIMUR",160,99,46,15,5627,2689,2378,560
"2020-06-20","JAWA TIMUR",229,240,-22,11,5856,2929,2356,571
"2020-06-21","JAWA TIMUR",113,107,-4,10,5969,3036,2352,581
"2020-06-22","JAWA TIMUR",279,101,170,8,6248,3137,2522,589
"2020-06-23","JAWA TIMUR",192,111,69,12,6440,3248,2591,601
"2020-06-24","JAWA TIMUR",139,142,-18,15,6579,3390,2573,616
"2020-06-25","JAWA TIMUR",256,133,108,15,6835,3523,2681,631
"2020-06-26","JAWA TIMUR",299,158,121,20,7134,3681,2802,651
"2020-06-27","JAWA TIMUR",216,91,106,19,7350,3772,2908,670
"2020-06-28","JAWA TIMUR",183,160,9,14,7533,3932,2917,684
"2020-06-29","JAWA TIMUR",154,94,44,16,7687,4026,2961,700
"2020-06-30","JAWA TIMUR",321,189,115,17,8008,4215,3076,717
"2020-07-01","JAWA TIMUR",271,105,148,18,8279,4320,3224,735
"2020-07-02","JAWA TIMUR",278,198,56,24,8557,4518,3280,759
"2020-07-03","JAWA TIMUR",251,137,98,16,8808,4655,3378,775
"2020-07-04","JAWA TIMUR",312,125,167,20,9120,4780,3545,795
"2020-07-05","JAWA TIMUR",289,227,52,10,9409,5007,3597,805
"2020-07-06","JAWA TIMUR",213,212,-9,10,9622,5219,3588,815
"2020-07-07","JAWA TIMUR",236,109,112,15,9858,5328,3700,830
"2020-07-08","JAWA TIMUR",308,115,178,15,10166,5443,3878,845
"2020-07-09","JAWA TIMUR",302,151,133,18,10468,5594,4011,863
"2020-07-10","JAWA TIMUR",175,237,-73,11,10643,5831,3938,874
"2020-07-11","JAWA TIMUR",320,257,47,16,10963,6088,3985,890
"2020-07-12","JAWA TIMUR",290,246,29,15,11253,6334,4014,905
"2020-07-13","JAWA TIMUR",111,134,-38,15,11364,6468,3976,920
"2020-07-14","JAWA TIMUR",184,189,-25,20,11548,6657,3951,940
"2020-07-15","JAWA TIMUR",194,213,-48,29,11742,6870,3903,969
"2020-07-16","JAWA TIMUR",120,119,-13,14,11862,6989,3890,983
"2020-07-17","JAWA TIMUR",143,186,-57,14,12005,7175,3833,997
"2020-07-18","JAWA TIMUR",185,168,2,15,12190,7343,3835,1012
"2020-07-19","JAWA TIMUR",251,197,17,37,12441,7540,3852,1049
"2020-07-20","JAWA TIMUR",206,198,-11,19,12647,7738,3841,1068
"2020-07-21","JAWA TIMUR",205,268,-86,23,12852,8006,3755,1091
"2020-07-22","JAWA TIMUR",250,211,14,25,13102,8217,3769,1116
"2020-07-23","JAWA TIMUR",229,173,30,26,13331,8390,3799,1142
"2020-07-24","JAWA TIMUR",425,185,218,22,13756,8575,4017,1164
"2020-07-25","JAWA TIMUR",195,190,-14,19,13951,8765,4003,1183
"2020-07-26","JAWA TIMUR",229,165,39,25,14180,8930,4042,1208
"2020-07-27","JAWA TIMUR",196,207,-27,16,14376,9137,4015,1224
"2020-07-28","JAWA TIMUR",167,220,-78,25,14543,9357,3937,1249
"2020-07-29","JAWA TIMUR",220,267,-64,17,14763,9624,3873,1266
"2020-07-30","JAWA TIMUR",208,189,5,14,14971,9813,3878,1280
"2020-07-31","JAWA TIMUR",209,165,32,12,15180,9978,3910,1292
"2020-08-01","JAWA TIMUR",516,167,336,13,15696,10145,4246,1305
"2020-08-02","JAWA TIMUR",219,155,48,16,15915,10300,4294,1321
"2020-08-03","JAWA TIMUR",220,171,39,10,16135,10471,4333,1331
"2020-08-04","JAWA TIMUR",219,155,49,15,16354,10626,4382,1346
"2020-08-05","JAWA TIMUR",253,255,-5,3,16607,10881,4377,1349
"2020-08-06","JAWA TIMUR",197,263,-80,14,16804,11144,4297,1363
"2020-08-07","JAWA TIMUR",236,380,-157,13,17040,11524,4140,1376
"2020-08-08","JAWA TIMUR",274,183,75,16,17314,11707,4215,1392
"2020-08-09","JAWA TIMUR",260,261,-22,21,17574,11968,4193,1413
"2020-08-10","JAWA TIMUR",251,310,-73,14,17825,12278,4120,1427
"2020-08-11","JAWA TIMUR",232,194,21,17,18057,12472,4141,1444
"2020-08-12","JAWA TIMUR",234,385,-176,25,18291,12857,3965,1469
"2020-08-13","JAWA TIMUR",209,470,-288,27,18500,13327,3677,1496
"2020-08-14","JAWA TIMUR",120,276,-182,26,18620,13603,3495,1522
"2020-08-15","JAWA TIMUR",149,304,-175,20,18769,13907,3320,1542
"2020-08-16","JAWA TIMUR",245,333,-100,12,19014,14240,3220,1554
"2020-08-17","JAWA TIMUR",145,328,-201,18,19159,14568,3019,1572
"2020-08-18","JAWA TIMUR",143,297,-167,13,19302,14865,2852,1585
"2020-08-19","JAWA TIMUR",158,351,-213,20,19460,15216,2639,1605
"2020-08-20","JAWA TIMUR",129,305,-192,16,19589,15521,2447,1621
"2020-08-21","JAWA TIMUR",192,319,-154,27,19781,15840,2293,1648
"2020-08-22","JAWA TIMUR",163,269,-128,22,19944,16109,2165,1670
"2020-08-23","JAWA TIMUR",110,284,-192,18,20054,16393,1973,1688
"2020-08-24","JAWA TIMUR",155,240,-101,16,20209,16633,1872,1704
"2020-08-25","JAWA TIMUR",139,180,-54,13,20348,16813,1818,1717
"2020-08-26","JAWA TIMUR",153,174,-41,20,20501,16987,1777,1737
"2020-08-27","JAWA TIMUR",169,161,-11,19,20670,17148,1766,1756
"2020-08-28","JAWA TIMUR",175,160,-4,19,20845,17308,1762,1775
"2020-08-29","JAWA TIMUR",143,114,18,11,20988,17422,1780,1786
"2020-08-30","JAWA TIMUR",231,232,-24,23,21219,17654,1756,1809
"2020-08-31","JAWA TIMUR",118,300,-208,26,21337,17954,1548,1835
"2020-09-01","JAWA TIMUR",144,184,-48,8,21481,18138,1500,1843
"2020-09-02","JAWA TIMUR",178,185,-14,7,21659,18323,1486,1850
"2020-09-03","JAWA TIMUR",170,132,17,21,21829,18455,1503,1871
"2020-09-04","JAWA TIMUR",174,138,6,30,22003,18593,1509,1901
"2020-09-05","JAWA TIMUR",132,149,-21,4,22135,18742,1488,1905
"2020-09-06","JAWA TIMUR",155,107,31,17,22290,18849,1519,1922
"2020-09-07","JAWA TIMUR",131,182,-64,13,22421,19031,1455,1935
"2020-09-08","JAWA TIMUR",236,155,68,13,22657,19186,1523,1948
"2020-09-09","JAWA TIMUR",158,173,-38,23,22815,19359,1485,1971
"2020-09-10","JAWA TIMUR",151,120,16,15,22966,19479,1501,1986
"2020-09-11","JAWA TIMUR",173,124,31,18,23139,19603,1532,2004
"2020-09-12","JAWA TIMUR",152,160,-23,15,23291,19763,1509,2019
"2020-09-13","JAWA TIMUR",100,153,-70,17,23391,19916,1439,2036
"2020-09-14","JAWA TIMUR",177,147,18,12,23568,20063,1457,2048
"2020-09-15","JAWA TIMUR",168,143,16,9,23736,20206,1473,2057
"2020-09-16","JAWA TIMUR",176,151,13,12,23912,20357,1486,2069
"2020-09-17","JAWA TIMUR",136,142,-17,11,24048,20499,1469,2080
"2020-09-18","JAWA TIMUR",137,170,-42,9,24185,20669,1427,2089
"2020-09-19","JAWA TIMUR",154,145,-9,18,24339,20814,1418,2107
"2020-09-20","JAWA TIMUR",131,113,8,10,24470,20927,1426,2117
"2020-09-21","JAWA TIMUR",158,104,47,7,24628,21031,1473,2124
"2020-09-22","JAWA TIMUR",138,135,-8,11,24766,21166,1465,2135
"2020-09-23","JAWA TIMUR",173,146,17,10,24939,21312,1482,2145
"2020-09-24","JAWA TIMUR",173,130,38,5,25112,21442,1520,2150
"2020-09-25","JAWA TIMUR",138,156,-26,8,25250,21598,1494,2158
"2020-09-26","JAWA TIMUR",130,161,-37,6,25380,21759,1457,2164
"2020-09-27","JAWA TIMUR",83,174,-98,7,25463,21933,1359,2171
"2020-09-28","JAWA TIMUR",115,183,-75,7,25578,22116,1284,2178
"2020-09-29","JAWA TIMUR",113,142,-38,9,25691,22258,1246,2187
"2020-09-30","JAWA TIMUR",345,371,-61,35,26036,22629,1185,2222
"2020-10-01","JAWA TIMUR",428,135,283,10,26464,22764,1468,2232
"2020-10-02","JAWA TIMUR",105,117,-23,11,26569,22881,1445,2243
"2020-10-03","JAWA TIMUR",135,107,24,4,26704,22988,1469,2247
"2020-10-04","JAWA TIMUR",120,134,-22,8,26824,23122,1447,2255
"2020-10-05","JAWA TIMUR",108,93,13,2,26932,23215,1460,2257
"2020-10-06","JAWA TIMUR",118,102,16,0,27050,23317,1476,2257
"2020-10-07","JAWA TIMUR",128,137,-18,9,27178,23454,1458,2266
"2020-10-08","JAWA TIMUR",148,163,-26,11,27326,23617,1432,2277
"2020-10-09","JAWA TIMUR",125,174,-61,12,27451,23791,1371,2289
"2020-10-10","JAWA TIMUR",143,159,-23,7,27594,23950,1348,2296
"2020-10-11","JAWA TIMUR",112,127,-22,7,27706,24077,1326,2303
"2020-10-12","JAWA TIMUR",117,135,-25,7,27823,24212,1301,2310
"2020-10-13","JAWA TIMUR",152,143,1,8,27975,24355,1302,2318
"2020-10-14","JAWA TIMUR",121,168,-50,3,28096,24523,1252,2321
"2020-10-15","JAWA TIMUR",110,147,-46,9,28206,24670,1206,2330
"2020-10-16","JAWA TIMUR",118,178,-67,7,28324,24848,1139,2337
"2020-10-17","JAWA TIMUR",107,172,-78,13,28431,25020,1061,2350
"2020-10-18","JAWA TIMUR",91,143,-57,5,28522,25163,1004,2355
"2020-10-19","JAWA TIMUR",90,168,-83,5,28612,25331,921,2360
"2020-10-20","JAWA TIMUR",97,134,-42,5,28709,25465,879,2365
"2020-10-21","JAWA TIMUR",101,130,-32,3,28810,25595,847,2368
"2020-10-22","JAWA TIMUR",92,116,-31,7,28902,25711,816,2375
"2020-10-23","JAWA TIMUR",95,143,-56,8,28997,25854,760,2383
"2020-10-24","JAWA TIMUR",92,149,-63,6,29089,26003,697,2389
"2020-10-25","JAWA TIMUR",84,100,-18,2,29173,26103,679,2391
"2020-10-26","JAWA TIMUR",114,127,-20,7,29287,26230,659,2398
"2020-10-27","JAWA TIMUR",109,102,1,6,29396,26332,660,2404
"2020-10-28","JAWA TIMUR",106,85,14,7,29502,26417,674,2411
"2020-10-29","JAWA TIMUR",99,77,15,7,29601,26494,689,2418
"2020-10-30","JAWA TIMUR",80,348,-305,37,29681,26842,384,2455
"2020-10-31","JAWA TIMUR",80,85,-11,6,29761,26927,373,2461
"2020-11-01","JAWA TIMUR",474,120,345,9,30235,27047,718,2470
"2020-11-02","JAWA TIMUR",108,92,12,4,30343,27139,730,2474
"2020-11-03","JAWA TIMUR",76,107,-45,14,30419,27246,685,2488
"2020-11-04","JAWA TIMUR",79,94,-21,6,30498,27340,664,2494
"2020-11-05","JAWA TIMUR",81,76,-3,8,30579,27416,661,2502
"2020-11-06","JAWA TIMUR",96,123,-34,7,30675,27539,627,2509
"2020-11-07","JAWA TIMUR",85,83,-9,11,30760,27622,618,2520
"2020-11-08","JAWA TIMUR",78,100,-38,16,30838,27722,580,2536
"2020-11-09","JAWA TIMUR",92,131,-57,18,30930,27853,523,2554
"2020-11-10","JAWA TIMUR",140,95,31,14,31070,27948,554,2568
"2020-11-11","JAWA TIMUR",74,99,-36,11,31144,28047,518,2579
"2020-11-12","JAWA TIMUR",82,80,-11,13,31226,28127,507,2592
"2020-11-13","JAWA TIMUR",76,85,-19,10,31302,28212,488,2602
"2020-11-14","JAWA TIMUR",84,95,-22,11,31386,28307,466,2613
"2020-11-15","JAWA TIMUR",66,101,-38,3,31452,28408,428,2616
"2020-11-16","JAWA TIMUR",87,91,-18,14,31539,28499,410,2630
"2020-11-17","JAWA TIMUR",133,85,33,15,31672,28584,443,2645
"2020-11-18","JAWA TIMUR",130,86,35,9,31802,28670,478,2654
"2020-11-19","JAWA TIMUR",108,72,22,14,31910,28742,500,2668
"2020-11-20","JAWA TIMUR",127,96,22,9,32037,28838,522,2677
"2020-11-21","JAWA TIMUR",78,83,-14,9,32115,28921,508,2686
"2020-11-22","JAWA TIMUR",68,118,-59,9,32183,29039,449,2695
"2020-11-23","JAWA TIMUR",101,94,0,7,32284,29133,449,2702
"2020-11-24","JAWA TIMUR",99,78,7,14,32383,29211,456,2716
"2020-11-25","JAWA TIMUR",129,101,13,15,32512,29312,469,2731
"2020-11-26","JAWA TIMUR",123,104,10,9,32635,29416,479,2740
"2020-11-27","JAWA TIMUR",151,108,27,16,32786,29524,506,2756
"2020-11-28","JAWA TIMUR",169,151,5,13,32955,29675,511,2769
"2020-11-29","JAWA TIMUR",117,76,27,14,33072,29751,538,2783
"2020-11-30","JAWA TIMUR",140,429,-362,73,33212,30180,176,2856
"2020-12-01","JAWA TIMUR",141,122,7,12,33353,30302,183,2868
"2020-12-02","JAWA TIMUR",125,89,27,9,33478,30391,210,2877
"2020-12-03","JAWA TIMUR",117,110,-10,17,33595,30501,200,2894
"2020-12-04","JAWA TIMUR",146,112,26,8,33741,30613,226,2902
"2020-12-05","JAWA TIMUR",175,145,17,13,33916,30758,243,2915
"2020-12-06","JAWA TIMUR",158,97,51,10,34074,30855,294,2925
"2020-12-07","JAWA TIMUR",248,177,59,12,34322,31032,353,2937
"2020-12-08","JAWA TIMUR",276,187,74,15,34598,31219,427,2952
"2020-12-09","JAWA TIMUR",240,154,55,31,34838,31373,482,2983
"2020-12-10","JAWA TIMUR",258,195,45,18,35096,31568,527,3001
"2020-12-11","JAWA TIMUR",279,153,112,14,35375,31721,639,3015
"2020-12-12","JAWA TIMUR",327,125,172,30,35702,31846,811,3045
"2020-12-13","JAWA TIMUR",390,251,128,11,36092,32097,939,3056
"2020-12-14","JAWA TIMUR",377,220,148,9,36469,32317,1087,3065
"2020-12-15","JAWA TIMUR",359,316,16,27,36828,32633,1103,3092
"2020-12-16","JAWA TIMUR",391,222,145,24,37219,32855,1248,3116
"2020-12-17","JAWA TIMUR",476,358,100,18,37695,33213,1348,3134
"2020-12-18","JAWA TIMUR",397,293,78,26,38092,33506,1426,3160
"2020-12-19","JAWA TIMUR",343,295,21,27,38435,33801,1447,3187
"2020-12-20","JAWA TIMUR",357,312,19,26,38792,34113,1466,3213
"2020-12-21","JAWA TIMUR",410,247,143,20,39202,34360,1609,3233
"2020-12-22","JAWA TIMUR",353,334,-9,28,39555,34694,1600,3261
"2020-12-23","JAWA TIMUR",412,391,-6,27,39967,35085,1594,3288
"2020-12-24","JAWA TIMUR",412,333,50,29,40379,35418,1644,3317
"2020-12-25","JAWA TIMUR",352,229,85,38,40731,35647,1729,3355
"2020-12-26","JAWA TIMUR",408,347,29,32,41139,35994,1758,3387
"2020-12-27","JAWA TIMUR",336,314,-10,32,41475,36308,1748,3419
"2020-12-28","JAWA TIMUR",301,291,-28,38,41776,36599,1720,3457
"2020-12-29","JAWA TIMUR",312,389,-115,38,42088,36988,1605,3495
"2020-12-30","JAWA TIMUR",279,395,-147,31,42367,37383,1458,3526
"2020-12-31","JAWA TIMUR",1050,918,-2,134,43417,38301,1456,3660
"2021-01-01","JAWA TIMUR",367,294,42,31,43784,38595,1498,3691
"2021-01-02","JAWA TIMUR",327,442,-154,39,44111,39037,1344,3730
"2021-01-03","JAWA TIMUR",263,223,18,22,44374,39260,1362,3752
"2021-01-04","JAWA TIMUR",347,332,-21,36,44721,39592,1341,3788
"2021-01-05","JAWA TIMUR",355,313,1,41,45076,39905,1342,3829
"2021-01-06","JAWA TIMUR",446,489,-77,34,45522,40394,1265,3863
"2021-01-07","JAWA TIMUR",498,314,126,58,46020,40708,1391,3921
"2021-01-08","JAWA TIMUR",518,384,96,38,46538,41092,1487,3959
"2021-01-09","JAWA TIMUR",654,363,255,36,47192,41455,1742,3995
"2021-01-10","JAWA TIMUR",570,419,113,38,47762,41874,1855,4033
"2021-01-11","JAWA TIMUR",507,264,204,39,48269,42138,2059,4072
"2021-01-12","JAWA TIMUR",504,411,45,48,48773,42549,2104,4120
"2021-01-13","JAWA TIMUR",543,434,62,47,49316,42983,2166,4167
"2021-01-14","JAWA TIMUR",559,345,172,42,49875,43328,2338,4209
"2021-01-15","JAWA TIMUR",765,416,299,50,50640,43744,2637,4259
"2021-01-16","JAWA TIMUR",724,452,237,35,51364,44196,2874,4294
"2021-01-17","JAWA TIMUR",660,387,239,34,52024,44583,3113,4328
"2021-01-18","JAWA TIMUR",551,370,161,20,52575,44953,3274,4348
"2021-01-19","JAWA TIMUR",555,389,140,26,53130,45342,3414,4374
"2021-01-20","JAWA TIMUR",625,402,189,34,53755,45744,3603,4408
"2021-01-21","JAWA TIMUR",569,629,-89,29,54324,46373,3514,4437
"2021-01-22","JAWA TIMUR",590,494,75,21,54914,46867,3589,4458
"2021-01-23","JAWA TIMUR",545,631,-107,21,55459,47498,3482,4479
"2021-01-24","JAWA TIMUR",537,436,79,22,55996,47934,3561,4501
"2021-01-25","JAWA TIMUR",593,407,164,22,56589,48341,3725,4523
"2021-01-26","JAWA TIMUR",602,480,93,29,57191,48821,3818,4552
"2021-01-27","JAWA TIMUR",584,439,121,24,57775,49260,3939,4576
"2021-01-28","JAWA TIMUR",625,402,197,26,58400,49662,4136,4602
"2021-01-29","JAWA TIMUR",610,573,19,18,59010,50235,4155,4620
"2021-01-30","JAWA TIMUR",526,468,33,25,59536,50703,4188,4645
"2021-01-31","JAWA TIMUR",554,448,92,14,60090,51151,4280,4659
"2021-02-01","JAWA TIMUR",497,587,-117,27,60587,51738,4163,4686
"2021-02-02","JAWA TIMUR",525,599,-109,35,61112,52337,4054,4721
"2021-02-03","JAWA TIMUR",456,370,48,38,61568,52707,4102,4759
"2021-02-04","JAWA TIMUR",403,512,-139,30,61971,53219,3963,4789
"2021-02-05","JAWA TIMUR",521,474,21,26,62492,53693,3984,4815
"2021-02-06","JAWA TIMUR",481,453,-2,30,62973,54146,3982,4845
"2021-02-07","JAWA TIMUR",394,443,-61,12,63367,54589,3921,4857
"2021-02-08","JAWA TIMUR",402,464,-75,13,63769,55053,3846,4870
"2021-02-09","JAWA TIMUR",9,152,-156,13,63778,55205,3690,4883
"2021-02-10","JAWA TIMUR",5,165,-166,6,63783,55370,3524,4889
"2021-02-11","JAWA TIMUR",9,166,-164,7,63792,55536,3360,4896
"2021-02-12","JAWA TIMUR",3,118,-122,7,63795,55654,3238,4903
"2021-02-13","JAWA TIMUR",1,188,-190,3,63796,55842,3048,4906
"2021-02-14","JAWA TIMUR",0,47,-51,4,63796,55889,2997,4910
"2021-02-15","JAWA TIMUR",0,171,-176,5,63796,56060,2821,4915
"2021-02-16","JAWA TIMUR",2,3,-4,3,63798,56063,2817,4918
"2021-02-17","JAWA TIMUR",0,7,-9,2,63798,56070,2808,4920
"2021-02-18","JAWA TIMUR",0,25,-26,1,63798,56095,2782,4921
"2021-02-19","JAWA TIMUR",3,51,-49,1,63801,56146,2733,4922
"2021-02-20","JAWA TIMUR",24,106,-83,1,63825,56252,2650,4923
"2021-02-21","JAWA TIMUR",2,5,-4,1,63827,56257,2646,4924
"2021-02-22","JAWA TIMUR",433,43,368,22,64260,56300,3014,4946
"2021-02-23","JAWA TIMUR",547,95,438,14,64807,56395,3452,4960
"2021-02-24","JAWA TIMUR",580,332,233,15,65387,56727,3685,4975
"2021-02-25","JAWA TIMUR",553,132,399,22,65940,56859,4084,4997
"2021-02-26","JAWA TIMUR",544,286,243,15,66484,57145,4327,5012
"2021-02-27","JAWA TIMUR",445,222,207,16,66929,57367,4534,5028
"2021-02-28","JAWA TIMUR",324,363,-55,16,67253,57730,4479,5044
"2021-03-01","JAWA TIMUR",339,261,61,17,67592,57991,4540,5061
"2021-03-02","JAWA TIMUR",3,457,-467,13,67595,58448,4073,5074
"2021-03-03","JAWA TIMUR",0,204,-214,10,67595,58652,3859,5084
"2021-03-04","JAWA TIMUR",0,261,-265,4,67595,58913,3594,5088
"2021-03-05","JAWA TIMUR",3,263,-265,5,67598,59176,3329,5093
"2021-03-06","JAWA TIMUR",1,239,-244,6,67599,59415,3085,5099
"2021-03-07","JAWA TIMUR",0,157,-165,8,67599,59572,2920,5107
"2021-03-08","JAWA TIMUR",1,157,-162,6,67600,59729,2758,5113
"2021-03-09","JAWA TIMUR",2,184,-189,7,67602,59913,2569,5120
"2021-03-10","JAWA TIMUR",2,152,-156,6,67604,60065,2413,5126
"2021-03-11","JAWA TIMUR",7,144,-141,4,67611,60209,2272,5130
"2021-03-12","JAWA TIMUR",5,88,-84,1,67616,60297,2188,5131
"2021-03-13","JAWA TIMUR",2,47,-46,1,67618,60344,2142,5132
"2021-03-14","JAWA TIMUR",277,25,247,5,67895,60369,2389,5137
"2021-03-15","JAWA TIMUR",257,74,177,6,68152,60443,2566,5143
"2021-03-16","JAWA TIMUR",290,69,204,17,68442,60512,2770,5160
"2021-03-17","JAWA TIMUR",321,116,179,26,68763,60628,2949,5186
"2021-03-18","JAWA TIMUR",338,189,128,21,69101,60817,3077,5207
"2021-03-19","JAWA TIMUR",305,177,95,33,69406,60994,3172,5240
"2021-03-20","JAWA TIMUR",288,215,6,67,69694,61209,3178,5307
"2021-03-21","JAWA TIMUR",291,365,-89,15,69985,61574,3089,5322
"2021-03-22","JAWA TIMUR",271,214,35,22,70256,61788,3124,5344
"2021-03-23","JAWA TIMUR",238,264,-47,21,70494,62052,3077,5365
"2021-03-24","JAWA TIMUR",289,486,-215,18,70783,62538,2862,5383
"2021-03-25","JAWA TIMUR",0,296,-308,12,70783,62834,2554,5395
"2021-03-26","JAWA TIMUR",1,311,-322,12,70784,63145,2232,5407
"2021-03-27","JAWA TIMUR",0,378,-385,7,70784,63523,1847,5414
"2021-03-28","JAWA TIMUR",0,250,-257,7,70784,63773,1590,5421
"2021-03-29","JAWA TIMUR",1,420,-431,12,70785,64193,1159,5433
"2021-03-30","JAWA TIMUR",0,263,-275,12,70785,64456,884,5445
"2021-03-31","JAWA TIMUR",0,92,-99,7,70785,64548,785,5452
"2021-04-01","JAWA TIMUR",1,83,-85,3,70786,64631,700,5455
"2021-04-02","JAWA TIMUR",0,58,-62,4,70786,64689,638,5459
"2021-04-03","JAWA TIMUR",230,55,168,7,71016,64744,806,5466
"2021-04-04","JAWA TIMUR",220,74,135,11,71236,64818,941,5477
"2021-04-05","JAWA TIMUR",229,67,146,16,71465,64885,1087,5493
"2021-04-06","JAWA TIMUR",293,53,228,12,71758,64938,1315,5505
"2021-04-07","JAWA TIMUR",346,123,190,33,72104,65061,1505,5538
"2021-04-08","JAWA TIMUR",297,118,161,18,72401,65179,1666,5556
"2021-04-09","JAWA TIMUR",308,151,143,14,72709,65330,1809,5570
"2021-04-10","JAWA TIMUR",277,155,100,22,72986,65485,1909,5592
"2021-04-11","JAWA TIMUR",247,269,-41,19,73233,65754,1868,5611
"2021-04-12","JAWA TIMUR",250,181,42,27,73483,65935,1910,5638
"2021-04-13","JAWA TIMUR",248,175,46,27,73731,66110,1956,5665
"2021-04-14","JAWA TIMUR",262,215,25,22,73993,66325,1981,5687
"2021-04-15","JAWA TIMUR",0,202,-218,16,73993,66527,1763,5703
"2021-04-16","JAWA TIMUR",0,216,-227,11,73993,66743,1536,5714
"2021-04-17","JAWA TIMUR",0,190,-201,11,73993,66933,1335,5725
"2021-04-18","JAWA TIMUR",0,151,-159,8,73993,67084,1176,5733
"2021-04-19","JAWA TIMUR",0,163,-176,13,73993,67247,1000,5746
"2021-04-20","JAWA TIMUR",0,113,-123,10,73993,67360,877,5756
"2021-04-21","JAWA TIMUR",2,99,-103,6,73995,67459,774,5762
"2021-04-22","JAWA TIMUR",0,102,-105,3,73995,67561,669,5765
"2021-04-23","JAWA TIMUR",300,90,199,11,74295,67651,868,5776
"2021-04-24","JAWA TIMUR",258,106,140,12,74553,67757,1008,5788
"2021-04-25","JAWA TIMUR",236,87,133,16,74789,67844,1141,5804
"2021-04-26","JAWA TIMUR",246,112,124,10,75035,67956,1265,5814
"2021-04-27","JAWA TIMUR",237,96,127,14,75272,68052,1392,5828
"2021-04-28","JAWA TIMUR",297,96,180,21,75569,68148,1572,5849
"2021-04-29","JAWA TIMUR",325,138,168,19,75894,68286,1740,5868
"2021-04-30","JAWA TIMUR",317,165,136,16,76211,68451,1876,5884
"2021-05-01","JAWA TIMUR",231,155,62,14,76442,68606,1938,5898
"2021-05-02","JAWA TIMUR",206,165,13,28,76648,68771,1951,5926
"2021-05-03","JAWA TIMUR",215,208,-12,19,76863,68979,1939,5945
"2021-05-04","JAWA TIMUR",290,206,54,30,77153,69185,1993,5975
"2021-05-05","JAWA TIMUR",0,194,-211,17,77153,69379,1782,5992
"2021-05-06","JAWA TIMUR",0,203,-223,20,77153,69582,1559,6012
"2021-05-07","JAWA TIMUR",3,208,-212,7,77156,69790,1347,6019
"2021-05-08","JAWA TIMUR",2,159,-166,9,77158,69949,1181,6028
"2021-05-09","JAWA TIMUR",2,135,-134,1,77160,70084,1047,6029
"2021-05-10","JAWA TIMUR",0,113,-121,8,77160,70197,926,6037
"2021-05-11","JAWA TIMUR",0,113,-122,9,77160,70310,804,6046
"2021-05-12","JAWA TIMUR",0,85,-93,8,77160,70395,711,6054
"2021-05-13","JAWA TIMUR",147,65,76,6,77307,70460,787,6060
"2021-05-14","JAWA TIMUR",142,74,60,8,77449,70534,847,6068
"2021-05-15","JAWA TIMUR",183,126,38,19,77632,70660,885,6087
"2021-05-16","JAWA TIMUR",163,55,95,13,77795,70715,980,6100
"2021-05-17","JAWA TIMUR",202,89,96,17,77997,70804,1076,6117
"2021-05-18","JAWA TIMUR",227,105,105,17,78224,70909,1181,6134
"2021-05-19","JAWA TIMUR",254,105,127,22,78478,71014,1308,6156
"2021-05-20","JAWA TIMUR",260,142,99,19,78738,71156,1407,6175
"2021-05-21","JAWA TIMUR",243,112,119,12,78981,71268,1526,6187
"2021-05-22","JAWA TIMUR",233,143,76,14,79214,71411,1602,6201
"2021-05-23","JAWA TIMUR",228,161,53,14,79442,71572,1655,6215
"2021-05-24","JAWA TIMUR",227,173,40,14,79669,71745,1695,6229
"2021-05-25","JAWA TIMUR",217,170,26,21,79886,71915,1721,6250
"2021-05-26","JAWA TIMUR",256,119,118,19,80142,72034,1839,6269
"2021-05-27","JAWA TIMUR",0,166,-183,17,80142,72200,1656,6286
"2021-05-28","JAWA TIMUR",0,166,-178,12,80142,72366,1478,6298
"2021-05-29","JAWA TIMUR",1,244,-256,13,80143,72610,1222,6311
"2021-05-30","JAWA TIMUR",0,100,-110,10,80143,72710,1112,6321
"2021-05-31","JAWA TIMUR",0,157,-166,9,80143,72867,946,6330
"2021-06-01","JAWA TIMUR",0,102,-107,5,80143,72969,839,6335
"2021-06-02","JAWA TIMUR",239,90,135,14,80382,73059,974,6349
"2021-06-03","JAWA TIMUR",260,105,139,16,80642,73164,1113,6365
"2021-06-04","JAWA TIMUR",301,119,165,17,80943,73283,1278,6382
"2021-06-05","JAWA TIMUR",244,90,134,20,81187,73373,1412,6402
"2021-06-06","JAWA TIMUR",276,100,165,11,81463,73473,1577,6413
"2021-06-07","JAWA TIMUR",301,131,150,20,81764,73604,1727,6433
"2021-06-08","JAWA TIMUR",389,164,196,29,82153,73768,1923,6462
"2021-06-09","JAWA TIMUR",401,167,206,28,82554,73935,2129,6490
"2021-06-10","JAWA TIMUR",424,173,225,26,82978,74108,2354,6516
"2021-06-11","JAWA TIMUR",0,202,-233,31,82978,74310,2121,6547
"2021-06-12","JAWA TIMUR",0,157,-172,15,82978,74467,1949,6562
"2021-06-13","JAWA TIMUR",1,225,-243,19,82979,74692,1706,6581
"2021-06-14","JAWA TIMUR",0,182,-196,14,82979,74874,1510,6595
"2021-06-15","JAWA TIMUR",1,137,-149,13,82980,75011,1361,6608
"2021-06-16","JAWA TIMUR",1,117,-124,8,82981,75128,1237,6616
"2021-06-17","JAWA TIMUR",0,117,-128,11,82981,75245,1109,6627
"2021-06-18","JAWA TIMUR",1,124,-127,4,82982,75369,982,6631
"2021-06-19","JAWA TIMUR",1,104,-115,12,82983,75473,867,6643
"2021-06-20","JAWA TIMUR",3,74,-78,7,82986,75547,789,6650
"2021-06-21","JAWA TIMUR",1,66,-73,8,82987,75613,716,6658
"2021-06-22","JAWA TIMUR",745,81,653,11,83732,75694,1369,6669
"2021-06-23","JAWA TIMUR",873,97,741,35,84605,75791,2110,6704
"2021-06-24","JAWA TIMUR",942,121,779,42,85547,75912,2889,6746
"2021-06-25","JAWA TIMUR",973,131,806,36,86520,76043,3695,6782
"2021-06-26","JAWA TIMUR",3,154,-178,27,86523,76197,3517,6809
"2021-06-27","JAWA TIMUR",3,152,-174,25,86526,76349,3343,6834
"2021-06-28","JAWA TIMUR",2,165,-179,16,86528,76514,3164,6850
"2021-06-29","JAWA TIMUR",0,168,-188,20,86528,76682,2976,6870
"2021-06-30","JAWA TIMUR",3,196,-222,29,86531,76878,2754,6899
"2021-07-01","JAWA TIMUR",23,259,-244,8,86554,77137,2510,6907
"2021-07-02","JAWA TIMUR",6,312,-318,12,86560,77449,2192,6919
"2021-07-03","JAWA TIMUR",3,206,-216,13,86563,77655,1976,6932
"2021-07-04","JAWA TIMUR",1468,243,1192,33,88031,77898,3168,6965
"2021-07-05","JAWA TIMUR",1538,450,1034,54,89569,78348,4202,7019
"2021-07-06","JAWA TIMUR",1805,624,1113,68,91374,78972,5315,7087
"2021-07-07","JAWA TIMUR",2545,650,1767,128,93919,79622,7082,7215
"2021-07-08","JAWA TIMUR",2547,698,1719,130,96466,80320,8801,7345
"2021-07-09","JAWA TIMUR",2531,1137,1254,140,98997,81457,10055,7485
"2021-07-10","JAWA TIMUR",2236,973,1117,146,101233,82430,11172,7631
"2021-07-11","JAWA TIMUR",2415,905,1282,228,103648,83335,12454,7859
"2021-07-12","JAWA TIMUR",2578,899,1534,145,106226,84234,13988,8004
"2021-07-13","JAWA TIMUR",3842,1500,2181,161,110068,85734,16169,8165
"2021-07-14","JAWA TIMUR",1157,1421,-438,174,111225,87155,15731,8339
"2021-07-15","JAWA TIMUR",1103,1235,-254,122,112328,88390,15477,8461
"2021-07-16","JAWA TIMUR",1156,1061,-49,144,113484,89451,15428,8605
"2021-07-17","JAWA TIMUR",3808,1096,2601,111,117292,90547,18029,8716
"2021-07-18","JAWA TIMUR",5647,1123,4371,153,122939,91670,22400,8869
"2021-07-19","JAWA TIMUR",4372,1422,2758,192,127311,93092,25158,9061
"2021-07-20","JAWA TIMUR",5565,1515,3876,174,132876,94607,29034,9235
"2021-07-21","JAWA TIMUR",3795,1749,1786,260,136671,96356,30820,9495
"2021-07-22","JAWA TIMUR",6434,2022,4216,196,143105,98378,35036,9691
"2021-07-23","JAWA TIMUR",6621,2526,3804,291,149726,100904,38840,9982
"2021-07-24","JAWA TIMUR",5398,2852,2253,293,155124,103756,41093,10275
"2021-07-25","JAWA TIMUR",4552,3286,1003,263,159676,107042,42096,10538
"2021-07-26","JAWA TIMUR",3000,2884,-216,332,162676,109926,41880,10870
"2021-07-27","JAWA TIMUR",5809,3433,2091,285,168485,113359,43971,11155
"2021-07-28","JAWA TIMUR",5771,3599,1817,355,174256,116958,45788,11510
"2021-07-29","JAWA TIMUR",4966,3119,1533,314,179222,120077,47321,11824
"2021-07-30","JAWA TIMUR",4749,4363,28,358,183971,124440,47349,12182
"2021-07-31","JAWA TIMUR",4314,4331,-321,304,188285,128771,47028,12486
"2021-08-01","JAWA TIMUR",3452,5155,-2021,318,191737,133926,45007,12804
"2021-08-02","JAWA TIMUR",2333,4119,-2113,327,194070,138045,42894,13131
"2021-08-03","JAWA TIMUR",2189,3991,-2100,298,196259,142036,40794,13429
"2021-08-04","JAWA TIMUR",669,3653,-3256,272,196928,145689,37538,13701
"2021-08-05","JAWA TIMUR",705,3756,-3255,204,197633,149445,34283,13905
"2021-08-06","JAWA TIMUR",697,3810,-3292,179,198330,153255,30991,14084
"2021-08-07","JAWA TIMUR",635,3367,-2875,143,198965,156622,28116,14227
"2021-08-08","JAWA TIMUR",433,2387,-2109,155,199398,159009,26007,14382
"2021-08-09","JAWA TIMUR",1572,2308,-844,108,200970,161317,25163,14490
"2021-08-10","JAWA TIMUR",3515,3240,139,136,204485,164557,25302,14626
"2021-08-11","JAWA TIMUR",2769,3112,-537,194,207254,167669,24765,14820
"2021-08-12","JAWA TIMUR",3073,3055,-172,190,210327,170724,24593,15010
"2021-08-13","JAWA TIMUR",3957,3059,719,179,214284,173783,25312,15189
"2021-08-14","JAWA TIMUR",3006,2956,-141,191,217290,176739,25171,15380
"2021-08-15","JAWA TIMUR",1558,2243,-863,178,218848,178982,24308,15558
"2021-08-16","JAWA TIMUR",1398,2012,-797,183,220246,180994,23511,15741
"2021-08-17","JAWA TIMUR",2078,2331,-455,202,222324,183325,23056,15943
"2021-08-18","JAWA TIMUR",1336,1986,-833,183,223660,185311,22223,16126
"2021-08-19","JAWA TIMUR",2683,2663,-169,189,226343,187974,22054,16315
"2021-08-20","JAWA TIMUR",2208,2535,-501,174,228551,190509,21553,16489
"2021-08-21","JAWA TIMUR",1794,2770,-1151,175,230345,193279,20402,16664
"2021-08-22","JAWA TIMUR",1080,2282,-1383,181,231425,195561,19019,16845
"2021-08-23","JAWA TIMUR",378,2850,-2641,169,231803,198411,16378,17014
"2021-08-24","JAWA TIMUR",158,2900,-2885,143,231961,201311,13493,17157
"2021-08-25","JAWA TIMUR",183,2180,-2139,142,232144,203491,11354,17299
"2021-08-26","JAWA TIMUR",154,1982,-1907,79,232298,205473,9447,17378
"2021-08-27","JAWA TIMUR",189,1816,-1711,84,232487,207289,7736,17462
"2021-08-28","JAWA TIMUR",177,1282,-1207,102,232664,208571,6529,17564
"2021-08-29","JAWA TIMUR",148,999,-921,70,232812,209570,5608,17634
"2021-08-30","JAWA TIMUR",101,954,-902,49,232913,210524,4706,17683
"2021-08-31","JAWA TIMUR",249,737,-536,48,233162,211261,4170,17731
"2021-09-01","JAWA TIMUR",605,462,103,40,233767,211723,4273,17771
"2021-09-02","JAWA TIMUR",851,480,322,49,234618,212203,4595,17820
"2021-09-03","JAWA TIMUR",768,391,343,34,235386,212594,4938,17854
"2021-09-04","JAWA TIMUR",613,488,74,51,235999,213082,5012,17905
"2021-09-05","JAWA TIMUR",444,357,46,41,236443,213439,5058,17946
"2021-09-06","JAWA TIMUR",361,392,-71,40,236804,213831,4987,17986
"2021-09-07","JAWA TIMUR",670,393,229,48,237474,214224,5216,18034
"2021-09-08","JAWA TIMUR",612,452,116,44,238086,214676,5332,18078
"2021-09-09","JAWA TIMUR",503,462,4,37,238589,215138,5336,18115
"2021-09-10","JAWA TIMUR",511,508,-36,39,239100,215646,5300,18154
"2021-09-11","JAWA TIMUR",542,553,-42,31,239642,216199,5258,18185
"2021-09-12","JAWA TIMUR",358,497,-168,29,240000,216696,5090,18214
"2021-09-13","JAWA TIMUR",309,535,-253,27,240309,217231,4837,18241
"2021-09-14","JAWA TIMUR",482,620,-159,21,240791,217851,4678,18262
"2021-09-15","JAWA TIMUR",421,624,-223,20,241212,218475,4455,18282
"2021-09-16","JAWA TIMUR",319,593,-296,22,241531,219068,4159,18304
"2021-09-17","JAWA TIMUR",391,634,-262,19,241922,219702,3897,18323
"2021-09-18","JAWA TIMUR",283,531,-268,20,242205,220233,3629,18343
"2021-09-19","JAWA TIMUR",208,466,-273,15,242413,220699,3356,18358
"2021-09-20","JAWA TIMUR",129,403,-296,22,242542,221102,3060,18380
"2021-09-21","JAWA TIMUR",268,492,-248,24,242810,221594,2812,18404
"2021-09-22","JAWA TIMUR",252,358,-120,14,243062,221952,2692,18418
"2021-09-23","JAWA TIMUR",183,398,-237,22,243245,222350,2455,18440
"2021-09-24","JAWA TIMUR",187,340,-169,16,243432,222690,2286,18456
"2021-09-25","JAWA TIMUR",115,350,-252,17,243547,223040,2034,18473
"2021-09-26","JAWA TIMUR",21,217,-203,7,243568,223257,1831,18480
"2021-09-27","JAWA TIMUR",16,253,-247,10,243584,223510,1584,18490
"2021-09-28","JAWA TIMUR",36,197,-170,9,243620,223707,1414,18499
"2021-09-29","JAWA TIMUR",60,200,-145,5,243680,223907,1269,18504
"2021-09-30","JAWA TIMUR",90,169,-87,8,243770,224076,1182,18512
"2021-10-01","JAWA TIMUR",87,136,-56,7,243857,224212,1126,18519
"2021-10-02","JAWA TIMUR",69,151,-91,9,243926,224363,1035,18528
"2021-10-03","JAWA TIMUR",115,120,-11,6,244041,224483,1024,18534
"2021-10-04","JAWA TIMUR",62,114,-59,7,244103,224597,965,18541
"2021-10-05","JAWA TIMUR",138,95,38,5,244241,224692,1003,18546
"2021-10-06","JAWA TIMUR",156,101,49,6,244397,224793,1052,18552
"2021-10-07","JAWA TIMUR",121,114,-6,13,244518,224907,1046,18565
"2021-10-08","JAWA TIMUR",119,97,19,3,244637,225004,1065,18568
"2021-10-09","JAWA TIMUR",117,110,0,7,244754,225114,1065,18575
"2021-10-10","JAWA TIMUR",126,110,13,3,244880,225224,1078,18578
"2021-10-11","JAWA TIMUR",44,95,-57,6,244924,225319,1021,18584
"2021-10-12","JAWA TIMUR",158,128,21,9,245082,225447,1042,18593
"2021-10-13","JAWA TIMUR",117,132,-21,6,245199,225579,1021,18599
"2021-10-14","JAWA TIMUR",82,115,-35,2,245281,225694,986,18601
"2021-10-15","JAWA TIMUR",77,125,-52,4,245358,225819,934,18605
"2021-10-16","JAWA TIMUR",95,122,-37,10,245453,225941,897,18615
"2021-10-17","JAWA TIMUR",57,86,-32,3,245510,226027,865,18618
"2021-10-18","JAWA TIMUR",40,84,-52,8,245550,226111,813,18626
"2021-10-19","JAWA TIMUR",94,101,-13,6,245644,226212,800,18632
"2021-10-20","JAWA TIMUR",63,89,-31,5,245707,226301,769,18637
"2021-10-21","JAWA TIMUR",11,77,-73,7,245718,226378,696,18644
"2021-10-22","JAWA TIMUR",42,77,-38,3,245760,226455,658,18647
"2021-10-23","JAWA TIMUR",74,49,20,5,245834,226504,678,18652
"2021-10-24","JAWA TIMUR",54,63,-11,2,245888,226567,667,18654
"2021-10-25","JAWA TIMUR",34,63,-35,6,245922,226630,632,18660
"2021-10-26","JAWA TIMUR",51,63,-18,6,245973,226693,614,18666
"2021-10-27","JAWA TIMUR",90,89,-4,5,246063,226782,610,18671
"2021-10-28","JAWA TIMUR",72,56,13,3,246135,226838,623,18674
"2021-10-29","JAWA TIMUR",54,47,2,5,246189,226885,625,18679
"2021-10-30","JAWA TIMUR",80,54,20,6,246269,226939,645,18685
"2021-10-31","JAWA TIMUR",57,61,-7,3,246326,227000,638,18688
"2021-11-01","JAWA TIMUR",39,52,-14,1,246365,227052,624,18689
"2021-11-02","JAWA TIMUR",67,65,-1,3,246432,227117,623,18692
"2021-11-03","JAWA TIMUR",64,69,-13,8,246496,227186,610,18700
"2021-11-04","JAWA TIMUR",56,57,-7,6,246552,227243,603,18706
"2021-11-05","JAWA TIMUR",45,61,-19,3,246597,227304,584,18709
"2021-11-06","JAWA TIMUR",45,51,-9,3,246642,227355,575,18712
"2021-11-07","JAWA TIMUR",31,41,-12,2,246673,227396,563,18714
"2021-11-08","JAWA TIMUR",28,54,-27,1,246701,227450,536,18715
"2021-11-09","JAWA TIMUR",29,60,-37,6,246730,227510,499,18721
"2021-11-10","JAWA TIMUR",27,59,-35,3,246757,227569,464,18724
"2021-11-11","JAWA TIMUR",42,40,-1,3,246799,227609,463,18727
"2021-11-12","JAWA TIMUR",33,35,-4,2,246832,227644,459,18729
"2021-11-13","JAWA TIMUR",49,42,6,1,246881,227686,465,18730
"2021-11-14","JAWA TIMUR",29,54,-25,0,246910,227740,440,18730
"2021-11-15","JAWA TIMUR",26,45,-20,1,246936,227785,420,18731
"2021-11-16","JAWA TIMUR",35,42,-8,1,246971,227827,412,18732
"2021-11-17","JAWA TIMUR",42,30,12,0,247013,227857,424,18732
"2021-11-18","JAWA TIMUR",24,32,-9,1,247037,227889,415,18733
"2021-11-19","JAWA TIMUR",28,29,-2,1,247065,227918,413,18734
"2021-11-20","JAWA TIMUR",28,34,-7,1,247093,227952,406,18735
"2021-11-21","JAWA TIMUR",23,20,0,3,247116,227972,406,18738
"2021-11-22","JAWA TIMUR",21,29,-12,4,247137,228001,394,18742
"2021-11-23","JAWA TIMUR",45,50,-6,1,247182,228051,388,18743
"2021-11-24","JAWA TIMUR",35,27,7,1,247217,228078,395,18744
"2021-11-25","JAWA TIMUR",31,20,8,3,247248,228098,403,18747
"2021-11-26","JAWA TIMUR",44,36,7,1,247292,228134,410,18748
"2021-11-27","JAWA TIMUR",29,19,7,3,247321,228153,417,18751
"2021-11-28","JAWA TIMUR",33,27,6,0,247354,228180,423,18751
"2021-11-29","JAWA TIMUR",3,15,-13,1,247357,228195,410,18752
"2021-11-30","JAWA TIMUR",20,25,-7,2,247377,228220,403,18754
"2021-12-01","JAWA TIMUR",30,21,7,2,247407,228241,410,18756
"2021-12-02","JAWA TIMUR",35,29,6,0,247442,228270,416,18756
"2021-12-03","JAWA TIMUR",22,32,-11,1,247464,228302,405,18757
"2021-12-04","JAWA TIMUR",27,30,-5,2,247491,228332,400,18759
"2021-12-05","JAWA TIMUR",29,25,3,1,247520,228357,403,18760
"2021-12-06","JAWA TIMUR",18,25,-8,1,247538,228382,395,18761
"2021-12-07","JAWA TIMUR",35,37,-2,0,247573,228419,393,18761
"2021-12-08","JAWA TIMUR",27,32,-8,3,247600,228451,385,18764
"2021-12-09","JAWA TIMUR",30,21,8,1,247630,228472,393,18765
"2021-12-10","JAWA TIMUR",20,41,-21,0,247650,228513,372,18765
"2021-12-11","JAWA TIMUR",21,19,0,2,247671,228532,372,18767
"2021-12-12","JAWA TIMUR",21,28,-10,3,247692,228560,362,18770
"2021-12-13","JAWA TIMUR",14,20,-6,0,247706,228580,356,18770
"2021-12-14","JAWA TIMUR",27,21,3,3,247733,228601,359,18773
"2021-12-15","JAWA TIMUR",27,24,1,2,247760,228625,360,18775
"2021-12-16","JAWA TIMUR",24,24,-1,1,247784,228649,359,18776
"2021-12-17","JAWA TIMUR",22,21,1,0,247806,228670,360,18776
"2021-12-18","JAWA TIMUR",20,18,0,2,247826,228688,360,18778
"2021-12-19","JAWA TIMUR",22,16,6,0,247848,228704,366,18778
"2021-12-20","JAWA TIMUR",9,19,-11,1,247857,228723,355,18779
"2021-12-21","JAWA TIMUR",10,20,-15,5,247867,228743,340,18784
"2021-12-22","JAWA TIMUR",9,14,-6,1,247876,228757,334,18785
"2021-12-23","JAWA TIMUR",17,18,-1,0,247893,228775,333,18785
"2021-12-24","JAWA TIMUR",25,19,6,0,247918,228794,339,18785
"2021-12-25","JAWA TIMUR",11,14,-5,2,247929,228808,334,18787
"2021-12-26","JAWA TIMUR",5,12,-7,0,247934,228820,327,18787
"2021-12-27","JAWA TIMUR",9,20,-13,2,247943,228840,314,18789
"2021-12-28","JAWA TIMUR",24,18,2,4,247967,228858,316,18793
"2021-12-29","JAWA TIMUR",16,18,-3,1,247983,228876,313,18794
"2021-12-30","JAWA TIMUR",19,12,6,1,248002,228888,319,18795
"2021-12-31","JAWA TIMUR",18,14,0,4,248020,228902,319,18799
"2022-01-01","JAWA TIMUR",15,12,2,1,248035,228914,321,18800
"2022-01-02","JAWA TIMUR",8,8,0,0,248043,228922,321,18800
"2022-01-03","JAWA TIMUR",10,8,2,0,248053,228930,323,18800
"2022-01-04","JAWA TIMUR",16,24,-8,0,248069,228954,315,18800
"2022-01-05","JAWA TIMUR",12,11,-1,2,248081,228965,314,18802
"2022-01-06","JAWA TIMUR",24,20,4,0,248105,228985,318,18802
"2022-01-07","JAWA TIMUR",15,16,-2,1,248120,229001,316,18803
"2022-01-08","JAWA TIMUR",23,16,4,3,248143,229017,320,18806
"2022-01-09","JAWA TIMUR",8,18,-11,1,248151,229035,309,18807
"2022-01-10","JAWA TIMUR",8,7,0,1,248159,229042,309,18808
"2022-01-11","JAWA TIMUR",29,9,19,1,248188,229051,328,18809
"2022-01-12","JAWA TIMUR",18,9,7,2,248206,229060,335,18811
"2022-01-13","JAWA TIMUR",22,12,10,0,248228,229072,345,18811
"2022-01-14","JAWA TIMUR",21,18,2,1,248249,229090,347,18812
"2022-01-15","JAWA TIMUR",21,18,3,0,248270,229108,350,18812
"2022-01-16","JAWA TIMUR",25,12,12,1,248295,229120,362,18813
"2022-01-17","JAWA TIMUR",13,18,-5,0,248308,229138,357,18813
"2022-01-18","JAWA TIMUR",42,18,23,1,248350,229156,380,18814
"2022-01-19","JAWA TIMUR",48,20,26,2,248398,229176,406,18816
"2022-01-20","JAWA TIMUR",88,26,59,3,248486,229202,465,18819
"2022-01-21","JAWA TIMUR",87,26,60,1,248573,229228,525,18820
"2022-01-22","JAWA TIMUR",78,44,32,2,248651,229272,557,18822
"2022-01-23","JAWA TIMUR",68,44,23,1,248719,229316,580,18823
"2022-01-24","JAWA TIMUR",58,52,6,0,248777,229368,586,18823
"2022-01-25","JAWA TIMUR",212,54,157,1,248989,229422,743,18824
"2022-01-26","JAWA TIMUR",235,104,131,0,249224,229526,874,18824
"2022-01-27","JAWA TIMUR",250,111,138,1,249474,229637,1012,18825
"2022-01-28","JAWA TIMUR",246,163,80,3,249720,229800,1092,18828
"2022-01-29","JAWA TIMUR",220,119,101,0,249940,229919,1193,18828
"2022-01-30","JAWA TIMUR",359,149,210,0,250299,230068,1403,18828
"2022-01-31","JAWA TIMUR",276,227,49,0,250575,230295,1452,18828
"2022-02-01","JAWA TIMUR",759,285,473,1,251334,230580,1925,18829
"2022-02-02","JAWA TIMUR",563,297,265,1,251897,230877,2190,18830
"2022-02-03","JAWA TIMUR",1395,522,871,2,253292,231399,3061,18832
"2022-02-04","JAWA TIMUR",1681,626,1050,5,254973,232025,4111,18837
"2022-02-05","JAWA TIMUR",2155,1019,1134,2,257128,233044,5245,18839
"2022-02-06","JAWA TIMUR",2218,1224,987,7,259346,234268,6232,18846
"2022-02-07","JAWA TIMUR",1339,1301,33,5,260685,235569,6265,18851
"2022-02-08","JAWA TIMUR",3610,1704,1900,6,264295,237273,8165,18857
"2022-02-09","JAWA TIMUR",4385,2301,2080,4,268680,239574,10245,18861
"2022-02-10","JAWA TIMUR",4054,2461,1588,5,272734,242035,11833,18866
"2022-02-11","JAWA TIMUR",4506,2869,1626,11,277240,244904,13459,18877
"2022-02-12","JAWA TIMUR",5880,2966,2908,6,283120,247870,16367,18883
"2022-02-13","JAWA TIMUR",5376,3286,2079,11,288496,251156,18446,18894
"2022-02-14","JAWA TIMUR",3885,3023,841,21,292381,254179,19287,18915
"2022-02-15","JAWA TIMUR",7530,3618,3897,15,299911,257797,23184,18930
"2022-02-16","JAWA TIMUR",7919,5340,2557,22,307830,263137,25741,18952
"2022-02-17","JAWA TIMUR",8977,5989,2964,24,316807,269126,28705,18976
"2022-02-18","JAWA TIMUR",8037,5684,2317,36,324844,274810,31022,19012
"2022-02-19","JAWA TIMUR",7946,5649,2268,29,332790,280459,33290,19041
"2022-02-20","JAWA TIMUR",5766,5480,264,22,338556,285939,33554,19063
"2022-02-21","JAWA TIMUR",3621,5193,-1611,39,342177,291132,31943,19102
"2022-02-22","JAWA TIMUR",7569,5756,1770,43,349746,296888,33713,19145
"2022-02-23","JAWA TIMUR",7486,5828,1610,48,357232,302716,35323,19193
"2022-02-24","JAWA TIMUR",6643,6510,83,50,363875,309226,35406,19243
"2022-02-25","JAWA TIMUR",5729,6208,-511,32,369604,315434,34895,19275
"2022-02-26","JAWA TIMUR",5413,6238,-872,47,375017,321672,34023,19322
"2022-02-27","JAWA TIMUR",3861,6238,-2429,52,378878,327910,31594,19374
"2022-02-28","JAWA TIMUR",2233,4622,-2443,54,381111,332532,29151,19428
"2022-03-01","JAWA TIMUR",2761,5554,-2842,49,383872,338086,26309,19477
"2022-03-02","JAWA TIMUR",4911,5359,-505,57,388783,343445,25804,19534
"2022-03-03","JAWA TIMUR",4135,5469,-1378,44,392918,348914,24426,19578
"2022-03-04","JAWA TIMUR",2331,4574,-2303,60,395249,353488,22123,19638
"2022-03-05","JAWA TIMUR",3651,4471,-878,58,398900,357959,21245,19696
"2022-03-06","JAWA TIMUR",2325,3685,-1402,42,401225,361644,19843,19738
"2022-03-07","JAWA TIMUR",1410,3646,-2271,35,402635,365290,17572,19773
"2022-03-08","JAWA TIMUR",24,625,-613,12,402659,365915,16959,19785
"2020-04-06","BANTEN",1,4,-4,1,1,4,-4,1
"2020-04-07","BANTEN",0,2,-2,0,1,6,-6,1
"2020-04-08","BANTEN",0,0,0,0,1,6,-6,1
"2020-04-09","BANTEN",0,7,-9,2,1,13,-15,3
"2020-04-10","BANTEN",0,3,-3,0,1,16,-18,3
"2020-04-11","BANTEN",0,14,-15,1,1,30,-33,4
"2020-04-12","BANTEN",0,1,-2,1,1,31,-35,5
"2020-04-13","BANTEN",0,4,-4,0,1,35,-39,5
"2020-04-14","BANTEN",0,0,0,0,1,35,-39,5
"2020-04-15","BANTEN",0,1,-1,0,1,36,-40,5
"2020-04-16","BANTEN",0,1,-1,0,1,37,-41,5
"2020-04-17","BANTEN",0,4,-4,0,1,41,-45,5
"2020-04-18","BANTEN",0,2,-2,0,1,43,-47,5
"2020-04-19","BANTEN",0,1,-1,0,1,44,-48,5
"2020-04-20","BANTEN",0,2,-2,0,1,46,-50,5
"2020-04-21","BANTEN",0,3,-4,1,1,49,-54,6
"2020-04-22","BANTEN",0,2,-2,0,1,51,-56,6
"2020-04-23","BANTEN",0,1,-1,0,1,52,-57,6
"2020-04-24","BANTEN",0,0,0,0,1,52,-57,6
"2020-04-25","BANTEN",0,0,-1,1,1,52,-58,7
"2020-04-26","BANTEN",0,0,0,0,1,52,-58,7
"2020-04-27","BANTEN",0,1,-2,1,1,53,-60,8
"2020-04-28","BANTEN",0,0,0,0,1,53,-60,8
"2020-04-29","BANTEN",0,2,-2,0,1,55,-62,8
"2020-04-30","BANTEN",0,3,-3,0,1,58,-65,8
"2020-05-01","BANTEN",0,2,-2,0,1,60,-67,8
"2020-05-02","BANTEN",0,0,0,0,1,60,-67,8
"2020-05-03","BANTEN",0,1,-1,0,1,61,-68,8
"2020-05-04","BANTEN",0,4,-4,0,1,65,-72,8
"2020-05-05","BANTEN",0,1,-3,2,1,66,-75,10
"2020-05-06","BANTEN",0,1,-1,0,1,67,-76,10
"2020-05-07","BANTEN",0,0,0,0,1,67,-76,10
"2020-05-08","BANTEN",0,3,-4,1,1,70,-80,11
"2020-05-09","BANTEN",0,2,-3,1,1,72,-83,12
"2020-05-10","BANTEN",0,7,-7,0,1,79,-90,12
"2020-05-11","BANTEN",0,5,-5,0,1,84,-95,12
"2020-05-12","BANTEN",0,2,-2,0,1,86,-97,12
"2020-05-13","BANTEN",0,2,-2,0,1,88,-99,12
"2020-05-14","BANTEN",0,7,-9,2,1,95,-108,14
"2020-05-15","BANTEN",0,5,-5,0,1,100,-113,14
"2020-05-16","BANTEN",0,3,-3,0,1,103,-116,14
"2020-05-17","BANTEN",0,5,-5,0,1,108,-121,14
"2020-05-18","BANTEN",0,14,-14,0,1,122,-135,14
"2020-05-19","BANTEN",0,9,-9,0,1,131,-144,14
"2020-05-20","BANTEN",0,12,-12,0,1,143,-156,14
"2020-05-21","BANTEN",0,5,-6,1,1,148,-162,15
"2020-05-22","BANTEN",0,3,-4,1,1,151,-166,16
"2020-05-23","BANTEN",0,5,-5,0,1,156,-171,16
"2020-05-24","BANTEN",0,3,-3,0,1,159,-174,16
"2020-05-25","BANTEN",0,3,-3,0,1,162,-177,16
"2020-05-26","BANTEN",0,4,-4,0,1,166,-181,16
"2020-05-27","BANTEN",0,3,-3,0,1,169,-184,16
"2020-05-28","BANTEN",0,11,-12,1,1,180,-196,17
"2020-05-29","BANTEN",0,5,-5,0,1,185,-201,17
"2020-05-30","BANTEN",0,3,-3,0,1,188,-204,17
"2020-05-31","BANTEN",0,0,0,0,1,188,-204,17
"2020-06-01","BANTEN",0,0,0,0,1,188,-204,17
"2020-06-02","BANTEN",0,2,-2,0,1,190,-206,17
"2020-06-03","BANTEN",0,12,-12,0,1,202,-218,17
"2020-06-04","BANTEN",0,5,-5,0,1,207,-223,17
"2020-06-05","BANTEN",0,6,-6,0,1,213,-229,17
"2020-06-06","BANTEN",0,0,0,0,1,213,-229,17
"2020-06-07","BANTEN",0,1,-1,0,1,214,-230,17
"2020-06-08","BANTEN",0,3,-4,1,1,217,-234,18
"2020-06-09","BANTEN",0,5,-5,0,1,222,-239,18
"2020-06-10","BANTEN",0,7,-7,0,1,229,-246,18
"2020-06-11","BANTEN",0,18,-18,0,1,247,-264,18
"2020-06-12","BANTEN",0,4,-4,0,1,251,-268,18
"2020-06-13","BANTEN",0,0,0,0,1,251,-268,18
"2020-06-14","BANTEN",0,0,0,0,1,251,-268,18
"2020-06-15","BANTEN",0,9,-9,0,1,260,-277,18
"2020-06-16","BANTEN",0,3,-3,0,1,263,-280,18
"2020-06-17","BANTEN",0,8,-8,0,1,271,-288,18
"2020-06-18","BANTEN",0,2,-2,0,1,273,-290,18
"2020-06-19","BANTEN",0,1,-1,0,1,274,-291,18
"2020-06-20","BANTEN",0,5,-5,0,1,279,-296,18
"2020-06-21","BANTEN",0,2,-2,0,1,281,-298,18
"2020-06-22","BANTEN",0,5,-5,0,1,286,-303,18
"2020-06-23","BANTEN",0,1,-1,0,1,287,-304,18
"2020-06-24","BANTEN",0,1,-1,0,1,288,-305,18
"2020-06-25","BANTEN",0,1,-1,0,1,289,-306,18
"2020-06-26","BANTEN",0,1,-1,0,1,290,-307,18
"2020-06-27","BANTEN",0,2,-2,0,1,292,-309,18
"2020-06-28","BANTEN",0,0,0,0,1,292,-309,18
"2020-06-29","BANTEN",0,4,-4,0,1,296,-313,18
"2020-06-30","BANTEN",0,2,-2,0,1,298,-315,18
"2020-07-01","BANTEN",0,3,-3,0,1,301,-318,18
"2020-07-02","BANTEN",0,0,0,0,1,301,-318,18
"2020-07-03","BANTEN",0,6,-6,0,1,307,-324,18
"2020-07-04","BANTEN",0,1,-2,1,1,308,-326,19
"2020-07-05","BANTEN",0,3,-3,0,1,311,-329,19
"2020-07-06","BANTEN",0,2,-3,1,1,313,-332,20
"2020-07-07","BANTEN",0,4,-4,0,1,317,-336,20
"2020-07-08","BANTEN",1,6,-5,0,2,323,-341,20
"2020-07-09","BANTEN",0,12,-12,0,2,335,-353,20
"2020-07-10","BANTEN",2,12,-10,0,4,347,-363,20
"2020-07-11","BANTEN",0,8,-9,1,4,355,-372,21
"2020-07-12","BANTEN",0,3,-3,0,4,358,-375,21
"2020-07-13","BANTEN",0,1,-2,1,4,359,-377,22
"2020-07-14","BANTEN",0,1,-1,0,4,360,-378,22
"2020-07-15","BANTEN",0,2,-2,0,4,362,-380,22
"2020-07-16","BANTEN",0,4,-4,0,4,366,-384,22
"2020-07-17","BANTEN",0,2,-2,0,4,368,-386,22
"2020-07-18","BANTEN",0,3,-3,0,4,371,-389,22
"2020-07-19","BANTEN",0,2,-3,1,4,373,-392,23
"2020-07-20","BANTEN",0,8,-8,0,4,381,-400,23
"2020-07-21","BANTEN",0,13,-13,0,4,394,-413,23
"2020-07-22","BANTEN",0,5,-5,0,4,399,-418,23
"2020-07-23","BANTEN",0,1,-1,0,4,400,-419,23
"2020-07-24","BANTEN",0,6,-6,0,4,406,-425,23
"2020-07-25","BANTEN",0,9,-9,0,4,415,-434,23
"2020-07-26","BANTEN",0,2,-2,0,4,417,-436,23
"2020-07-27","BANTEN",0,6,-6,0,4,423,-442,23
"2020-07-28","BANTEN",0,5,-5,0,4,428,-447,23
"2020-07-29","BANTEN",0,7,-8,1,4,435,-455,24
"2020-07-30","BANTEN",0,3,-5,2,4,438,-460,26
"2020-07-31","BANTEN",0,5,-6,1,4,443,-466,27
"2020-08-01","BANTEN",0,16,-16,0,4,459,-482,27
"2020-08-02","BANTEN",0,3,-4,1,4,462,-486,28
"2020-08-03","BANTEN",0,7,-7,0,4,469,-493,28
"2020-08-04","BANTEN",0,3,-3,0,4,472,-496,28
"2020-08-05","BANTEN",0,1,-1,0,4,473,-497,28
"2020-08-06","BANTEN",32,1,30,1,36,474,-467,29
"2020-08-07","BANTEN",34,4,30,0,70,478,-437,29
"2020-08-08","BANTEN",22,10,12,0,92,488,-425,29
"2020-08-09","BANTEN",24,3,21,0,116,491,-404,29
"2020-08-10","BANTEN",23,2,20,1,139,493,-384,30
"2020-08-11","BANTEN",19,3,14,2,158,496,-370,32
"2020-08-12","BANTEN",48,8,40,0,206,504,-330,32
"2020-08-13","BANTEN",37,4,32,1,243,508,-298,33
"2020-08-14","BANTEN",21,3,18,0,264,511,-280,33
"2020-08-15","BANTEN",33,12,21,0,297,523,-259,33
"2020-08-16","BANTEN",43,13,30,0,340,536,-229,33
"2020-08-17","BANTEN",17,2,15,0,357,538,-214,33
"2020-08-18","BANTEN",64,7,57,0,421,545,-157,33
"2020-08-19","BANTEN",47,5,41,1,468,550,-116,34
"2020-08-20","BANTEN",23,15,8,0,491,565,-108,34
"2020-08-21","BANTEN",36,29,6,1,527,594,-102,35
"2020-08-22","BANTEN",42,8,32,2,569,602,-70,37
"2020-08-23","BANTEN",32,29,1,2,601,631,-69,39
"2020-08-24","BANTEN",60,14,44,2,661,645,-25,41
"2020-08-25","BANTEN",33,23,10,0,694,668,-15,41
"2020-08-26","BANTEN",29,9,20,0,723,677,5,41
"2020-08-27","BANTEN",59,95,-37,1,782,772,-32,42
"2020-08-28","BANTEN",42,61,-22,3,824,833,-54,45
"2020-08-29","BANTEN",61,10,50,1,885,843,-4,46
"2020-08-30","BANTEN",45,13,32,0,930,856,28,46
"2020-08-31","BANTEN",31,30,0,1,961,886,28,47
"2020-09-01","BANTEN",27,25,1,1,988,911,29,48
"2020-09-02","BANTEN",68,18,50,0,1056,929,79,48
"2020-09-03","BANTEN",33,82,-52,3,1089,1011,27,51
"2020-09-04","BANTEN",22,36,-14,0,1111,1047,13,51
"2020-09-05","BANTEN",49,17,31,1,1160,1064,44,52
"2020-09-06","BANTEN",83,42,39,2,1243,1106,83,54
"2020-09-07","BANTEN",75,27,47,1,1318,1133,130,55
"2020-09-08","BANTEN",56,17,37,2,1374,1150,167,57
"2020-09-09","BANTEN",37,29,3,5,1411,1179,170,62
"2020-09-10","BANTEN",42,46,-9,5,1453,1225,161,67
"2020-09-11","BANTEN",47,53,-9,3,1500,1278,152,70
"2020-09-12","BANTEN",22,24,-5,3,1522,1302,147,73
"2020-09-13","BANTEN",50,15,35,0,1572,1317,182,73
"2020-09-14","BANTEN",57,45,11,1,1629,1362,193,74
"2020-09-15","BANTEN",62,16,45,1,1691,1378,238,75
"2020-09-16","BANTEN",137,58,77,2,1828,1436,315,77
"2020-09-17","BANTEN",121,21,98,2,1949,1457,413,79
"2020-09-18","BANTEN",141,24,117,0,2090,1481,530,79
"2020-09-19","BANTEN",128,47,81,0,2218,1528,611,79
"2020-09-20","BANTEN",179,139,40,0,2397,1667,651,79
"2020-09-21","BANTEN",122,250,-130,2,2519,1917,521,81
"2020-09-22","BANTEN",130,39,88,3,2649,1956,609,84
"2020-09-23","BANTEN",216,117,98,1,2865,2073,707,85
"2020-09-24","BANTEN",130,35,92,3,2995,2108,799,88
"2020-09-25","BANTEN",109,151,-44,2,3104,2259,755,90
"2020-09-26","BANTEN",135,161,-26,0,3239,2420,729,90
"2020-09-27","BANTEN",105,50,54,1,3344,2470,783,91
"2020-09-28","BANTEN",128,99,27,2,3472,2569,810,93
"2020-09-29","BANTEN",84,152,-75,7,3556,2721,735,100
"2020-09-30","BANTEN",144,98,45,1,3700,2819,780,101
"2020-10-01","BANTEN",102,92,6,4,3802,2911,786,105
"2020-10-02","BANTEN",82,149,-67,0,3884,3060,719,105
"2020-10-03","BANTEN",1,82,-85,4,3885,3142,634,109
"2020-10-04","BANTEN",0,63,-64,1,3885,3205,570,110
"2020-10-05","BANTEN",137,104,31,2,4022,3309,601,112
"2020-10-06","BANTEN",98,88,7,3,4120,3397,608,115
"2020-10-07","BANTEN",81,37,44,0,4201,3434,652,115
"2020-10-08","BANTEN",122,64,57,1,4323,3498,709,116
"2020-10-09","BANTEN",140,67,72,1,4463,3565,781,117
"2020-10-10","BANTEN",170,66,100,4,4633,3631,881,121
"2020-10-11","BANTEN",105,64,41,0,4738,3695,922,121
"2020-10-12","BANTEN",80,98,-21,3,4818,3793,901,124
"2020-10-13","BANTEN",78,61,15,2,4896,3854,916,126
"2020-10-14","BANTEN",94,55,37,2,4990,3909,953,128
"2020-10-15","BANTEN",111,73,35,3,5101,3982,988,131
"2020-10-16","BANTEN",113,70,41,2,5214,4052,1029,133
"2020-10-17","BANTEN",127,49,76,2,5341,4101,1105,135
"2020-10-18","BANTEN",130,52,75,3,5471,4153,1180,138
"2020-10-19","BANTEN",121,94,25,2,5592,4247,1205,140
"2020-10-20","BANTEN",85,123,-39,1,5677,4370,1166,141
"2020-10-21","BANTEN",171,47,119,5,5848,4417,1285,146
"2020-10-22","BANTEN",220,97,121,2,6068,4514,1406,148
"2020-10-23","BANTEN",0,58,-59,1,6068,4572,1347,149
"2020-10-24","BANTEN",0,106,-108,2,6068,4678,1239,151
"2020-10-25","BANTEN",226,120,102,4,6294,4798,1341,155
"2020-10-26","BANTEN",120,62,58,0,6414,4860,1399,155
"2020-10-27","BANTEN",124,57,62,5,6538,4917,1461,160
"2020-10-28","BANTEN",170,72,94,4,6708,4989,1555,164
"2020-10-29","BANTEN",91,126,-37,2,6799,5115,1518,166
"2020-10-30","BANTEN",107,77,29,1,6906,5192,1547,167
"2020-10-31","BANTEN",85,48,37,0,6991,5240,1584,167
"2020-11-01","BANTEN",90,33,55,2,7081,5273,1639,169
"2020-11-02","BANTEN",74,55,18,1,7155,5328,1657,170
"2020-11-03","BANTEN",71,72,-1,0,7226,5400,1656,170
"2020-11-04","BANTEN",90,48,40,2,7316,5448,1696,172
"2020-11-05","BANTEN",50,59,-9,0,7366,5507,1687,172
"2020-11-06","BANTEN",105,56,49,0,7471,5563,1736,172
"2020-11-07","BANTEN",125,61,57,7,7596,5624,1793,179
"2020-11-08","BANTEN",58,27,30,1,7654,5651,1823,180
"2020-11-09","BANTEN",120,61,58,1,7774,5712,1881,181
"2020-11-10","BANTEN",55,40,14,1,7829,5752,1895,182
"2020-11-11","BANTEN",124,45,77,2,7953,5797,1972,184
"2020-11-12","BANTEN",100,54,43,3,8053,5851,2015,187
"2020-11-13","BANTEN",111,27,83,1,8164,5878,2098,188
"2020-11-14","BANTEN",166,50,114,2,8330,5928,2212,190
"2020-11-15","BANTEN",159,59,98,2,8489,5987,2310,192
"2020-11-16","BANTEN",0,67,-70,3,8489,6054,2240,195
"2020-11-17","BANTEN",0,59,-63,4,8489,6113,2177,199
"2020-11-18","BANTEN",54,85,-34,3,8543,6198,2143,202
"2020-11-19","BANTEN",159,113,42,4,8702,6311,2185,206
"2020-11-20","BANTEN",128,66,60,2,8830,6377,2245,208
"2020-11-21","BANTEN",182,98,76,8,9012,6475,2321,216
"2020-11-22","BANTEN",122,76,46,0,9134,6551,2367,216
"2020-11-23","BANTEN",171,97,72,2,9305,6648,2439,218
"2020-11-24","BANTEN",144,73,66,5,9449,6721,2505,223
"2020-11-25","BANTEN",128,79,44,5,9577,6800,2549,228
"2020-11-26","BANTEN",145,96,46,3,9722,6896,2595,231
"2020-11-27","BANTEN",191,99,88,4,9913,6995,2683,235
"2020-11-28","BANTEN",234,63,169,2,10147,7058,2852,237
"2020-11-29","BANTEN",151,110,37,4,10298,7168,2889,241
"2020-11-30","BANTEN",262,107,152,3,10560,7275,3041,244
"2020-12-01","BANTEN",154,86,67,1,10714,7361,3108,245
"2020-12-02","BANTEN",0,95,-97,2,10714,7456,3011,247
"2020-12-03","BANTEN",0,94,-96,2,10714,7550,2915,249
"2020-12-04","BANTEN",130,70,56,4,10844,7620,2971,253
"2020-12-05","BANTEN",143,113,24,6,10987,7733,2995,259
"2020-12-06","BANTEN",134,114,18,2,11121,7847,3013,261
"2020-12-07","BANTEN",133,148,-20,5,11254,7995,2993,266
"2020-12-08","BANTEN",98,106,-12,4,11352,8101,2981,270
"2020-12-09","BANTEN",166,122,41,3,11518,8223,3022,273
"2020-12-10","BANTEN",169,107,59,3,11687,8330,3081,276
"2020-12-11","BANTEN",192,87,101,4,11879,8417,3182,280
"2020-12-12","BANTEN",204,115,85,4,12083,8532,3267,284
"2020-12-13","BANTEN",136,79,54,3,12219,8611,3321,287
"2020-12-14","BANTEN",138,120,15,3,12357,8731,3336,290
"2020-12-15","BANTEN",166,94,68,4,12523,8825,3404,294
"2020-12-16","BANTEN",0,100,-102,2,12523,8925,3302,296
"2020-12-17","BANTEN",0,109,-111,2,12523,9034,3191,298
"2020-12-18","BANTEN",0,94,-97,3,12523,9128,3094,301
"2020-12-19","BANTEN",0,144,-149,5,12523,9272,2945,306
"2020-12-20","BANTEN",0,121,-122,1,12523,9393,2823,307
"2020-12-21","BANTEN",0,101,-101,0,12523,9494,2722,307
"2020-12-22","BANTEN",1,54,-55,2,12524,9548,2667,309
"2020-12-23","BANTEN",0,81,-84,3,12524,9629,2583,312
"2020-12-24","BANTEN",154,66,84,4,12678,9695,2667,316
"2020-12-25","BANTEN",166,163,0,3,12844,9858,2667,319
"2020-12-26","BANTEN",241,88,153,0,13085,9946,2820,319
"2020-12-27","BANTEN",150,74,74,2,13235,10020,2894,321
"2020-12-28","BANTEN",120,106,13,1,13355,10126,2907,322
"2020-12-29","BANTEN",121,48,69,4,13476,10174,2976,326
"2020-12-30","BANTEN",172,75,93,4,13648,10249,3069,330
"2020-12-31","BANTEN",269,93,174,2,13917,10342,3243,332
"2021-01-01","BANTEN",287,122,159,6,14204,10464,3402,338
"2021-01-02","BANTEN",246,218,24,4,14450,10682,3426,342
"2021-01-03","BANTEN",0,93,-93,0,14450,10775,3333,342
"2021-01-04","BANTEN",0,133,-134,1,14450,10908,3199,343
"2021-01-05","BANTEN",0,98,-101,3,14450,11006,3098,346
"2021-01-06","BANTEN",0,88,-91,3,14450,11094,3007,349
"2021-01-07","BANTEN",0,115,-118,3,14450,11209,2889,352
"2021-01-08","BANTEN",0,113,-115,2,14450,11322,2774,354
"2021-01-09","BANTEN",0,73,-77,4,14450,11395,2697,358
"2021-01-10","BANTEN",0,83,-87,4,14450,11478,2610,362
"2021-01-11","BANTEN",0,80,-83,3,14450,11558,2527,365
"2021-01-12","BANTEN",0,342,-357,15,14450,11900,2170,380
"2021-01-13","BANTEN",185,181,1,3,14635,12081,2171,383
"2021-01-14","BANTEN",240,123,113,4,14875,12204,2284,387
"2021-01-15","BANTEN",281,148,128,5,15156,12352,2412,392
"2021-01-16","BANTEN",257,105,149,3,15413,12457,2561,395
"2021-01-17","BANTEN",283,157,122,4,15696,12614,2683,399
"2021-01-18","BANTEN",245,193,51,1,15941,12807,2734,400
"2021-01-19","BANTEN",0,118,-118,0,15941,12925,2616,400
"2021-01-20","BANTEN",0,129,-132,3,15941,13054,2484,403
"2021-01-21","BANTEN",0,90,-91,1,15941,13144,2393,404
"2021-01-22","BANTEN",0,116,-117,1,15941,13260,2276,405
"2021-01-23","BANTEN",0,88,-94,6,15941,13348,2182,411
"2021-01-24","BANTEN",0,101,-101,0,15941,13449,2081,411
"2021-01-25","BANTEN",0,73,-75,2,15941,13522,2006,413
"2021-01-26","BANTEN",0,113,-118,5,15941,13635,1888,418
"2021-01-27","BANTEN",0,81,-83,2,15941,13716,1805,420
"2021-01-28","BANTEN",0,459,-461,2,15941,14175,1344,422
"2021-01-29","BANTEN",2,145,-145,2,15943,14320,1199,424
"2021-01-30","BANTEN",0,53,-55,2,15943,14373,1144,426
"2021-01-31","BANTEN",0,92,-93,1,15943,14465,1051,427
"2021-02-01","BANTEN",0,65,-67,2,15943,14530,984,429
"2021-02-02","BANTEN",37,138,-105,4,15980,14668,879,433
"2021-02-03","BANTEN",129,96,32,1,16109,14764,911,434
"2021-02-04","BANTEN",26,57,-35,4,16135,14821,876,438
"2021-02-05","BANTEN",67,64,-3,6,16202,14885,873,444
"2021-02-06","BANTEN",47,67,-23,3,16249,14952,850,447
"2021-02-07","BANTEN",90,46,40,4,16339,14998,890,451
"2021-02-08","BANTEN",0,239,-245,6,16339,15237,645,457
"2021-02-09","BANTEN",0,72,-74,2,16339,15309,571,459
"2021-02-10","BANTEN",0,57,-60,3,16339,15366,511,462
"2021-02-11","BANTEN",0,94,-95,1,16339,15460,416,463
"2021-02-12","BANTEN",0,51,-52,1,16339,15511,364,464
"2021-02-13","BANTEN",0,218,-225,7,16339,15729,139,471
"2021-02-14","BANTEN",0,114,-119,5,16339,15843,20,476
"2021-02-15","BANTEN",1,107,-108,2,16340,15950,-88,478
"2021-02-16","BANTEN",0,101,-109,8,16340,16051,-197,486
"2021-02-17","BANTEN",0,129,-131,2,16340,16180,-328,488
"2021-02-18","BANTEN",0,151,-157,6,16340,16331,-485,494
"2021-02-19","BANTEN",0,224,-225,1,16340,16555,-710,495
"2021-02-20","BANTEN",0,49,-55,6,16340,16604,-765,501
"2021-02-21","BANTEN",2,49,-50,3,16342,16653,-815,504
"2021-02-22","BANTEN",113,130,-19,2,16455,16783,-834,506
"2021-02-23","BANTEN",251,220,29,2,16706,17003,-805,508
"2021-02-24","BANTEN",41,89,-52,4,16747,17092,-857,512
"2021-02-25","BANTEN",263,113,148,2,17010,17205,-709,514
"2021-02-26","BANTEN",236,107,127,2,17246,17312,-582,516
"2021-02-27","BANTEN",35,71,-39,3,17281,17383,-621,519
"2021-02-28","BANTEN",46,41,2,3,17327,17424,-619,522
"2021-03-01","BANTEN",21,81,-62,2,17348,17505,-681,524
"2021-03-02","BANTEN",0,59,-60,1,17348,17564,-741,525
"2021-03-03","BANTEN",0,139,-142,3,17348,17703,-883,528
"2021-03-04","BANTEN",0,166,-168,2,17348,17869,-1051,530
"2021-03-05","BANTEN",2,86,-88,4,17350,17955,-1139,534
"2021-03-06","BANTEN",0,46,-47,1,17350,18001,-1186,535
"2021-03-07","BANTEN",0,64,-67,3,17350,18065,-1253,538
"2021-03-08","BANTEN",4,95,-93,2,17354,18160,-1346,540
"2021-03-09","BANTEN",0,89,-90,1,17354,18249,-1436,541
"2021-03-10","BANTEN",0,82,-83,1,17354,18331,-1519,542
"2021-03-11","BANTEN",0,41,-42,1,17354,18372,-1561,543
"2021-03-12","BANTEN",1,46,-50,5,17355,18418,-1611,548
"2021-03-13","BANTEN",0,69,-69,0,17355,18487,-1680,548
"2021-03-14","BANTEN",315,50,263,2,17670,18537,-1417,550
"2021-03-15","BANTEN",290,81,208,1,17960,18618,-1209,551
"2021-03-16","BANTEN",247,113,132,2,18207,18731,-1077,553
"2021-03-17","BANTEN",861,191,668,2,19068,18922,-409,555
"2021-03-18","BANTEN",293,55,236,2,19361,18977,-173,557
"2021-03-19","BANTEN",324,46,273,5,19685,19023,100,562
"2021-03-20","BANTEN",233,45,187,1,19918,19068,287,563
"2021-03-21","BANTEN",211,34,177,0,20129,19102,464,563
"2021-03-22","BANTEN",440,32,408,0,20569,19134,872,563
"2021-03-23","BANTEN",298,47,249,2,20867,19181,1121,565
"2021-03-24","BANTEN",258,117,140,1,21125,19298,1261,566
"2021-03-25","BANTEN",0,38,-38,0,21125,19336,1223,566
"2021-03-26","BANTEN",0,25,-27,2,21125,19361,1196,568
"2021-03-27","BANTEN",0,63,-63,0,21125,19424,1133,568
"2021-03-28","BANTEN",0,20,-20,0,21125,19444,1113,568
"2021-03-29","BANTEN",0,19,-20,1,21125,19463,1093,569
"2021-03-30","BANTEN",0,81,-81,0,21125,19544,1012,569
"2021-03-31","BANTEN",0,0,-5,5,21125,19544,1007,574
"2021-04-01","BANTEN",3,2,-1,2,21128,19546,1006,576
"2021-04-02","BANTEN",0,0,0,0,21128,19546,1006,576
"2021-04-03","BANTEN",910,139,767,4,22038,19685,1773,580
"2021-04-04","BANTEN",3501,4410,-1053,144,25539,24095,720,724
"2021-04-05","BANTEN",259,32,227,0,25798,24127,947,724
"2021-04-06","BANTEN",187,11,176,0,25985,24138,1123,724
"2021-04-07","BANTEN",163,15,147,1,26148,24153,1270,725
"2021-04-08","BANTEN",121,17,103,1,26269,24170,1373,726
"2021-04-09","BANTEN",143,39,101,3,26412,24209,1474,729
"2021-04-10","BANTEN",99,16,81,2,26511,24225,1555,731
"2021-04-11","BANTEN",105,49,55,1,26616,24274,1610,732
"2021-04-12","BANTEN",331,142,187,2,26947,24416,1797,734
"2021-04-13","BANTEN",183,111,71,1,27130,24527,1868,735
"2021-04-14","BANTEN",86,96,-11,1,27216,24623,1857,736
"2021-04-15","BANTEN",0,87,-88,1,27216,24710,1769,737
"2021-04-16","BANTEN",0,44,-45,1,27216,24754,1724,738
"2021-04-17","BANTEN",0,32,-36,4,27216,24786,1688,742
"2021-04-18","BANTEN",0,248,-248,0,27216,25034,1440,742
"2021-04-19","BANTEN",0,25,-25,0,27216,25059,1415,742
"2021-04-20","BANTEN",0,36,-36,0,27216,25095,1379,742
"2021-04-21","BANTEN",0,64,-66,2,27216,25159,1313,744
"2021-04-22","BANTEN",0,83,-83,0,27216,25242,1230,744
"2021-04-23","BANTEN",173,63,110,0,27389,25305,1340,744
"2021-04-24","BANTEN",58,98,-40,0,27447,25403,1300,744
"2021-04-25","BANTEN",80,81,-3,2,27527,25484,1297,746
"2021-04-26","BANTEN",220,83,137,0,27747,25567,1434,746
"2021-04-27","BANTEN",227,163,64,0,27974,25730,1498,746
"2021-04-28","BANTEN",60,30,30,0,28034,25760,1528,746
"2021-04-29","BANTEN",110,31,79,0,28144,25791,1607,746
"2021-04-30","BANTEN",72,20,49,3,28216,25811,1656,749
"2021-05-01","BANTEN",53,22,31,0,28269,25833,1687,749
"2021-05-02","BANTEN",55,25,28,2,28324,25858,1715,751
"2021-05-03","BANTEN",126,30,96,0,28450,25888,1811,751
"2021-05-04","BANTEN",112,96,13,3,28562,25984,1824,754
"2021-05-05","BANTEN",0,182,-183,1,28562,26166,1641,755
"2021-05-06","BANTEN",0,24,-24,0,28562,26190,1617,755
"2021-05-07","BANTEN",0,40,-40,0,28562,26230,1577,755
"2021-05-08","BANTEN",0,32,-32,0,28562,26262,1545,755
"2021-05-09","BANTEN",0,169,-169,0,28562,26431,1376,755
"2021-05-10","BANTEN",0,46,-49,3,28562,26477,1327,758
"2021-05-11","BANTEN",0,45,-45,0,28562,26522,1282,758
"2021-05-12","BANTEN",0,11,-11,0,28562,26533,1271,758
"2021-05-13","BANTEN",34,1,33,0,28596,26534,1304,758
"2021-05-14","BANTEN",39,2,37,0,28635,26536,1341,758
"2021-05-15","BANTEN",22,58,-36,0,28657,26594,1305,758
"2021-05-16","BANTEN",66,21,44,1,28723,26615,1349,759
"2021-05-17","BANTEN",53,295,-244,2,28776,26910,1105,761
"2021-05-18","BANTEN",29,0,28,1,28805,26910,1133,762
"2021-05-19","BANTEN",53,40,12,1,28858,26950,1145,763
"2021-05-20","BANTEN",87,253,-166,0,28945,27203,979,763
"2021-05-21","BANTEN",62,67,-7,2,29007,27270,972,765
"2021-05-22","BANTEN",66,36,26,4,29073,27306,998,769
"2021-05-23","BANTEN",36,25,9,2,29109,27331,1007,771
"2021-05-24","BANTEN",49,36,12,1,29158,27367,1019,772
"2021-05-25","BANTEN",89,6,81,2,29247,27373,1100,774
"2021-05-26","BANTEN",44,14,30,0,29291,27387,1130,774
"2021-05-27","BANTEN",0,26,-26,0,29291,27413,1104,774
"2021-05-28","BANTEN",0,17,-17,0,29291,27430,1087,774
"2021-05-29","BANTEN",0,57,-58,1,29291,27487,1029,775
"2021-05-30","BANTEN",0,48,-48,0,29291,27535,981,775
"2021-05-31","BANTEN",0,128,-128,0,29291,27663,853,775
"2021-06-01","BANTEN",0,21,-21,0,29291,27684,832,775
"2021-06-02","BANTEN",69,46,23,0,29360,27730,855,775
"2021-06-03","BANTEN",100,53,45,2,29460,27783,900,777
"2021-06-04","BANTEN",142,6,135,1,29602,27789,1035,778
"2021-06-05","BANTEN",89,14,74,1,29691,27803,1109,779
"2021-06-06","BANTEN",47,16,31,0,29738,27819,1140,779
"2021-06-07","BANTEN",100,17,83,0,29838,27836,1223,779
"2021-06-08","BANTEN",142,72,66,4,29980,27908,1289,783
"2021-06-09","BANTEN",103,23,79,1,30083,27931,1368,784
"2021-06-10","BANTEN",188,38,147,3,30271,27969,1515,787
"2021-06-11","BANTEN",0,59,-59,0,30271,28028,1456,787
"2021-06-12","BANTEN",0,31,-31,0,30271,28059,1425,787
"2021-06-13","BANTEN",0,23,-23,0,30271,28082,1402,787
"2021-06-14","BANTEN",0,26,-27,1,30271,28108,1375,788
"2021-06-15","BANTEN",0,40,-40,0,30271,28148,1335,788
"2021-06-16","BANTEN",0,27,-27,0,30271,28175,1308,788
"2021-06-17","BANTEN",0,14,-15,1,30271,28189,1293,789
"2021-06-18","BANTEN",0,30,-30,0,30271,28219,1263,789
"2021-06-19","BANTEN",0,64,-64,0,30271,28283,1199,789
"2021-06-20","BANTEN",0,96,-97,1,30271,28379,1102,790
"2021-06-21","BANTEN",0,18,-18,0,30271,28397,1084,790
"2021-06-22","BANTEN",462,230,230,2,30733,28627,1314,792
"2021-06-23","BANTEN",275,60,209,6,31008,28687,1523,798
"2021-06-24","BANTEN",599,35,562,2,31607,28722,2085,800
"2021-06-25","BANTEN",313,1,309,3,31920,28723,2394,803
"2021-06-26","BANTEN",0,3,-4,1,31920,28726,2390,804
"2021-06-27","BANTEN",0,10,-14,4,31920,28736,2376,808
"2021-06-28","BANTEN",1,65,-65,1,31921,28801,2311,809
"2021-06-29","BANTEN",0,60,-63,3,31921,28861,2248,812
"2021-06-30","BANTEN",0,1,-2,1,31921,28862,2246,813
"2021-07-01","BANTEN",0,0,0,0,31921,28862,2246,813
"2021-07-02","BANTEN",0,3,-4,1,31921,28865,2242,814
"2021-07-03","BANTEN",0,3,-3,0,31921,28868,2239,814
"2021-07-04","BANTEN",621,0,604,17,32542,28868,2843,831
"2021-07-05","BANTEN",541,0,538,3,33083,28868,3381,834
"2021-07-06","BANTEN",457,32,419,6,33540,28900,3800,840
"2021-07-07","BANTEN",612,72,528,12,34152,28972,4328,852
"2021-07-08","BANTEN",503,115,384,4,34655,29087,4712,856
"2021-07-09","BANTEN",514,38,472,4,35169,29125,5184,860
"2021-07-10","BANTEN",569,186,376,7,35738,29311,5560,867
"2021-07-11","BANTEN",679,286,384,9,36417,29597,5944,876
"2021-07-12","BANTEN",2510,240,2262,8,38927,29837,8206,884
"2021-07-13","BANTEN",2318,163,2155,0,41245,30000,10361,884
"2021-07-14","BANTEN",1090,176,906,8,42335,30176,11267,892
"2021-07-15","BANTEN",1113,660,451,2,43448,30836,11718,894
"2021-07-16","BANTEN",1078,513,557,8,44526,31349,12275,902
"2021-07-17","BANTEN",2476,175,2299,2,47002,31524,14574,904
"2021-07-18","BANTEN",3089,172,2909,8,50091,31696,17483,912
"2021-07-19","BANTEN",2109,230,1876,3,52200,31926,19359,915
"2021-07-20","BANTEN",2801,312,2479,10,55001,32238,21838,925
"2021-07-21","BANTEN",1826,657,1155,14,56827,32895,22993,939
"2021-07-22","BANTEN",3159,331,2817,11,59986,33226,25810,950
"2021-07-23","BANTEN",2449,265,2164,20,62435,33491,27974,970
"2021-07-24","BANTEN",2113,206,1899,8,64548,33697,29873,978
"2021-07-25","BANTEN",1445,196,1238,11,65993,33893,31111,989
"2021-07-26","BANTEN",740,432,300,8,66733,34325,31411,997
"2021-07-27","BANTEN",1389,324,1049,16,68122,34649,32460,1013
"2021-07-28","BANTEN",1427,769,633,25,69549,35418,33093,1038
"2021-07-29","BANTEN",1300,2969,-1695,26,70849,38387,31398,1064
"2021-07-30","BANTEN",1068,1658,-641,51,71917,40045,30757,1115
"2021-07-31","BANTEN",1231,2264,-1109,76,73148,42309,29648,1191
"2021-08-01","BANTEN",1246,6998,-5824,72,74394,49307,23824,1263
"2021-08-02","BANTEN",992,2340,-1436,88,75386,51647,22388,1351
"2021-08-03","BANTEN",566,1060,-569,75,75952,52707,21819,1426
"2021-08-04","BANTEN",234,1902,-1721,53,76186,54609,20098,1479
"2021-08-05","BANTEN",255,626,-386,15,76441,55235,19712,1494
"2021-08-06","BANTEN",272,4298,-4038,12,76713,59533,15674,1506
"2021-08-07","BANTEN",247,1835,-1596,8,76960,61368,14078,1514
"2021-08-08","BANTEN",122,1799,-1697,20,77082,63167,12381,1534
"2021-08-09","BANTEN",284,2118,-1848,14,77366,65285,10533,1548
"2021-08-10","BANTEN",789,1372,-587,4,78155,66657,9946,1552
"2021-08-11","BANTEN",624,575,25,24,78779,67232,9971,1576
"2021-08-12","BANTEN",356,277,66,13,79135,67509,10037,1589
"2021-08-13","BANTEN",630,3217,-2600,13,79765,70726,7437,1602
"2021-08-14","BANTEN",519,793,-285,11,80284,71519,7152,1613
"2021-08-15","BANTEN",365,1081,-736,20,80649,72600,6416,1633
"2021-08-16","BANTEN",164,838,-689,15,80813,73438,5727,1648
"2021-08-17","BANTEN",318,1052,-746,12,81131,74490,4981,1660
"2021-08-18","BANTEN",166,267,-113,12,81297,74757,4868,1672
"2021-08-19","BANTEN",303,207,79,17,81600,74964,4947,1689
"2021-08-20","BANTEN",361,253,104,4,81961,75217,5051,1693
"2021-08-21","BANTEN",313,108,200,5,82274,75325,5251,1698
"2021-08-22","BANTEN",168,608,-441,1,82442,75933,4810,1699
"2021-08-23","BANTEN",53,381,-337,9,82495,76314,4473,1708
"2021-08-24","BANTEN",50,186,-144,8,82545,76500,4329,1716
"2021-08-25","BANTEN",77,446,-372,3,82622,76946,3957,1719
"2021-08-26","BANTEN",53,693,-646,6,82675,77639,3311,1725
"2021-08-27","BANTEN",77,354,-282,5,82752,77993,3029,1730
"2021-08-28","BANTEN",61,406,-348,3,82813,78399,2681,1733
"2021-08-29","BANTEN",62,74,-13,1,82875,78473,2668,1734
"2021-08-30","BANTEN",37,798,-763,2,82912,79271,1905,1736
"2021-08-31","BANTEN",108,394,-287,1,83020,79665,1618,1737
"2021-09-01","BANTEN",128,228,-102,2,83148,79893,1516,1739
"2021-09-02","BANTEN",171,115,55,1,83319,80008,1571,1740
"2021-09-03","BANTEN",136,124,12,0,83455,80132,1583,1740
"2021-09-04","BANTEN",154,178,-24,0,83609,80310,1559,1740
"2021-09-05","BANTEN",107,36,70,1,83716,80346,1629,1741
"2021-09-06","BANTEN",102,121,-21,2,83818,80467,1608,1743
"2021-09-07","BANTEN",87,161,-74,0,83905,80628,1534,1743
"2021-09-08","BANTEN",106,89,13,4,84011,80717,1547,1747
"2021-09-09","BANTEN",127,107,17,3,84138,80824,1564,1750
"2021-09-10","BANTEN",73,108,-36,1,84211,80932,1528,1751
"2021-09-11","BANTEN",82,37,43,2,84293,80969,1571,1753
"2021-09-12","BANTEN",51,79,-31,3,84344,81048,1540,1756
"2021-09-13","BANTEN",32,77,-45,0,84376,81125,1495,1756
"2021-09-14","BANTEN",97,140,-44,1,84473,81265,1451,1757
"2021-09-15","BANTEN",68,61,7,0,84541,81326,1458,1757
"2021-09-16","BANTEN",35,265,-235,5,84576,81591,1223,1762
"2021-09-17","BANTEN",46,47,-3,2,84622,81638,1220,1764
"2021-09-18","BANTEN",73,98,-26,1,84695,81736,1194,1765
"2021-09-19","BANTEN",59,125,-66,0,84754,81861,1128,1765
"2021-09-20","BANTEN",31,72,-43,2,84785,81933,1085,1767
"2021-09-21","BANTEN",75,314,-242,3,84860,82247,843,1770
"2021-09-22","BANTEN",63,69,-6,0,84923,82316,837,1770
"2021-09-23","BANTEN",66,85,-21,2,84989,82401,816,1772
"2021-09-24","BANTEN",60,33,26,1,85049,82434,842,1773
"2021-09-25","BANTEN",15,35,-22,2,85064,82469,820,1775
"2021-09-26","BANTEN",16,24,-9,1,85080,82493,811,1776
"2021-09-27","BANTEN",4,29,-25,0,85084,82522,786,1776
"2021-09-28","BANTEN",19,26,-8,1,85103,82548,778,1777
"2021-09-29","BANTEN",15,38,-23,0,85118,82586,755,1777
"2021-09-30","BANTEN",37,65,-29,1,85155,82651,726,1778
"2021-10-01","BANTEN",47,43,4,0,85202,82694,730,1778
"2021-10-02","BANTEN",31,40,-10,1,85233,82734,720,1779
"2021-10-03","BANTEN",50,19,31,0,85283,82753,751,1779
"2021-10-04","BANTEN",18,12,5,1,85301,82765,756,1780
"2021-10-05","BANTEN",39,85,-46,0,85340,82850,710,1780
"2021-10-06","BANTEN",31,30,0,1,85371,82880,710,1781
"2021-10-07","BANTEN",40,19,21,0,85411,82899,731,1781
"2021-10-08","BANTEN",39,102,-63,0,85450,83001,668,1781
"2021-10-09","BANTEN",35,38,-3,0,85485,83039,665,1781
"2021-10-10","BANTEN",12,20,-8,0,85497,83059,657,1781
"2021-10-11","BANTEN",16,16,0,0,85513,83075,657,1781
"2021-10-12","BANTEN",22,20,2,0,85535,83095,659,1781
"2021-10-13","BANTEN",34,10,23,1,85569,83105,682,1782
"2021-10-14","BANTEN",30,17,13,0,85599,83122,695,1782
"2021-10-15","BANTEN",24,17,6,1,85623,83139,701,1783
"2021-10-16","BANTEN",24,125,-101,0,85647,83264,600,1783
"2021-10-17","BANTEN",18,28,-11,1,85665,83292,589,1784
"2021-10-18","BANTEN",17,15,2,0,85682,83307,591,1784
"2021-10-19","BANTEN",24,17,6,1,85706,83324,597,1785
"2021-10-20","BANTEN",15,99,-85,1,85721,83423,512,1786
"2021-10-21","BANTEN",3,61,-58,0,85724,83484,454,1786
"2021-10-22","BANTEN",16,22,-7,1,85740,83506,447,1787
"2021-10-23","BANTEN",25,18,7,0,85765,83524,454,1787
"2021-10-24","BANTEN",17,142,-125,0,85782,83666,329,1787
"2021-10-25","BANTEN",13,10,3,0,85795,83676,332,1787
"2021-10-26","BANTEN",21,44,-24,1,85816,83720,308,1788
"2021-10-27","BANTEN",28,12,16,0,85844,83732,324,1788
"2021-10-28","BANTEN",15,7,8,0,85859,83739,332,1788
"2021-10-29","BANTEN",29,17,12,0,85888,83756,344,1788
"2021-10-30","BANTEN",18,20,-2,0,85906,83776,342,1788
"2021-10-31","BANTEN",28,13,14,1,85934,83789,356,1789
"2021-11-01","BANTEN",10,10,0,0,85944,83799,356,1789
"2021-11-02","BANTEN",26,45,-19,0,85970,83844,337,1789
"2021-11-03","BANTEN",23,10,13,0,85993,83854,350,1789
"2021-11-04","BANTEN",19,13,6,0,86012,83867,356,1789
"2021-11-05","BANTEN",18,32,-14,0,86030,83899,342,1789
"2021-11-06","BANTEN",20,17,3,0,86050,83916,345,1789
"2021-11-07","BANTEN",10,8,2,0,86060,83924,347,1789
"2021-11-08","BANTEN",20,4,16,0,86080,83928,363,1789
"2021-11-09","BANTEN",10,9,1,0,86090,83937,364,1789
"2021-11-10","BANTEN",7,7,0,0,86097,83944,364,1789
"2021-11-11","BANTEN",20,48,-28,0,86117,83992,336,1789
"2021-11-12","BANTEN",17,13,4,0,86134,84005,340,1789
"2021-11-13","BANTEN",6,5,1,0,86140,84010,341,1789
"2021-11-14","BANTEN",4,9,-5,0,86144,84019,336,1789
"2021-11-15","BANTEN",8,11,-3,0,86152,84030,333,1789
"2021-11-16","BANTEN",6,16,-10,0,86158,84046,323,1789
"2021-11-17","BANTEN",11,1,10,0,86169,84047,333,1789
"2021-11-18","BANTEN",2,12,-10,0,86171,84059,323,1789
"2021-11-19","BANTEN",5,11,-6,0,86176,84070,317,1789
"2021-11-20","BANTEN",6,19,-13,0,86182,84089,304,1789
"2021-11-21","BANTEN",8,7,1,0,86190,84096,305,1789
"2021-11-22","BANTEN",3,4,-1,0,86193,84100,304,1789
"2021-11-23","BANTEN",8,4,3,1,86201,84104,307,1790
"2021-11-24","BANTEN",10,7,3,0,86211,84111,310,1790
"2021-11-25","BANTEN",8,8,0,0,86219,84119,310,1790
"2021-11-26","BANTEN",13,102,-90,1,86232,84221,220,1791
"2021-11-27","BANTEN",4,3,1,0,86236,84224,221,1791
"2021-11-28","BANTEN",7,1,6,0,86243,84225,227,1791
"2021-11-29","BANTEN",4,3,1,0,86247,84228,228,1791
"2021-11-30","BANTEN",4,10,-6,0,86251,84238,222,1791
"2021-12-01","BANTEN",1,1,-1,1,86252,84239,221,1792
"2021-12-02","BANTEN",16,23,-7,0,86268,84262,214,1792
"2021-12-03","BANTEN",6,2,4,0,86274,84264,218,1792
"2021-12-04","BANTEN",5,12,-7,0,86279,84276,211,1792
"2021-12-05","BANTEN",6,4,2,0,86285,84280,213,1792
"2021-12-06","BANTEN",2,0,2,0,86287,84280,215,1792
"2021-12-07","BANTEN",6,11,-5,0,86293,84291,210,1792
"2021-12-08","BANTEN",3,13,-10,0,86296,84304,200,1792
"2021-12-09","BANTEN",5,6,-1,0,86301,84310,199,1792
"2021-12-10","BANTEN",3,7,-5,1,86304,84317,194,1793
"2021-12-11","BANTEN",6,3,3,0,86310,84320,197,1793
"2021-12-12","BANTEN",6,3,3,0,86316,84323,200,1793
"2021-12-13","BANTEN",3,7,-5,1,86319,84330,195,1794
"2021-12-14","BANTEN",5,7,-3,1,86324,84337,192,1795
"2021-12-15","BANTEN",2,5,-3,0,86326,84342,189,1795
"2021-12-16","BANTEN",2,6,-4,0,86328,84348,185,1795
"2021-12-17","BANTEN",4,7,-3,0,86332,84355,182,1795
"2021-12-18","BANTEN",2,32,-30,0,86334,84387,152,1795
"2021-12-19","BANTEN",3,4,-1,0,86337,84391,151,1795
"2021-12-20","BANTEN",0,5,-5,0,86337,84396,146,1795
"2021-12-21","BANTEN",11,2,9,0,86348,84398,155,1795
"2021-12-22","BANTEN",9,1,8,0,86357,84399,163,1795
"2021-12-23","BANTEN",3,5,-2,0,86360,84404,161,1795
"2021-12-24","BANTEN",4,5,-1,0,86364,84409,160,1795
"2021-12-25","BANTEN",3,4,-3,2,86367,84413,157,1797
"2021-12-26","BANTEN",2,6,-4,0,86369,84419,153,1797
"2021-12-27","BANTEN",3,8,-5,0,86372,84427,148,1797
"2021-12-28","BANTEN",7,5,2,0,86379,84432,150,1797
"2021-12-29","BANTEN",5,6,-1,0,86384,84438,149,1797
"2021-12-30","BANTEN",6,3,3,0,86390,84441,152,1797
"2021-12-31","BANTEN",3,3,0,0,86393,84444,152,1797
"2022-01-01","BANTEN",8,5,3,0,86401,84449,155,1797
"2022-01-02","BANTEN",7,3,4,0,86408,84452,159,1797
"2022-01-03","BANTEN",7,2,4,1,86415,84454,163,1798
"2022-01-04","BANTEN",11,3,8,0,86426,84457,171,1798
"2022-01-05","BANTEN",7,6,1,0,86433,84463,172,1798
"2022-01-06","BANTEN",21,1,20,0,86454,84464,192,1798
"2022-01-07","BANTEN",28,4,24,0,86482,84468,216,1798
"2022-01-08","BANTEN",17,5,12,0,86499,84473,228,1798
"2022-01-09","BANTEN",17,7,10,0,86516,84480,238,1798
"2022-01-10","BANTEN",15,4,11,0,86531,84484,249,1798
"2022-01-11","BANTEN",43,10,33,0,86574,84494,282,1798
"2022-01-12","BANTEN",60,3,57,0,86634,84497,339,1798
"2022-01-13","BANTEN",54,13,41,0,86688,84510,380,1798
"2022-01-14","BANTEN",89,5,82,2,86777,84515,462,1800
"2022-01-15","BANTEN",106,12,94,0,86883,84527,556,1800
"2022-01-16","BANTEN",74,6,68,0,86957,84533,624,1800
"2022-01-17","BANTEN",84,16,68,0,87041,84549,692,1800
"2022-01-18","BANTEN",189,16,169,4,87230,84565,861,1804
"2022-01-19","BANTEN",181,14,166,1,87411,84579,1027,1805
"2022-01-20","BANTEN",262,28,234,0,87673,84607,1261,1805
"2022-01-21","BANTEN",319,24,295,0,87992,84631,1556,1805
"2022-01-22","BANTEN",435,32,403,0,88427,84663,1959,1805
"2022-01-23","BANTEN",434,18,416,0,88861,84681,2375,1805
"2022-01-24","BANTEN",301,51,249,1,89162,84732,2624,1806
"2022-01-25","BANTEN",828,41,786,1,89990,84773,3410,1807
"2022-01-26","BANTEN",1127,94,1033,0,91117,84867,4443,1807
"2022-01-27","BANTEN",1269,106,1163,0,92386,84973,5606,1807
"2022-01-28","BANTEN",1392,85,1307,0,93778,85058,6913,1807
"2022-01-29","BANTEN",1387,79,1307,1,95165,85137,8220,1808
"2022-01-30","BANTEN",1737,259,1478,0,96902,85396,9698,1808
"2022-01-31","BANTEN",1569,446,1123,0,98471,85842,10821,1808
"2022-02-01","BANTEN",2463,246,2216,1,100934,86088,13037,1809
"2022-02-02","BANTEN",2452,212,2239,1,103386,86300,15276,1810
"2022-02-03","BANTEN",4312,516,3794,2,107698,86816,19070,1812
"2022-02-04","BANTEN",4372,532,3839,1,112070,87348,22909,1813
"2022-02-05","BANTEN",4992,370,4620,2,117062,87718,27529,1815
"2022-02-06","BANTEN",4649,590,4057,2,121711,88308,31586,1817
"2022-02-07","BANTEN",3194,997,2193,4,124905,89305,33779,1821
"2022-02-08","BANTEN",5138,1414,3721,3,130043,90719,37500,1824
"2022-02-09","BANTEN",6026,1214,4807,5,136069,91933,42307,1829
"2022-02-10","BANTEN",5031,1389,3638,4,141100,93322,45945,1833
"2022-02-11","BANTEN",5218,1853,3362,3,146318,95175,49307,1836
"2022-02-12","BANTEN",7283,1241,6037,5,153601,96416,55344,1841
"2022-02-13","BANTEN",5592,2782,2802,8,159193,99198,58146,1849
"2022-02-14","BANTEN",4006,3638,361,7,163199,102836,58507,1856
"2022-02-15","BANTEN",6509,3287,3220,2,169708,106123,61727,1858
"2022-02-16","BANTEN",6798,3775,3017,6,176506,109898,64744,1864
"2022-02-17","BANTEN",6426,4307,2111,8,182932,114205,66855,1872
"2022-02-18","BANTEN",5343,3878,1460,5,188275,118083,68315,1877
"2022-02-19","BANTEN",4709,4036,665,8,192984,122119,68980,1885
"2022-02-20","BANTEN",3604,2892,704,8,196588,125011,69684,1893
"2022-02-21","BANTEN",2611,4318,-1708,1,199199,129329,67976,1894
"2022-02-22","BANTEN",3954,5615,-1673,12,203153,134944,66303,1906
"2022-02-23","BANTEN",3984,4668,-689,5,207137,139612,65614,1911
"2022-02-24","BANTEN",3354,4615,-1267,6,210491,144227,64347,1917
"2022-02-25","BANTEN",2696,22654,-19963,5,213187,166881,44384,1922
"2022-02-26","BANTEN",2395,4569,-2182,8,215582,171450,42202,1930
"2022-02-27","BANTEN",1940,4273,-2339,6,217522,175723,39863,1936
"2022-02-28","BANTEN",1058,4773,-3722,7,218580,180496,36141,1943
"2022-03-01","BANTEN",1095,3773,-2687,9,219675,184269,33454,1952
"2022-03-02","BANTEN",1807,3136,-1336,7,221482,187405,32118,1959
"2022-03-03","BANTEN",1735,2966,-1235,4,223217,190371,30883,1963
"2022-03-04","BANTEN",1050,3007,-1961,4,224267,193378,28922,1967
"2022-03-05","BANTEN",1501,3235,-1736,2,225768,196613,27186,1969
"2022-03-06","BANTEN",1204,2141,-940,3,226972,198754,26246,1972
"2022-03-07","BANTEN",871,1351,-482,2,227843,200105,25764,1974
"2022-03-08","BANTEN",15,750,-735,0,227858,200855,25029,1974
"2020-08-06","BALI",27,0,27,0,27,0,27,0
"2020-08-07","BALI",38,0,38,0,65,0,65,0
"2020-08-08","BALI",38,0,38,0,103,0,103,0
"2020-08-09","BALI",59,0,59,0,162,0,162,0
"2020-08-10","BALI",38,0,38,0,200,0,200,0
"2020-08-11","BALI",45,0,45,0,245,0,245,0
"2020-08-12","BALI",30,1,29,0,275,1,274,0
"2020-08-13","BALI",35,9,26,0,310,10,300,0
"2020-08-14","BALI",53,0,53,0,363,10,353,0
"2020-08-15","BALI",44,3,41,0,407,13,394,0
"2020-08-16","BALI",41,9,32,0,448,22,426,0
"2020-08-17","BALI",45,6,39,0,493,28,465,0
"2020-08-18","BALI",48,1,47,0,541,29,512,0
"2020-08-19","BALI",62,1,61,0,603,30,573,0
"2020-08-20","BALI",72,4,68,0,675,34,641,0
"2020-08-21","BALI",76,5,71,0,751,39,712,0
"2020-08-22","BALI",78,5,73,0,829,44,785,0
"2020-08-23","BALI",67,9,58,0,896,53,843,0
"2020-08-24","BALI",63,8,55,0,959,61,898,0
"2020-08-25","BALI",74,11,63,0,1033,72,961,0
"2020-08-26","BALI",76,9,67,0,1109,81,1028,0
"2020-08-27","BALI",82,16,66,0,1191,97,1094,0
"2020-08-28","BALI",93,6,87,0,1284,103,1181,0
"2020-08-29","BALI",88,13,74,1,1372,116,1255,1
"2020-08-30","BALI",89,1,87,1,1461,117,1342,2
"2020-08-31","BALI",129,10,117,2,1590,127,1459,4
"2020-09-01","BALI",160,18,142,0,1750,145,1601,4
"2020-09-02","BALI",169,13,154,2,1919,158,1755,6
"2020-09-03","BALI",174,19,154,1,2093,177,1909,7
"2020-09-04","BALI",196,7,188,1,2289,184,2097,8
"2020-09-05","BALI",165,11,151,3,2454,195,2248,11
"2020-09-06","BALI",141,5,134,2,2595,200,2382,13
"2020-09-07","BALI",173,17,153,3,2768,217,2535,16
"2020-09-08","BALI",164,4,158,2,2932,221,2693,18
"2020-09-09","BALI",173,12,160,1,3105,233,2853,19
"2020-09-10","BALI",111,11,98,2,3216,244,2951,21
"2020-09-11","BALI",143,8,135,0,3359,252,3086,21
"2020-09-12","BALI",135,11,124,0,3494,263,3210,21
"2020-09-13","BALI",113,10,100,3,3607,273,3310,24
"2020-09-14","BALI",86,8,76,2,3693,281,3386,26
"2020-09-15","BALI",68,12,55,1,3761,293,3441,27
"2020-09-16","BALI",49,6,43,0,3810,299,3484,27
"2020-09-17","BALI",63,25,36,2,3873,324,3520,29
"2020-09-18","BALI",50,11,37,2,3923,335,3557,31
"2020-09-19","BALI",85,13,72,0,4008,348,3629,31
"2020-09-20","BALI",121,6,112,3,4129,354,3741,34
"2020-09-21","BALI",139,6,133,0,4268,360,3874,34
"2020-09-22","BALI",108,24,83,1,4376,384,3957,35
"2020-09-23","BALI",132,22,109,1,4508,406,4066,36
"2020-09-24","BALI",119,13,95,11,4627,419,4161,47
"2020-09-25","BALI",144,13,130,1,4771,432,4291,48
"2020-09-26","BALI",63,8,54,1,4834,440,4345,49
"2020-09-27","BALI",80,11,68,1,4914,451,4413,50
"2020-09-28","BALI",107,24,80,3,5021,475,4493,53
"2020-09-29","BALI",106,19,86,1,5127,494,4579,54
"2020-09-30","BALI",133,22,109,2,5260,516,4688,56
"2020-10-01","BALI",141,24,116,1,5401,540,4804,57
"2020-10-02","BALI",130,10,118,2,5531,550,4922,59
"2020-10-03","BALI",0,16,-16,0,5531,566,4906,59
"2020-10-04","BALI",0,24,-24,0,5531,590,4882,59
"2020-10-05","BALI",83,10,72,1,5614,600,4954,60
"2020-10-06","BALI",99,19,80,0,5713,619,5034,60
"2020-10-07","BALI",105,7,95,3,5818,626,5129,63
"2020-10-08","BALI",107,21,86,0,5925,647,5215,63
"2020-10-09","BALI",138,6,132,0,6063,653,5347,63
"2020-10-10","BALI",131,14,116,1,6194,667,5463,64
"2020-10-11","BALI",107,14,92,1,6301,681,5555,65
"2020-10-12","BALI",93,12,79,2,6394,693,5634,67
"2020-10-13","BALI",76,16,58,2,6470,709,5692,69
"2020-10-14","BALI",109,14,93,2,6579,723,5785,71
"2020-10-15","BALI",100,28,72,0,6679,751,5857,71
"2020-10-16","BALI",92,33,59,0,6771,784,5916,71
"2020-10-17","BALI",92,18,73,1,6863,802,5989,72
"2020-10-18","BALI",74,12,62,0,6937,814,6051,72
"2020-10-19","BALI",110,30,78,2,7047,844,6129,74
"2020-10-20","BALI",75,22,52,1,7122,866,6181,75
"2020-10-21","BALI",87,13,74,0,7209,879,6255,75
"2020-10-22","BALI",83,26,55,2,7292,905,6310,77
"2020-10-23","BALI",0,15,-16,1,7292,920,6294,78
"2020-10-24","BALI",0,21,-22,1,7292,941,6272,79
"2020-10-25","BALI",109,17,92,0,7401,958,6364,79
"2020-10-26","BALI",67,13,54,0,7468,971,6418,79
"2020-10-27","BALI",65,17,47,1,7533,988,6465,80
"2020-10-28","BALI",68,5626,-5776,218,7601,6614,689,298
"2020-10-29","BALI",59,48,9,2,7660,6662,698,300
"2020-10-30","BALI",65,89,-27,3,7725,6751,671,303
"2020-10-31","BALI",52,45,5,2,7777,6796,676,305
"2020-11-01","BALI",57,39,16,2,7834,6835,692,307
"2020-11-02","BALI",25,72,-48,1,7859,6907,644,308
"2020-11-03","BALI",60,60,-1,1,7919,6967,643,309
"2020-11-04","BALI",73,67,6,0,7992,7034,649,309
"2020-11-05","BALI",60,94,-37,3,8052,7128,612,312
"2020-11-06","BALI",74,63,9,2,8126,7191,621,314
"2020-11-07","BALI",68,45,23,0,8194,7236,644,314
"2020-11-08","BALI",44,55,-11,0,8238,7291,633,314
"2020-11-09","BALI",68,85,-18,1,8306,7376,615,315
"2020-11-10","BALI",44,87,-45,2,8350,7463,570,317
"2020-11-11","BALI",93,60,33,0,8443,7523,603,317
"2020-11-12","BALI",89,48,40,1,8532,7571,643,318
"2020-11-13","BALI",64,57,6,1,8596,7628,649,319
"2020-11-14","BALI",48,50,-2,0,8644,7678,647,319
"2020-11-15","BALI",60,49,11,0,8704,7727,658,319
"2020-11-16","BALI",7,37,-31,1,8711,7764,627,320
"2020-11-17","BALI",2,47,-46,1,8713,7811,581,321
"2020-11-18","BALI",69,89,-20,0,8782,7900,561,321
"2020-11-19","BALI",88,62,26,0,8870,7962,587,321
"2020-11-20","BALI",61,67,-8,2,8931,8029,579,323
"2020-11-21","BALI",94,64,30,0,9025,8093,609,323
"2020-11-22","BALI",103,63,39,1,9128,8156,648,324
"2020-11-23","BALI",68,68,-3,3,9196,8224,645,327
"2020-11-24","BALI",111,70,39,2,9307,8294,684,329
"2020-11-25","BALI",95,53,40,2,9402,8347,724,331
"2020-11-26","BALI",111,42,65,4,9513,8389,789,335
"2020-11-27","BALI",82,44,34,4,9595,8433,823,339
"2020-11-28","BALI",99,84,14,1,9694,8517,837,340
"2020-11-29","BALI",109,32,75,2,9803,8549,912,342
"2020-11-30","BALI",89,129,-44,4,9892,8678,868,346
"2020-12-01","BALI",109,41,66,2,10001,8719,934,348
"2020-12-02","BALI",0,90,-90,0,10001,8809,844,348
"2020-12-03","BALI",0,94,-98,4,10001,8903,746,352
"2020-12-04","BALI",122,79,41,2,10123,8982,787,354
"2020-12-05","BALI",91,98,-8,1,10214,9080,779,355
"2020-12-06","BALI",110,73,35,2,10324,9153,814,357
"2020-12-07","BALI",102,145,-44,1,10426,9298,770,358
"2020-12-08","BALI",86,72,13,1,10512,9370,783,359
"2020-12-09","BALI",139,75,61,3,10651,9445,844,362
"2020-12-10","BALI",112,86,23,3,10763,9531,867,365
"2020-12-11","BALI",110,60,46,4,10873,9591,913,369
"2020-12-12","BALI",69,71,-2,0,10942,9662,911,369
"2020-12-13","BALI",72,57,13,2,11014,9719,924,371
"2020-12-14","BALI",77,87,-10,0,11091,9806,914,371
"2020-12-15","BALI",73,61,6,6,11164,9867,920,377
"2020-12-16","BALI",0,115,-116,1,11164,9982,804,378
"2020-12-17","BALI",0,64,-65,1,11164,10046,739,379
"2020-12-18","BALI",0,64,-65,1,11164,10110,674,380
"2020-12-19","BALI",0,44,-44,0,11164,10154,630,380
"2020-12-20","BALI",0,63,-64,1,11164,10217,566,381
"2020-12-21","BALI",0,127,-127,0,11164,10344,439,381
"2020-12-22","BALI",0,114,-114,0,11164,10458,325,381
"2020-12-23","BALI",0,84,-87,3,11164,10542,238,384
"2020-12-24","BALI",123,57,64,2,11287,10599,302,386
"2020-12-25","BALI",112,49,61,2,11399,10648,363,388
"2020-12-26","BALI",96,41,51,4,11495,10689,414,392
"2020-12-27","BALI",66,57,7,2,11561,10746,421,394
"2020-12-28","BALI",138,35,101,2,11699,10781,522,396
"2020-12-29","BALI",172,62,107,3,11871,10843,629,399
"2020-12-30","BALI",157,45,108,4,12028,10888,737,403
"2020-12-31","BALI",179,34,141,4,12207,10922,878,407
"2021-01-01","BALI",101,47,53,1,12308,10969,931,408
"2021-01-02","BALI",165,88,73,4,12473,11057,1004,412
"2021-01-03","BALI",0,57,-57,0,12473,11114,947,412
"2021-01-04","BALI",0,74,-77,3,12473,11188,870,415
"2021-01-05","BALI",0,100,-100,0,12473,11288,770,415
"2021-01-06","BALI",0,102,-106,4,12473,11390,664,419
"2021-01-07","BALI",0,106,-109,3,12473,11496,555,422
"2021-01-08","BALI",0,76,-78,2,12473,11572,477,424
"2021-01-09","BALI",0,58,-59,1,12473,11630,418,425
"2021-01-10","BALI",0,61,-62,1,12473,11691,356,426
"2021-01-11","BALI",0,61,-61,0,12473,11752,295,426
"2021-01-12","BALI",0,49,-52,3,12473,11801,243,429
"2021-01-13","BALI",268,25,242,1,12741,11826,485,430
"2021-01-14","BALI",297,77,220,0,13038,11903,705,430
"2021-01-15","BALI",311,32,276,3,13349,11935,981,433
"2021-01-16","BALI",318,32,286,0,13667,11967,1267,433
"2021-01-17","BALI",262,17,244,1,13929,11984,1511,434
"2021-01-18","BALI",238,74,159,5,14167,12058,1670,439
"2021-01-19","BALI",0,75,-76,1,14167,12133,1594,440
"2021-01-20","BALI",0,99,-102,3,14167,12232,1492,443
"2021-01-21","BALI",0,94,-96,2,14167,12326,1396,445
"2021-01-22","BALI",0,141,-146,5,14167,12467,1250,450
"2021-01-23","BALI",0,140,-141,1,14167,12607,1109,451
"2021-01-24","BALI",0,134,-137,3,14167,12741,972,454
"2021-01-25","BALI",0,163,-163,0,14167,12904,809,454
"2021-01-26","BALI",0,139,-139,0,14167,13043,670,454
"2021-01-27","BALI",0,75,-76,1,14167,13118,594,455
"2021-01-28","BALI",0,58,-58,0,14167,13176,536,455
"2021-01-29","BALI",0,46,-46,0,14167,13222,490,455
"2021-01-30","BALI",0,26,-26,0,14167,13248,464,455
"2021-01-31","BALI",0,31,-32,1,14167,13279,432,456
"2021-02-01","BALI",0,36,-36,0,14167,13315,396,456
"2021-02-02","BALI",309,24,283,2,14476,13339,679,458
"2021-02-03","BALI",261,21,239,1,14737,13360,918,459
"2021-02-04","BALI",216,51,162,3,14953,13411,1080,462
"2021-02-05","BALI",508,42,462,4,15461,13453,1542,466
"2021-02-06","BALI",197,64,124,9,15658,13517,1666,475
"2021-02-07","BALI",381,45,332,4,16039,13562,1998,479
"2021-02-08","BALI",0,119,-123,4,16039,13681,1875,483
"2021-02-09","BALI",0,118,-122,4,16039,13799,1753,487
"2021-02-10","BALI",0,139,-143,4,16039,13938,1610,491
"2021-02-11","BALI",0,197,-199,2,16039,14135,1411,493
"2021-02-12","BALI",0,217,-221,4,16039,14352,1190,497
"2021-02-13","BALI",0,94,-96,2,16039,14446,1094,499
"2021-02-14","BALI",0,113,-113,0,16039,14559,981,499
"2021-02-15","BALI",0,130,-131,1,16039,14689,850,500
"2021-02-16","BALI",0,115,-116,1,16039,14804,734,501
"2021-02-17","BALI",0,64,-67,3,16039,14868,667,504
"2021-02-18","BALI",0,74,-76,2,16039,14942,591,506
"2021-02-19","BALI",0,46,-47,1,16039,14988,544,507
"2021-02-20","BALI",0,39,-39,0,16039,15027,505,507
"2021-02-21","BALI",0,33,-34,1,16039,15060,471,508
"2021-02-22","BALI",278,42,235,1,16317,15102,706,509
"2021-02-23","BALI",288,113,170,5,16605,15215,876,514
"2021-02-24","BALI",307,90,214,3,16912,15305,1090,517
"2021-02-25","BALI",263,105,155,3,17175,15410,1245,520
"2021-02-26","BALI",330,111,211,8,17505,15521,1456,528
"2021-02-27","BALI",151,146,2,3,17656,15667,1458,531
"2021-02-28","BALI",239,64,170,5,17895,15731,1628,536
"2021-03-01","BALI",165,98,63,4,18060,15829,1691,540
"2021-03-02","BALI",0,135,-141,6,18060,15964,1550,546
"2021-03-03","BALI",0,179,-183,4,18060,16143,1367,550
"2021-03-04","BALI",0,167,-177,10,18060,16310,1190,560
"2021-03-05","BALI",0,233,-236,3,18060,16543,954,563
"2021-03-06","BALI",0,117,-119,2,18060,16660,835,565
"2021-03-07","BALI",0,123,-123,0,18060,16783,712,565
"2021-03-08","BALI",0,154,-155,1,18060,16937,557,566
"2021-03-09","BALI",0,121,-122,1,18060,17058,435,567
"2021-03-10","BALI",0,72,-73,1,18060,17130,362,568
"2021-03-11","BALI",0,31,-32,1,18060,17161,330,569
"2021-03-12","BALI",0,22,-26,4,18060,17183,304,573
"2021-03-13","BALI",0,17,-17,0,18060,17200,287,573
"2021-03-14","BALI",0,9,-9,0,18060,17209,278,573
"2021-03-15","BALI",100,23,77,0,18160,17232,355,573
"2021-03-16","BALI",77,56,18,3,18237,17288,373,576
"2021-03-17","BALI",227,58,163,6,18464,17346,536,582
"2021-03-18","BALI",306,44,258,4,18770,17390,794,586
"2021-03-19","BALI",207,63,137,7,18977,17453,931,593
"2021-03-20","BALI",130,32,92,6,19107,17485,1023,599
"2021-03-21","BALI",186,70,115,1,19293,17555,1138,600
"2021-03-22","BALI",174,89,78,7,19467,17644,1216,607
"2021-03-23","BALI",182,68,107,7,19649,17712,1323,614
"2021-03-24","BALI",189,96,86,7,19838,17808,1409,621
"2021-03-25","BALI",0,91,-95,4,19838,17899,1314,625
"2021-03-26","BALI",0,104,-107,3,19838,18003,1207,628
"2021-03-27","BALI",0,109,-114,5,19838,18112,1093,633
"2021-03-28","BALI",0,116,-117,1,19838,18228,976,634
"2021-03-29","BALI",0,171,-175,4,19838,18399,801,638
"2021-03-30","BALI",0,134,-140,6,19838,18533,661,644
"2021-03-31","BALI",0,135,-135,0,19838,18668,526,644
"2021-04-01","BALI",0,90,-94,4,19838,18758,432,648
"2021-04-02","BALI",0,54,-54,0,19838,18812,378,648
"2021-04-03","BALI",141,85,56,0,19979,18897,434,648
"2021-04-04","BALI",255,144,107,4,20234,19041,541,652
"2021-04-05","BALI",187,54,131,2,20421,19095,672,654
"2021-04-06","BALI",236,75,154,7,20657,19170,826,661
"2021-04-07","BALI",210,68,135,7,20867,19238,961,668
"2021-04-08","BALI",205,67,130,8,21072,19305,1091,676
"2021-04-09","BALI",207,72,130,5,21279,19377,1221,681
"2021-04-10","BALI",153,58,92,3,21432,19435,1313,684
"2021-04-11","BALI",115,60,55,0,21547,19495,1368,684
"2021-04-12","BALI",169,118,45,6,21716,19613,1413,690
"2021-04-13","BALI",150,102,42,6,21866,19715,1455,696
"2021-04-14","BALI",121,63,56,2,21987,19778,1511,698
"2021-04-15","BALI",0,95,-97,2,21987,19873,1414,700
"2021-04-16","BALI",0,236,-239,3,21987,20109,1175,703
"2021-04-17","BALI",0,147,-154,7,21987,20256,1021,710
"2021-04-18","BALI",0,167,-170,3,21987,20423,851,713
"2021-04-19","BALI",0,149,-154,5,21987,20572,697,718
"2021-04-20","BALI",0,165,-168,3,21987,20737,529,721
"2021-04-21","BALI",0,91,-93,2,21987,20828,436,723
"2021-04-22","BALI",0,114,-118,4,21987,20942,318,727
"2021-04-23","BALI",138,61,72,5,22125,21003,390,732
"2021-04-24","BALI",124,32,91,1,22249,21035,481,733
"2021-04-25","BALI",66,12,53,1,22315,21047,534,734
"2021-04-26","BALI",105,50,50,5,22420,21097,584,739
"2021-04-27","BALI",150,23,123,4,22570,21120,707,743
"2021-04-28","BALI",166,40,119,7,22736,21160,826,750
"2021-04-29","BALI",132,67,62,3,22868,21227,888,753
"2021-04-30","BALI",137,56,81,0,23005,21283,969,753
"2021-05-01","BALI",142,70,63,9,23147,21353,1032,762
"2021-05-02","BALI",86,40,43,3,23233,21393,1075,765
"2021-05-03","BALI",105,97,1,7,23338,21490,1076,772
"2021-05-04","BALI",150,82,62,6,23488,21572,1138,778
"2021-05-05","BALI",0,87,-90,3,23488,21659,1048,781
"2021-05-06","BALI",0,138,-147,9,23488,21797,901,790
"2021-05-07","BALI",0,124,-126,2,23488,21921,775,792
"2021-05-08","BALI",0,114,-118,4,23488,22035,657,796
"2021-05-09","BALI",0,84,-86,2,23488,22119,571,798
"2021-05-10","BALI",0,112,-115,3,23488,22231,456,801
"2021-05-11","BALI",0,67,-70,3,23488,22298,386,804
"2021-05-12","BALI",0,64,-65,1,23488,22362,321,805
"2021-05-13","BALI",94,42,50,2,23582,22404,371,807
"2021-05-14","BALI",47,30,15,2,23629,22434,386,809
"2021-05-15","BALI",45,28,16,1,23674,22462,402,810
"2021-05-16","BALI",74,12,60,2,23748,22474,462,812
"2021-05-17","BALI",74,36,36,2,23822,22510,498,814
"2021-05-18","BALI",79,33,45,1,23901,22543,543,815
"2021-05-19","BALI",112,46,60,6,24013,22589,603,821
"2021-05-20","BALI",83,44,37,2,24096,22633,640,823
"2021-05-21","BALI",100,105,-6,1,24196,22738,634,824
"2021-05-22","BALI",50,62,-16,4,24246,22800,618,828
"2021-05-23","BALI",68,29,39,0,24314,22829,657,828
"2021-05-24","BALI",62,50,11,1,24376,22879,668,829
"2021-05-25","BALI",55,69,-18,4,24431,22948,650,833
"2021-05-26","BALI",59,33,21,5,24490,22981,671,838
"2021-05-27","BALI",0,69,-72,3,24490,23050,599,841
"2021-05-28","BALI",0,62,-67,5,24490,23112,532,846
"2021-05-29","BALI",0,68,-68,0,24490,23180,464,846
"2021-05-30","BALI",0,38,-38,0,24490,23218,426,846
"2021-05-31","BALI",0,79,-80,1,24490,23297,346,847
"2021-06-01","BALI",1,28,-27,0,24491,23325,319,847
"2021-06-02","BALI",33,58,-26,1,24524,23383,293,848
"2021-06-03","BALI",46,50,-4,0,24570,23433,289,848
"2021-06-04","BALI",50,50,-1,1,24620,23483,288,849
"2021-06-05","BALI",28,26,2,0,24648,23509,290,849
"2021-06-06","BALI",27,23,4,0,24675,23532,294,849
"2021-06-07","BALI",36,20,16,0,24711,23552,310,849
"2021-06-08","BALI",36,10,21,5,24747,23562,331,854
"2021-06-09","BALI",37,30,7,0,24784,23592,338,854
"2021-06-10","BALI",61,27,33,1,24845,23619,371,855
"2021-06-11","BALI",0,44,-45,1,24845,23663,326,856
"2021-06-12","BALI",0,32,-34,2,24845,23695,292,858
"2021-06-13","BALI",0,36,-38,2,24845,23731,254,860
"2021-06-14","BALI",0,43,-44,1,24845,23774,210,861
"2021-06-15","BALI",1,21,-20,0,24846,23795,190,861
"2021-06-16","BALI",0,19,-19,0,24846,23814,171,861
"2021-06-17","BALI",0,26,-26,0,24846,23840,145,861
"2021-06-18","BALI",2,43,-42,1,24848,23883,103,862
"2021-06-19","BALI",0,17,-18,1,24848,23900,85,863
"2021-06-20","BALI",0,10,-11,1,24848,23910,74,864
"2021-06-21","BALI",0,4,-4,0,24848,23914,70,864
"2021-06-22","BALI",127,0,125,2,24975,23914,195,866
"2021-06-23","BALI",189,7,180,2,25164,23921,375,868
"2021-06-24","BALI",181,6,173,2,25345,23927,548,870
"2021-06-25","BALI",195,16,178,1,25540,23943,726,871
"2021-06-26","BALI",0,28,-29,1,25540,23971,697,872
"2021-06-27","BALI",0,17,-17,0,25540,23988,680,872
"2021-06-28","BALI",0,39,-40,1,25540,24027,640,873
"2021-06-29","BALI",0,33,-33,0,25540,24060,607,873
"2021-06-30","BALI",0,52,-52,0,25540,24112,555,873
"2021-07-01","BALI",0,65,-68,3,25540,24177,487,876
"2021-07-02","BALI",0,93,-96,3,25540,24270,391,879
"2021-07-03","BALI",0,89,-90,1,25540,24359,301,880
"2021-07-04","BALI",355,49,305,1,25895,24408,606,881
"2021-07-05","BALI",401,57,339,5,26296,24465,945,886
"2021-07-06","BALI",424,79,343,2,26720,24544,1288,888
"2021-07-07","BALI",504,67,432,5,27224,24611,1720,893
"2021-07-08","BALI",577,84,489,4,27801,24695,2209,897
"2021-07-09","BALI",674,83,587,4,28475,24778,2796,901
"2021-07-10","BALI",678,60,613,5,29153,24838,3409,906
"2021-07-11","BALI",561,139,417,5,29714,24977,3826,911
"2021-07-12","BALI",656,228,416,12,30370,25205,4242,923
"2021-07-13","BALI",0,286,-302,16,30370,25491,3940,939
"2021-07-14","BALI",0,229,-237,8,30370,25720,3703,947
"2021-07-15","BALI",0,372,-380,8,30370,26092,3323,955
"2021-07-16","BALI",0,367,-374,7,30370,26459,2949,962
"2021-07-17","BALI",1019,441,567,11,31389,26900,3516,973
"2021-07-18","BALI",944,366,565,13,32333,27266,4081,986
"2021-07-19","BALI",837,502,319,16,33170,27768,4400,1002
"2021-07-20","BALI",880,396,468,16,34050,28164,4868,1018
"2021-07-21","BALI",1111,417,674,20,35161,28581,5542,1038
"2021-07-22","BALI",1250,242,981,27,36411,28823,6523,1065
"2021-07-23","BALI",1407,315,1066,26,37818,29138,7589,1091
"2021-07-24","BALI",1057,350,684,23,38875,29488,8273,1114
"2021-07-25","BALI",990,427,538,25,39865,29915,8811,1139
"2021-07-26","BALI",1078,687,366,25,40943,30602,9177,1164
"2021-07-27","BALI",1314,711,574,29,42257,31313,9751,1193
"2021-07-28","BALI",1452,845,569,38,43709,32158,10320,1231
"2021-07-29","BALI",1119,552,549,18,44828,32710,10869,1249
"2021-07-30","BALI",1365,764,565,36,46193,33474,11434,1285
"2021-07-31","BALI",1280,857,389,34,47473,34331,11823,1319
"2021-08-01","BALI",1146,793,320,33,48619,35124,12143,1352
"2021-08-02","BALI",1044,749,249,46,49663,35873,12392,1398
"2021-08-03","BALI",0,904,-933,29,49663,36777,11459,1427
"2021-08-04","BALI",1,895,-922,28,49664,37672,10537,1455
"2021-08-05","BALI",1,963,-974,12,49665,38635,9563,1467
"2021-08-06","BALI",2,1300,-1322,24,49667,39935,8241,1491
"2021-08-07","BALI",0,1140,-1164,24,49667,41075,7077,1515
"2021-08-08","BALI",0,1070,-1080,10,49667,42145,5997,1525
"2021-08-09","BALI",1018,992,5,21,50685,43137,6002,1546
"2021-08-10","BALI",1411,1266,128,17,52096,44403,6130,1563
"2021-08-11","BALI",1270,893,360,17,53366,45296,6490,1580
"2021-08-12","BALI",1353,909,423,21,54719,46205,6913,1601
"2021-08-13","BALI",1909,1516,354,39,56628,47721,7267,1640
"2021-08-14","BALI",1795,608,1161,26,58423,48329,8428,1666
"2021-08-15","BALI",1071,481,564,26,59494,48810,8992,1692
"2021-08-16","BALI",888,451,403,34,60382,49261,9395,1726
"2021-08-17","BALI",984,471,468,45,61366,49732,9863,1771
"2021-08-18","BALI",733,558,125,50,62099,50290,9988,1821
"2021-08-19","BALI",1028,864,120,44,63127,51154,10108,1865
"2021-08-20","BALI",1033,1040,-71,64,64160,52194,10037,1929
"2021-08-21","BALI",843,1058,-267,52,65003,53252,9770,1981
"2021-08-22","BALI",576,920,-392,48,65579,54172,9378,2029
"2021-08-23","BALI",14,990,-1033,57,65593,55162,8345,2086
"2021-08-24","BALI",36,946,-943,33,65629,56108,7402,2119
"2021-08-25","BALI",44,819,-801,26,65673,56927,6601,2145
"2021-08-26","BALI",32,929,-926,29,65705,57856,5675,2174
"2021-08-27","BALI",15,666,-674,23,65720,58522,5001,2197
"2021-08-28","BALI",15,803,-805,17,65735,59325,4196,2214
"2021-08-29","BALI",18,884,-883,17,65753,60209,3313,2231
"2021-08-30","BALI",22,807,-807,22,65775,61016,2506,2253
"2021-08-31","BALI",160,212,-58,6,65935,61228,2448,2259
"2021-09-01","BALI",220,220,-6,6,66155,61448,2442,2265
"2021-09-02","BALI",329,278,46,5,66484,61726,2488,2270
"2021-09-03","BALI",392,215,168,9,66876,61941,2656,2279
"2021-09-04","BALI",346,217,117,12,67222,62158,2773,2291
"2021-09-05","BALI",250,94,144,12,67472,62252,2917,2303
"2021-09-06","BALI",206,51,146,9,67678,62303,3063,2312
"2021-09-07","BALI",290,100,180,10,67968,62403,3243,2322
"2021-09-08","BALI",297,81,203,13,68265,62484,3446,2335
"2021-09-09","BALI",254,129,111,14,68519,62613,3557,2349
"2021-09-10","BALI",252,228,16,8,68771,62841,3573,2357
"2021-09-11","BALI",223,199,13,11,68994,63040,3586,2368
"2021-09-12","BALI",146,273,-143,16,69140,63313,3443,2384
"2021-09-13","BALI",114,287,-184,11,69254,63600,3259,2395
"2021-09-14","BALI",236,410,-193,19,69490,64010,3066,2414
"2021-09-15","BALI",163,629,-481,15,69653,64639,2585,2429
"2021-09-16","BALI",100,343,-256,13,69753,64982,2329,2442
"2021-09-17","BALI",178,250,-83,11,69931,65232,2246,2453
"2021-09-18","BALI",121,206,-92,7,70052,65438,2154,2460
"2021-09-19","BALI",81,170,-100,11,70133,65608,2054,2471
"2021-09-20","BALI",76,224,-156,8,70209,65832,1898,2479
"2021-09-21","BALI",135,238,-112,9,70344,66070,1786,2488
"2021-09-22","BALI",85,218,-149,16,70429,66288,1637,2504
"2021-09-23","BALI",103,221,-134,16,70532,66509,1503,2520
"2021-09-24","BALI",97,144,-59,12,70629,66653,1444,2532
"2021-09-25","BALI",72,138,-75,9,70701,66791,1369,2541
"2021-09-26","BALI",35,115,-84,4,70736,66906,1285,2545
"2021-09-27","BALI",26,113,-91,4,70762,67019,1194,2549
"2021-09-28","BALI",31,214,-188,5,70793,67233,1006,2554
"2021-09-29","BALI",28,131,-106,3,70821,67364,900,2557
"2021-09-30","BALI",55,172,-118,1,70876,67536,782,2558
"2021-10-01","BALI",73,143,-72,2,70949,67679,710,2560
"2021-10-02","BALI",60,81,-23,2,71009,67760,687,2562
"2021-10-03","BALI",69,89,-22,2,71078,67849,665,2564
"2021-10-04","BALI",51,69,-21,3,71129,67918,644,2567
"2021-10-05","BALI",78,84,-9,3,71207,68002,635,2570
"2021-10-06","BALI",60,62,-5,3,71267,68064,630,2573
"2021-10-07","BALI",60,56,2,2,71327,68120,632,2575
"2021-10-08","BALI",56,42,13,1,71383,68162,645,2576
"2021-10-09","BALI",37,32,0,5,71420,68194,645,2581
"2021-10-10","BALI",35,46,-12,1,71455,68240,633,2582
"2021-10-11","BALI",34,49,-22,7,71489,68289,611,2589
"2021-10-12","BALI",41,79,-39,1,71530,68368,572,2590
"2021-10-13","BALI",40,55,-17,2,71570,68423,555,2592
"2021-10-14","BALI",35,76,-43,2,71605,68499,512,2594
"2021-10-15","BALI",36,54,-22,4,71641,68553,490,2598
"2021-10-16","BALI",30,49,-23,4,71671,68602,467,2602
"2021-10-17","BALI",25,29,-4,0,71696,68631,463,2602
"2021-10-18","BALI",21,57,-41,5,71717,68688,422,2607
"2021-10-19","BALI",45,53,-10,2,71762,68741,412,2609
"2021-10-20","BALI",25,32,-7,0,71787,68773,405,2609
"2021-10-21","BALI",21,47,-27,1,71808,68820,378,2610
"2021-10-22","BALI",20,37,-17,0,71828,68857,361,2610
"2021-10-23","BALI",23,31,-10,2,71851,68888,351,2612
"2021-10-24","BALI",22,24,-2,0,71873,68912,349,2612
"2021-10-25","BALI",14,46,-33,1,71887,68958,316,2613
"2021-10-26","BALI",21,26,-8,3,71908,68984,308,2616
"2021-10-27","BALI",13,21,-8,0,71921,69005,300,2616
"2021-10-28","BALI",24,34,-10,0,71945,69039,290,2616
"2021-10-29","BALI",29,35,-7,1,71974,69074,283,2617
"2021-10-30","BALI",25,24,0,1,71999,69098,283,2618
"2021-10-31","BALI",24,13,8,3,72023,69111,291,2621
"2021-11-01","BALI",17,43,-26,0,72040,69154,265,2621
"2021-11-02","BALI",17,19,-2,0,72057,69173,263,2621
"2021-11-03","BALI",25,18,6,1,72082,69191,269,2622
"2021-11-04","BALI",18,18,-2,2,72100,69209,267,2624
"2021-11-05","BALI",9,17,-9,1,72109,69226,258,2625
"2021-11-06","BALI",14,27,-14,1,72123,69253,244,2626
"2021-11-07","BALI",11,13,-3,1,72134,69266,241,2627
"2021-11-08","BALI",8,33,-26,1,72142,69299,215,2628
"2021-11-09","BALI",21,9,11,1,72163,69308,226,2629
"2021-11-10","BALI",2,14,-12,0,72165,69322,214,2629
"2021-11-11","BALI",4,17,-13,0,72169,69339,201,2629
"2021-11-12","BALI",9,15,-7,1,72178,69354,194,2630
"2021-11-13","BALI",11,23,-15,3,72189,69377,179,2633
"2021-11-14","BALI",9,23,-14,0,72198,69400,165,2633
"2021-11-15","BALI",6,17,-11,0,72204,69417,154,2633
"2021-11-16","BALI",4,17,-13,0,72208,69434,141,2633
"2021-11-17","BALI",17,11,6,0,72225,69445,147,2633
"2021-11-18","BALI",5,6,-1,0,72230,69451,146,2633
"2021-11-19","BALI",5,2,3,0,72235,69453,149,2633
"2021-11-20","BALI",2,11,-9,0,72237,69464,140,2633
"2021-11-21","BALI",6,12,-7,1,72243,69476,133,2634
"2021-11-22","BALI",5,10,-5,0,72248,69486,128,2634
"2021-11-23","BALI",12,11,1,0,72260,69497,129,2634
"2021-11-24","BALI",16,7,8,1,72276,69504,137,2635
"2021-11-25","BALI",13,2,11,0,72289,69506,148,2635
"2021-11-26","BALI",19,8,11,0,72308,69514,159,2635
"2021-11-27","BALI",7,11,-6,2,72315,69525,153,2637
"2021-11-28","BALI",13,4,9,0,72328,69529,162,2637
"2021-11-29","BALI",8,14,-7,1,72336,69543,155,2638
"2021-11-30","BALI",9,10,-2,1,72345,69553,153,2639
"2021-12-01","BALI",5,3,2,0,72350,69556,155,2639
"2021-12-02","BALI",15,14,0,1,72365,69570,155,2640
"2021-12-03","BALI",11,9,2,0,72376,69579,157,2640
"2021-12-04","BALI",10,12,-2,0,72386,69591,155,2640
"2021-12-05","BALI",5,9,-4,0,72391,69600,151,2640
"2021-12-06","BALI",5,8,-3,0,72396,69608,148,2640
"2021-12-07","BALI",10,10,-1,1,72406,69618,147,2641
"2021-12-08","BALI",13,8,5,0,72419,69626,152,2641
"2021-12-09","BALI",13,4,9,0,72432,69630,161,2641
"2021-12-10","BALI",3,11,-9,1,72435,69641,152,2642
"2021-12-11","BALI",2,9,-7,0,72437,69650,145,2642
"2021-12-12","BALI",3,4,-2,1,72440,69654,143,2643
"2021-12-13","BALI",5,14,-10,1,72445,69668,133,2644
"2021-12-14","BALI",9,5,3,1,72454,69673,136,2645
"2021-12-15","BALI",2,19,-17,0,72456,69692,119,2645
"2021-12-16","BALI",3,14,-12,1,72459,69706,107,2646
"2021-12-17","BALI",5,14,-9,0,72464,69720,98,2646
"2021-12-18","BALI",3,11,-8,0,72467,69731,90,2646
"2021-12-19","BALI",3,15,-12,0,72470,69746,78,2646
"2021-12-20","BALI",1,13,-12,0,72471,69759,66,2646
"2021-12-21","BALI",2,17,-15,0,72473,69776,51,2646
"2021-12-22","BALI",6,2,4,0,72479,69778,55,2646
"2021-12-23","BALI",2,14,-13,1,72481,69792,42,2647
"2021-12-24","BALI",2,2,-1,1,72483,69794,41,2648
"2021-12-25","BALI",7,5,2,0,72490,69799,43,2648
"2021-12-26","BALI",4,0,4,0,72494,69799,47,2648
"2021-12-27","BALI",5,8,-3,0,72499,69807,44,2648
"2021-12-28","BALI",5,1,3,1,72504,69808,47,2649
"2021-12-29","BALI",2,3,-1,0,72506,69811,46,2649
"2021-12-30","BALI",2,1,0,1,72508,69812,46,2650
"2021-12-31","BALI",3,3,-1,1,72511,69815,45,2651
"2022-01-01","BALI",3,0,3,0,72514,69815,48,2651
"2022-01-02","BALI",1,0,1,0,72515,69815,49,2651
"2022-01-03","BALI",1,1,-1,1,72516,69816,48,2652
"2022-01-04","BALI",8,4,3,1,72524,69820,51,2653
"2022-01-05","BALI",1,5,-4,0,72525,69825,47,2653
"2022-01-06","BALI",4,7,-3,0,72529,69832,44,2653
"2022-01-07","BALI",5,7,-2,0,72534,69839,42,2653
"2022-01-08","BALI",6,2,4,0,72540,69841,46,2653
"2022-01-09","BALI",3,1,2,0,72543,69842,48,2653
"2022-01-10","BALI",1,6,-5,0,72544,69848,43,2653
"2022-01-11","BALI",9,2,7,0,72553,69850,50,2653
"2022-01-12","BALI",4,2,2,0,72557,69852,52,2653
"2022-01-13","BALI",26,1,25,0,72583,69853,77,2653
"2022-01-14","BALI",8,3,5,0,72591,69856,82,2653
"2022-01-15","BALI",7,3,2,2,72598,69859,84,2655
"2022-01-16","BALI",14,0,14,0,72612,69859,98,2655
"2022-01-17","BALI",13,8,5,0,72625,69867,103,2655
"2022-01-18","BALI",21,2,19,0,72646,69869,122,2655
"2022-01-19","BALI",20,1,19,0,72666,69870,141,2655
"2022-01-20","BALI",43,5,38,0,72709,69875,179,2655
"2022-01-21","BALI",34,5,29,0,72743,69880,208,2655
"2022-01-22","BALI",43,24,19,0,72786,69904,227,2655
"2022-01-23","BALI",47,8,39,0,72833,69912,266,2655
"2022-01-24","BALI",32,13,16,3,72865,69925,282,2658
"2022-01-25","BALI",95,10,85,0,72960,69935,367,2658
"2022-01-26","BALI",138,7,131,0,73098,69942,498,2658
"2022-01-27","BALI",204,13,189,2,73302,69955,687,2660
"2022-01-28","BALI",239,23,214,2,73541,69978,901,2662
"2022-01-29","BALI",191,25,165,1,73732,70003,1066,2663
"2022-01-30","BALI",355,31,324,0,74087,70034,1390,2663
"2022-01-31","BALI",291,53,238,0,74378,70087,1628,2663
"2022-02-01","BALI",715,29,683,3,75093,70116,2311,2666
"2022-02-02","BALI",771,53,715,3,75864,70169,3026,2669
"2022-02-03","BALI",1501,86,1414,1,77365,70255,4440,2670
"2022-02-04","BALI",1791,100,1689,2,79156,70355,6129,2672
"2022-02-05","BALI",2038,180,1854,4,81194,70535,7983,2676
"2022-02-06","BALI",1918,176,1735,7,83112,70711,9718,2683
"2022-02-07","BALI",1172,226,937,9,84284,70937,10655,2692
"2022-02-08","BALI",2425,329,2091,5,86709,71266,12746,2697
"2022-02-09","BALI",2556,338,2205,13,89265,71604,14951,2710
"2022-02-10","BALI",2184,589,1582,13,91449,72193,16533,2723
"2022-02-11","BALI",1834,540,1281,13,93283,72733,17814,2736
"2022-02-12","BALI",2323,1111,1198,14,95606,73844,19012,2750
"2022-02-13","BALI",1646,911,718,17,97252,74755,19730,2767
"2022-02-14","BALI",1307,1680,-393,20,98559,76435,19337,2787
"2022-02-15","BALI",1862,1783,65,14,100421,78218,19402,2801
"2022-02-16","BALI",1518,1822,-316,12,101939,80040,19086,2813
"2022-02-17","BALI",1445,2110,-683,18,103384,82150,18403,2831
"2022-02-18","BALI",1041,1912,-883,12,104425,84062,17520,2843
"2022-02-19","BALI",939,1573,-654,20,105364,85635,16866,2863
"2022-02-20","BALI",879,1622,-759,16,106243,87257,16107,2879
"2022-02-21","BALI",654,2522,-1877,9,106897,89779,14230,2888
"2022-02-22","BALI",760,2132,-1395,23,107657,91911,12835,2911
"2022-02-23","BALI",763,1453,-706,16,108420,93364,12129,2927
"2022-02-24","BALI",602,1415,-827,14,109022,94779,11302,2941
"2022-02-25","BALI",524,1606,-1096,14,109546,96385,10206,2955
"2022-02-26","BALI",470,1211,-755,14,110016,97596,9451,2969
"2022-02-27","BALI",334,1527,-1203,10,110350,99123,8248,2979
"2022-02-28","BALI",224,1003,-793,14,110574,100126,7455,2993
"2022-03-01","BALI",242,1124,-903,21,110816,101250,6552,3014
"2022-03-02","BALI",308,890,-599,17,111124,102140,5953,3031
"2022-03-03","BALI",172,138,32,2,111296,102278,5985,3033
"2022-03-04","BALI",93,1254,-1172,11,111389,103532,4813,3044
"2022-03-05","BALI",251,869,-626,8,111640,104401,4187,3052
"2022-03-06","BALI",229,692,-474,11,111869,105093,3713,3063
"2022-03-07","BALI",152,690,-545,7,112021,105783,3168,3070
"2022-03-08","BALI",5,60,-58,3,112026,105843,3110,3073
"2020-08-06","NUSA TENGGARA BARAT",27,0,26,1,27,0,26,1
"2020-08-07","NUSA TENGGARA BARAT",15,0,15,0,42,0,41,1
"2020-08-08","NUSA TENGGARA BARAT",24,0,23,1,66,0,64,2
"2020-08-09","NUSA TENGGARA BARAT",27,1,26,0,93,1,90,2
"2020-08-10","NUSA TENGGARA BARAT",26,1,24,1,119,2,114,3
"2020-08-11","NUSA TENGGARA BARAT",22,0,20,2,141,2,134,5
"2020-08-12","NUSA TENGGARA BARAT",24,7,16,1,165,9,150,6
"2020-08-13","NUSA TENGGARA BARAT",13,14,-1,0,178,23,149,6
"2020-08-14","NUSA TENGGARA BARAT",24,2,22,0,202,25,171,6
"2020-08-15","NUSA TENGGARA BARAT",22,3,17,2,224,28,188,8
"2020-08-16","NUSA TENGGARA BARAT",15,3,12,0,239,31,200,8
"2020-08-17","NUSA TENGGARA BARAT",22,10,11,1,261,41,211,9
"2020-08-18","NUSA TENGGARA BARAT",23,7,14,2,284,48,225,11
"2020-08-19","NUSA TENGGARA BARAT",24,2,21,1,308,50,246,12
"2020-08-20","NUSA TENGGARA BARAT",21,8,12,1,329,58,258,13
"2020-08-21","NUSA TENGGARA BARAT",24,14,8,2,353,72,266,15
"2020-08-22","NUSA TENGGARA BARAT",14,13,-1,2,367,85,265,17
"2020-08-23","NUSA TENGGARA BARAT",18,9,7,2,385,94,272,19
"2020-08-24","NUSA TENGGARA BARAT",14,6,6,2,399,100,278,21
"2020-08-25","NUSA TENGGARA BARAT",17,10,5,2,416,110,283,23
"2020-08-26","NUSA TENGGARA BARAT",28,13,14,1,444,123,297,24
"2020-08-27","NUSA TENGGARA BARAT",21,10,8,3,465,133,305,27
"2020-08-28","NUSA TENGGARA BARAT",23,21,1,1,488,154,306,28
"2020-08-29","NUSA TENGGARA BARAT",42,14,28,0,530,168,334,28
"2020-08-30","NUSA TENGGARA BARAT",1,14,-13,0,531,182,321,28
"2020-08-31","NUSA TENGGARA BARAT",14,27,-14,1,545,209,307,29
"2020-09-01","NUSA TENGGARA BARAT",16,15,-1,2,561,224,306,31
"2020-09-02","NUSA TENGGARA BARAT",14,19,-5,0,575,243,301,31
"2020-09-03","NUSA TENGGARA BARAT",14,10,4,0,589,253,305,31
"2020-09-04","NUSA TENGGARA BARAT",9,13,-7,3,598,266,298,34
"2020-09-05","NUSA TENGGARA BARAT",33,22,9,2,631,288,307,36
"2020-09-06","NUSA TENGGARA BARAT",19,17,1,1,650,305,308,37
"2020-09-07","NUSA TENGGARA BARAT",8,10,-3,1,658,315,305,38
"2020-09-08","NUSA TENGGARA BARAT",20,16,2,2,678,331,307,40
"2020-09-09","NUSA TENGGARA BARAT",15,22,-7,0,693,353,300,40
"2020-09-10","NUSA TENGGARA BARAT",11,29,-18,0,704,382,282,40
"2020-09-11","NUSA TENGGARA BARAT",9,16,-8,1,713,398,274,41
"2020-09-12","NUSA TENGGARA BARAT",13,24,-11,0,726,422,263,41
"2020-09-13","NUSA TENGGARA BARAT",16,9,6,1,742,431,269,42
"2020-09-14","NUSA TENGGARA BARAT",22,10,12,0,764,441,281,42
"2020-09-15","NUSA TENGGARA BARAT",20,8,11,1,784,449,292,43
"2020-09-16","NUSA TENGGARA BARAT",9,11,-2,0,793,460,290,43
"2020-09-17","NUSA TENGGARA BARAT",19,20,-4,3,812,480,286,46
"2020-09-18","NUSA TENGGARA BARAT",20,8,10,2,832,488,296,48
"2020-09-19","NUSA TENGGARA BARAT",53,22,28,3,885,510,324,51
"2020-09-20","NUSA TENGGARA BARAT",19,11,8,0,904,521,332,51
"2020-09-21","NUSA TENGGARA BARAT",25,12,10,3,929,533,342,54
"2020-09-22","NUSA TENGGARA BARAT",11,15,-6,2,940,548,336,56
"2020-09-23","NUSA TENGGARA BARAT",24,20,4,0,964,568,340,56
"2020-09-24","NUSA TENGGARA BARAT",39,19,17,3,1003,587,357,59
"2020-09-25","NUSA TENGGARA BARAT",18,38,-22,2,1021,625,335,61
"2020-09-26","NUSA TENGGARA BARAT",28,11,17,0,1049,636,352,61
"2020-09-27","NUSA TENGGARA BARAT",19,8,9,2,1068,644,361,63
"2020-09-28","NUSA TENGGARA BARAT",17,4,12,1,1085,648,373,64
"2020-09-29","NUSA TENGGARA BARAT",7,35,-28,0,1092,683,345,64
"2020-09-30","NUSA TENGGARA BARAT",27,39,-13,1,1119,722,332,65
"2020-10-01","NUSA TENGGARA BARAT",30,14,14,2,1149,736,346,67
"2020-10-02","NUSA TENGGARA BARAT",26,7,17,2,1175,743,363,69
"2020-10-03","NUSA TENGGARA BARAT",0,9,-9,0,1175,752,354,69
"2020-10-04","NUSA TENGGARA BARAT",0,7,-7,0,1175,759,347,69
"2020-10-05","NUSA TENGGARA BARAT",21,20,1,0,1196,779,348,69
"2020-10-06","NUSA TENGGARA BARAT",23,32,-9,0,1219,811,339,69
"2020-10-07","NUSA TENGGARA BARAT",7,18,-11,0,1226,829,328,69
"2020-10-08","NUSA TENGGARA BARAT",14,4,10,0,1240,833,338,69
"2020-10-09","NUSA TENGGARA BARAT",28,18,8,2,1268,851,346,71
"2020-10-10","NUSA TENGGARA BARAT",7,7,-1,1,1275,858,345,72
"2020-10-11","NUSA TENGGARA BARAT",19,3,16,0,1294,861,361,72
"2020-10-12","NUSA TENGGARA BARAT",15,6,9,0,1309,867,370,72
"2020-10-13","NUSA TENGGARA BARAT",8,14,-6,0,1317,881,364,72
"2020-10-14","NUSA TENGGARA BARAT",26,40,-16,2,1343,921,348,74
"2020-10-15","NUSA TENGGARA BARAT",25,14,11,0,1368,935,359,74
"2020-10-16","NUSA TENGGARA BARAT",33,15,18,0,1401,950,377,74
"2020-10-17","NUSA TENGGARA BARAT",27,21,5,1,1428,971,382,75
"2020-10-18","NUSA TENGGARA BARAT",31,10,21,0,1459,981,403,75
"2020-10-19","NUSA TENGGARA BARAT",28,6,20,2,1487,987,423,77
"2020-10-20","NUSA TENGGARA BARAT",21,9,10,2,1508,996,433,79
"2020-10-21","NUSA TENGGARA BARAT",32,14,17,1,1540,1010,450,80
"2020-10-22","NUSA TENGGARA BARAT",25,41,-17,1,1565,1051,433,81
"2020-10-23","NUSA TENGGARA BARAT",0,24,-25,1,1565,1075,408,82
"2020-10-24","NUSA TENGGARA BARAT",0,12,-12,0,1565,1087,396,82
"2020-10-25","NUSA TENGGARA BARAT",22,15,5,2,1587,1102,401,84
"2020-10-26","NUSA TENGGARA BARAT",26,20,6,0,1613,1122,407,84
"2020-10-27","NUSA TENGGARA BARAT",29,29,0,0,1642,1151,407,84
"2020-10-28","NUSA TENGGARA BARAT",27,29,-2,0,1669,1180,405,84
"2020-10-29","NUSA TENGGARA BARAT",10,25,-15,0,1679,1205,390,84
"2020-10-30","NUSA TENGGARA BARAT",16,4,11,1,1695,1209,401,85
"2020-10-31","NUSA TENGGARA BARAT",6,3,2,1,1701,1212,403,86
"2020-11-01","NUSA TENGGARA BARAT",24,4,20,0,1725,1216,423,86
"2020-11-02","NUSA TENGGARA BARAT",2,8,-7,1,1727,1224,416,87
"2020-11-03","NUSA TENGGARA BARAT",18,10,8,0,1745,1234,424,87
"2020-11-04","NUSA TENGGARA BARAT",26,43,-19,2,1771,1277,405,89
"2020-11-05","NUSA TENGGARA BARAT",54,70,-17,1,1825,1347,388,90
"2020-11-06","NUSA TENGGARA BARAT",21,21,-2,2,1846,1368,386,92
"2020-11-07","NUSA TENGGARA BARAT",32,16,16,0,1878,1384,402,92
"2020-11-08","NUSA TENGGARA BARAT",46,56,-12,2,1924,1440,390,94
"2020-11-09","NUSA TENGGARA BARAT",44,3,41,0,1968,1443,431,94
"2020-11-10","NUSA TENGGARA BARAT",11,0,11,0,1979,1443,442,94
"2020-11-11","NUSA TENGGARA BARAT",36,0,35,1,2015,1443,477,95
"2020-11-12","NUSA TENGGARA BARAT",28,0,28,0,2043,1443,505,95
"2020-11-13","NUSA TENGGARA BARAT",48,0,48,0,2091,1443,553,95
"2020-11-14","NUSA TENGGARA BARAT",27,0,27,0,2118,1443,580,95
"2020-11-15","NUSA TENGGARA BARAT",14,0,14,0,2132,1443,594,95
"2020-11-16","NUSA TENGGARA BARAT",0,0,0,0,2132,1443,594,95
"2020-11-17","NUSA TENGGARA BARAT",4,3,1,0,2136,1446,595,95
"2020-11-18","NUSA TENGGARA BARAT",21,4,16,1,2157,1450,611,96
"2020-11-19","NUSA TENGGARA BARAT",16,7,9,0,2173,1457,620,96
"2020-11-20","NUSA TENGGARA BARAT",39,18,17,4,2212,1475,637,100
"2020-11-21","NUSA TENGGARA BARAT",28,1,27,0,2240,1476,664,100
"2020-11-22","NUSA TENGGARA BARAT",10,19,-9,0,2250,1495,655,100
"2020-11-23","NUSA TENGGARA BARAT",15,3,11,1,2265,1498,666,101
"2020-11-24","NUSA TENGGARA BARAT",13,9,4,0,2278,1507,670,101
"2020-11-25","NUSA TENGGARA BARAT",10,32,-24,2,2288,1539,646,103
"2020-11-26","NUSA TENGGARA BARAT",17,21,-4,0,2305,1560,642,103
"2020-11-27","NUSA TENGGARA BARAT",38,9,28,1,2343,1569,670,104
"2020-11-28","NUSA TENGGARA BARAT",32,14,17,1,2375,1583,687,105
"2020-11-29","NUSA TENGGARA BARAT",24,8,15,1,2399,1591,702,106
"2020-11-30","NUSA TENGGARA BARAT",8,4,2,2,2407,1595,704,108
"2020-12-01","NUSA TENGGARA BARAT",18,21,-4,1,2425,1616,700,109
"2020-12-02","NUSA TENGGARA BARAT",0,49,-49,0,2425,1665,651,109
"2020-12-03","NUSA TENGGARA BARAT",0,9,-9,0,2425,1674,642,109
"2020-12-04","NUSA TENGGARA BARAT",33,103,-72,2,2458,1777,570,111
"2020-12-05","NUSA TENGGARA BARAT",27,66,-39,0,2485,1843,531,111
"2020-12-06","NUSA TENGGARA BARAT",14,31,-18,1,2499,1874,513,112
"2020-12-07","NUSA TENGGARA BARAT",25,14,9,2,2524,1888,522,114
"2020-12-08","NUSA TENGGARA BARAT",9,16,-8,1,2533,1904,514,115
"2020-12-09","NUSA TENGGARA BARAT",57,22,35,0,2590,1926,549,115
"2020-12-10","NUSA TENGGARA BARAT",20,19,1,0,2610,1945,550,115
"2020-12-11","NUSA TENGGARA BARAT",34,14,20,0,2644,1959,570,115
"2020-12-12","NUSA TENGGARA BARAT",37,23,13,1,2681,1982,583,116
"2020-12-13","NUSA TENGGARA BARAT",29,12,15,2,2710,1994,598,118
"2020-12-14","NUSA TENGGARA BARAT",47,4,43,0,2757,1998,641,118
"2020-12-15","NUSA TENGGARA BARAT",34,14,18,2,2791,2012,659,120
"2020-12-16","NUSA TENGGARA BARAT",0,10,-10,0,2791,2022,649,120
"2020-12-17","NUSA TENGGARA BARAT",0,0,0,0,2791,2022,649,120
"2020-12-18","NUSA TENGGARA BARAT",0,0,0,0,2791,2022,649,120
"2020-12-19","NUSA TENGGARA BARAT",0,26,-26,0,2791,2048,623,120
"2020-12-20","NUSA TENGGARA BARAT",0,10,-10,0,2791,2058,613,120
"2020-12-21","NUSA TENGGARA BARAT",0,1,-1,0,2791,2059,612,120
"2020-12-22","NUSA TENGGARA BARAT",0,36,-36,0,2791,2095,576,120
"2020-12-23","NUSA TENGGARA BARAT",0,8,-8,0,2791,2103,568,120
"2020-12-24","NUSA TENGGARA BARAT",42,0,42,0,2833,2103,610,120
"2020-12-25","NUSA TENGGARA BARAT",24,0,24,0,2857,2103,634,120
"2020-12-26","NUSA TENGGARA BARAT",32,0,32,0,2889,2103,666,120
"2020-12-27","NUSA TENGGARA BARAT",16,0,16,0,2905,2103,682,120
"2020-12-28","NUSA TENGGARA BARAT",53,2,51,0,2958,2105,733,120
"2020-12-29","NUSA TENGGARA BARAT",11,33,-22,0,2969,2138,711,120
"2020-12-30","NUSA TENGGARA BARAT",65,28,37,0,3034,2166,748,120
"2020-12-31","NUSA TENGGARA BARAT",65,31,34,0,3099,2197,782,120
"2021-01-01","NUSA TENGGARA BARAT",60,5,55,0,3159,2202,837,120
"2021-01-02","NUSA TENGGARA BARAT",59,27,30,2,3218,2229,867,122
"2021-01-03","NUSA TENGGARA BARAT",0,1,-1,0,3218,2230,866,122
"2021-01-04","NUSA TENGGARA BARAT",0,7,-7,0,3218,2237,859,122
"2021-01-05","NUSA TENGGARA BARAT",0,0,0,0,3218,2237,859,122
"2021-01-06","NUSA TENGGARA BARAT",0,0,0,0,3218,2237,859,122
"2021-01-07","NUSA TENGGARA BARAT",0,7,-7,0,3218,2244,852,122
"2021-01-08","NUSA TENGGARA BARAT",0,57,-57,0,3218,2301,795,122
"2021-01-09","NUSA TENGGARA BARAT",0,88,-88,0,3218,2389,707,122
"2021-01-10","NUSA TENGGARA BARAT",0,84,-84,0,3218,2473,623,122
"2021-01-11","NUSA TENGGARA BARAT",0,45,-45,0,3218,2518,578,122
"2021-01-12","NUSA TENGGARA BARAT",0,0,0,0,3218,2518,578,122
"2021-01-13","NUSA TENGGARA BARAT",33,14,19,0,3251,2532,597,122
"2021-01-14","NUSA TENGGARA BARAT",83,12,71,0,3334,2544,668,122
"2021-01-15","NUSA TENGGARA BARAT",58,6,52,0,3392,2550,720,122
"2021-01-16","NUSA TENGGARA BARAT",72,4,68,0,3464,2554,788,122
"2021-01-17","NUSA TENGGARA BARAT",60,19,41,0,3524,2573,829,122
"2021-01-18","NUSA TENGGARA BARAT",35,4,31,0,3559,2577,860,122
"2021-01-19","NUSA TENGGARA BARAT",0,10,-10,0,3559,2587,850,122
"2021-01-20","NUSA TENGGARA BARAT",0,34,-34,0,3559,2621,816,122
"2021-01-21","NUSA TENGGARA BARAT",0,65,-65,0,3559,2686,751,122
"2021-01-22","NUSA TENGGARA BARAT",0,18,-18,0,3559,2704,733,122
"2021-01-23","NUSA TENGGARA BARAT",0,6,-6,0,3559,2710,727,122
"2021-01-24","NUSA TENGGARA BARAT",0,10,-10,0,3559,2720,717,122
"2021-01-25","NUSA TENGGARA BARAT",0,18,-18,0,3559,2738,699,122
"2021-01-26","NUSA TENGGARA BARAT",0,14,-14,0,3559,2752,685,122
"2021-01-27","NUSA TENGGARA BARAT",0,20,-20,0,3559,2772,665,122
"2021-01-28","NUSA TENGGARA BARAT",0,11,-11,0,3559,2783,654,122
"2021-01-29","NUSA TENGGARA BARAT",0,15,-15,0,3559,2798,639,122
"2021-01-30","NUSA TENGGARA BARAT",0,9,-9,0,3559,2807,630,122
"2021-01-31","NUSA TENGGARA BARAT",0,15,-15,0,3559,2822,615,122
"2021-02-01","NUSA TENGGARA BARAT",0,5,-5,0,3559,2827,610,122
"2021-02-02","NUSA TENGGARA BARAT",0,115,-115,0,3559,2942,495,122
"2021-02-03","NUSA TENGGARA BARAT",6,5,-1,2,3565,2947,494,124
"2021-02-04","NUSA TENGGARA BARAT",0,1,-1,0,3565,2948,493,124
"2021-02-05","NUSA TENGGARA BARAT",1,0,1,0,3566,2948,494,124
"2021-02-06","NUSA TENGGARA BARAT",22,7,1,14,3588,2955,495,138
"2021-02-07","NUSA TENGGARA BARAT",0,1,-1,0,3588,2956,494,138
"2021-02-08","NUSA TENGGARA BARAT",0,85,-86,1,3588,3041,408,139
"2021-02-09","NUSA TENGGARA BARAT",0,53,-64,11,3588,3094,344,150
"2021-02-10","NUSA TENGGARA BARAT",0,2,-3,1,3588,3096,341,151
"2021-02-11","NUSA TENGGARA BARAT",0,1,-1,0,3588,3097,340,151
"2021-02-12","NUSA TENGGARA BARAT",0,29,-29,0,3588,3126,311,151
"2021-02-13","NUSA TENGGARA BARAT",0,4,-4,0,3588,3130,307,151
"2021-02-14","NUSA TENGGARA BARAT",0,53,-53,0,3588,3183,254,151
"2021-02-15","NUSA TENGGARA BARAT",0,4,-4,0,3588,3187,250,151
"2021-02-16","NUSA TENGGARA BARAT",0,4,-4,0,3588,3191,246,151
"2021-02-17","NUSA TENGGARA BARAT",0,0,0,0,3588,3191,246,151
"2021-02-18","NUSA TENGGARA BARAT",0,2,-2,0,3588,3193,244,151
"2021-02-19","NUSA TENGGARA BARAT",0,0,0,0,3588,3193,244,151
"2021-02-20","NUSA TENGGARA BARAT",0,0,0,0,3588,3193,244,151
"2021-02-21","NUSA TENGGARA BARAT",0,1,-1,0,3588,3194,243,151
"2021-02-22","NUSA TENGGARA BARAT",75,0,75,0,3663,3194,318,151
"2021-02-23","NUSA TENGGARA BARAT",33,48,-17,2,3696,3242,301,153
"2021-02-24","NUSA TENGGARA BARAT",20,4,16,0,3716,3246,317,153
"2021-02-25","NUSA TENGGARA BARAT",44,61,-17,0,3760,3307,300,153
"2021-02-26","NUSA TENGGARA BARAT",65,81,-16,0,3825,3388,284,153
"2021-02-27","NUSA TENGGARA BARAT",32,12,20,0,3857,3400,304,153
"2021-02-28","NUSA TENGGARA BARAT",67,43,23,1,3924,3443,327,154
"2021-03-01","NUSA TENGGARA BARAT",50,17,33,0,3974,3460,360,154
"2021-03-02","NUSA TENGGARA BARAT",0,5,-5,0,3974,3465,355,154
"2021-03-03","NUSA TENGGARA BARAT",0,4,-4,0,3974,3469,351,154
"2021-03-04","NUSA TENGGARA BARAT",0,0,-1,1,3974,3469,350,155
"2021-03-05","NUSA TENGGARA BARAT",0,1,-1,0,3974,3470,349,155
"2021-03-06","NUSA TENGGARA BARAT",0,14,-14,0,3974,3484,335,155
"2021-03-07","NUSA TENGGARA BARAT",0,1,-1,0,3974,3485,334,155
"2021-03-08","NUSA TENGGARA BARAT",0,1,-2,1,3974,3486,332,156
"2021-03-09","NUSA TENGGARA BARAT",0,2,-2,0,3974,3488,330,156
"2021-03-10","NUSA TENGGARA BARAT",0,2,-2,0,3974,3490,328,156
"2021-03-11","NUSA TENGGARA BARAT",0,3,-3,0,3974,3493,325,156
"2021-03-12","NUSA TENGGARA BARAT",0,0,0,0,3974,3493,325,156
"2021-03-13","NUSA TENGGARA BARAT",0,12,-12,0,3974,3505,313,156
"2021-03-14","NUSA TENGGARA BARAT",69,0,69,0,4043,3505,382,156
"2021-03-15","NUSA TENGGARA BARAT",42,7,34,1,4085,3512,416,157
"2021-03-16","NUSA TENGGARA BARAT",1,0,1,0,4086,3512,417,157
"2021-03-17","NUSA TENGGARA BARAT",34,0,34,0,4120,3512,451,157
"2021-03-18","NUSA TENGGARA BARAT",67,24,43,0,4187,3536,494,157
"2021-03-19","NUSA TENGGARA BARAT",28,13,15,0,4215,3549,509,157
"2021-03-20","NUSA TENGGARA BARAT",41,2,37,2,4256,3551,546,159
"2021-03-21","NUSA TENGGARA BARAT",33,3,30,0,4289,3554,576,159
"2021-03-22","NUSA TENGGARA BARAT",64,35,28,1,4353,3589,604,160
"2021-03-23","NUSA TENGGARA BARAT",15,2,13,0,4368,3591,617,160
"2021-03-24","NUSA TENGGARA BARAT",38,5,33,0,4406,3596,650,160
"2021-03-25","NUSA TENGGARA BARAT",0,10,-10,0,4406,3606,640,160
"2021-03-26","NUSA TENGGARA BARAT",0,0,0,0,4406,3606,640,160
"2021-03-27","NUSA TENGGARA BARAT",0,4,-4,0,4406,3610,636,160
"2021-03-28","NUSA TENGGARA BARAT",0,0,0,0,4406,3610,636,160
"2021-03-29","NUSA TENGGARA BARAT",0,11,-11,0,4406,3621,625,160
"2021-03-30","NUSA TENGGARA BARAT",0,30,-30,0,4406,3651,595,160
"2021-03-31","NUSA TENGGARA BARAT",0,12,-12,0,4406,3663,583,160
"2021-04-01","NUSA TENGGARA BARAT",0,0,-1,1,4406,3663,582,161
"2021-04-02","NUSA TENGGARA BARAT",0,5,-5,0,4406,3668,577,161
"2021-04-03","NUSA TENGGARA BARAT",21,0,21,0,4427,3668,598,161
"2021-04-04","NUSA TENGGARA BARAT",19,0,18,1,4446,3668,616,162
"2021-04-05","NUSA TENGGARA BARAT",32,0,30,2,4478,3668,646,164
"2021-04-06","NUSA TENGGARA BARAT",7,1,5,1,4485,3669,651,165
"2021-04-07","NUSA TENGGARA BARAT",26,1,25,0,4511,3670,676,165
"2021-04-08","NUSA TENGGARA BARAT",43,0,43,0,4554,3670,719,165
"2021-04-09","NUSA TENGGARA BARAT",25,0,25,0,4579,3670,744,165
"2021-04-10","NUSA TENGGARA BARAT",17,15,2,0,4596,3685,746,165
"2021-04-11","NUSA TENGGARA BARAT",19,1,18,0,4615,3686,764,165
"2021-04-12","NUSA TENGGARA BARAT",32,0,32,0,4647,3686,796,165
"2021-04-13","NUSA TENGGARA BARAT",5,33,-28,0,4652,3719,768,165
"2021-04-14","NUSA TENGGARA BARAT",20,2,18,0,4672,3721,786,165
"2021-04-15","NUSA TENGGARA BARAT",0,0,0,0,4672,3721,786,165
"2021-04-16","NUSA TENGGARA BARAT",0,0,0,0,4672,3721,786,165
"2021-04-17","NUSA TENGGARA BARAT",0,17,-18,1,4672,3738,768,166
"2021-04-18","NUSA TENGGARA BARAT",0,0,0,0,4672,3738,768,166
"2021-04-19","NUSA TENGGARA BARAT",0,5,-5,0,4672,3743,763,166
"2021-04-20","NUSA TENGGARA BARAT",0,0,0,0,4672,3743,763,166
"2021-04-21","NUSA TENGGARA BARAT",0,0,0,0,4672,3743,763,166
"2021-04-22","NUSA TENGGARA BARAT",0,0,0,0,4672,3743,763,166
"2021-04-23","NUSA TENGGARA BARAT",1,7,-6,0,4673,3750,757,166
"2021-04-24","NUSA TENGGARA BARAT",0,0,-1,1,4673,3750,756,167
"2021-04-25","NUSA TENGGARA BARAT",3,0,3,0,4676,3750,759,167
"2021-04-26","NUSA TENGGARA BARAT",58,9,49,0,4734,3759,808,167
"2021-04-27","NUSA TENGGARA BARAT",59,1,57,1,4793,3760,865,168
"2021-04-28","NUSA TENGGARA BARAT",49,25,24,0,4842,3785,889,168
"2021-04-29","NUSA TENGGARA BARAT",36,29,3,4,4878,3814,892,172
"2021-04-30","NUSA TENGGARA BARAT",65,1,64,0,4943,3815,956,172
"2021-05-01","NUSA TENGGARA BARAT",18,12,6,0,4961,3827,962,172
"2021-05-02","NUSA TENGGARA BARAT",29,1,27,1,4990,3828,989,173
"2021-05-03","NUSA TENGGARA BARAT",129,9,118,2,5119,3837,1107,175
"2021-05-04","NUSA TENGGARA BARAT",30,16,10,4,5149,3853,1117,179
"2021-05-05","NUSA TENGGARA BARAT",0,0,-2,2,5149,3853,1115,181
"2021-05-06","NUSA TENGGARA BARAT",0,11,-11,0,5149,3864,1104,181
"2021-05-07","NUSA TENGGARA BARAT",0,4,-4,0,5149,3868,1100,181
"2021-05-08","NUSA TENGGARA BARAT",0,1,-1,0,5149,3869,1099,181
"2021-05-09","NUSA TENGGARA BARAT",0,2,-2,0,5149,3871,1097,181
"2021-05-10","NUSA TENGGARA BARAT",0,2,-4,2,5149,3873,1093,183
"2021-05-11","NUSA TENGGARA BARAT",0,11,-13,2,5149,3884,1080,185
"2021-05-12","NUSA TENGGARA BARAT",0,0,0,0,5149,3884,1080,185
"2021-05-13","NUSA TENGGARA BARAT",5,0,5,0,5154,3884,1085,185
"2021-05-14","NUSA TENGGARA BARAT",12,7,5,0,5166,3891,1090,185
"2021-05-15","NUSA TENGGARA BARAT",5,0,5,0,5171,3891,1095,185
"2021-05-16","NUSA TENGGARA BARAT",18,0,18,0,5189,3891,1113,185
"2021-05-17","NUSA TENGGARA BARAT",12,0,12,0,5201,3891,1125,185
"2021-05-18","NUSA TENGGARA BARAT",50,32,17,1,5251,3923,1142,186
"2021-05-19","NUSA TENGGARA BARAT",54,2,51,1,5305,3925,1193,187
"2021-05-20","NUSA TENGGARA BARAT",16,2,13,1,5321,3927,1206,188
"2021-05-21","NUSA TENGGARA BARAT",35,0,30,5,5356,3927,1236,193
"2021-05-22","NUSA TENGGARA BARAT",30,18,12,0,5386,3945,1248,193
"2021-05-23","NUSA TENGGARA BARAT",26,0,26,0,5412,3945,1274,193
"2021-05-24","NUSA TENGGARA BARAT",24,4,20,0,5436,3949,1294,193
"2021-05-25","NUSA TENGGARA BARAT",17,3,14,0,5453,3952,1308,193
"2021-05-26","NUSA TENGGARA BARAT",22,0,22,0,5475,3952,1330,193
"2021-05-27","NUSA TENGGARA BARAT",0,2,-2,0,5475,3954,1328,193
"2021-05-28","NUSA TENGGARA BARAT",0,68,-68,0,5475,4022,1260,193
"2021-05-29","NUSA TENGGARA BARAT",0,10,-10,0,5475,4032,1250,193
"2021-05-30","NUSA TENGGARA BARAT",0,18,-25,7,5475,4050,1225,200
"2021-05-31","NUSA TENGGARA BARAT",0,6,-6,0,5475,4056,1219,200
"2021-06-01","NUSA TENGGARA BARAT",0,58,-61,3,5475,4114,1158,203
"2021-06-02","NUSA TENGGARA BARAT",123,72,47,4,5598,4186,1205,207
"2021-06-03","NUSA TENGGARA BARAT",67,57,8,2,5665,4243,1213,209
"2021-06-04","NUSA TENGGARA BARAT",77,49,27,1,5742,4292,1240,210
"2021-06-05","NUSA TENGGARA BARAT",28,28,-3,3,5770,4320,1237,213
"2021-06-06","NUSA TENGGARA BARAT",20,1,16,3,5790,4321,1253,216
"2021-06-07","NUSA TENGGARA BARAT",60,85,-29,4,5850,4406,1224,220
"2021-06-08","NUSA TENGGARA BARAT",72,56,14,2,5922,4462,1238,222
"2021-06-09","NUSA TENGGARA BARAT",49,24,25,0,5971,4486,1263,222
"2021-06-10","NUSA TENGGARA BARAT",37,24,10,3,6008,4510,1273,225
"2021-06-11","NUSA TENGGARA BARAT",0,45,-45,0,6008,4555,1228,225
"2021-06-12","NUSA TENGGARA BARAT",0,10,-10,0,6008,4565,1218,225
"2021-06-13","NUSA TENGGARA BARAT",0,5,-5,0,6008,4570,1213,225
"2021-06-14","NUSA TENGGARA BARAT",0,13,-13,0,6008,4583,1200,225
"2021-06-15","NUSA TENGGARA BARAT",0,95,-95,0,6008,4678,1105,225
"2021-06-16","NUSA TENGGARA BARAT",0,27,-27,0,6008,4705,1078,225
"2021-06-17","NUSA TENGGARA BARAT",0,162,-162,0,6008,4867,916,225
"2021-06-18","NUSA TENGGARA BARAT",0,117,-117,0,6008,4984,799,225
"2021-06-19","NUSA TENGGARA BARAT",0,15,-15,0,6008,4999,784,225
"2021-06-20","NUSA TENGGARA BARAT",0,48,-49,1,6008,5047,735,226
"2021-06-21","NUSA TENGGARA BARAT",0,16,-16,0,6008,5063,719,226
"2021-06-22","NUSA TENGGARA BARAT",11,21,-10,0,6019,5084,709,226
"2021-06-23","NUSA TENGGARA BARAT",25,52,-28,1,6044,5136,681,227
"2021-06-24","NUSA TENGGARA BARAT",9,22,-13,0,6053,5158,668,227
"2021-06-25","NUSA TENGGARA BARAT",7,18,-11,0,6060,5176,657,227
"2021-06-26","NUSA TENGGARA BARAT",0,51,-61,10,6060,5227,596,237
"2021-06-27","NUSA TENGGARA BARAT",0,4,-4,0,6060,5231,592,237
"2021-06-28","NUSA TENGGARA BARAT",0,18,-18,0,6060,5249,574,237
"2021-06-29","NUSA TENGGARA BARAT",0,7,-7,0,6060,5256,567,237
"2021-06-30","NUSA TENGGARA BARAT",0,15,-15,0,6060,5271,552,237
"2021-07-01","NUSA TENGGARA BARAT",0,10,-10,0,6060,5281,542,237
"2021-07-02","NUSA TENGGARA BARAT",0,12,-12,0,6060,5293,530,237
"2021-07-03","NUSA TENGGARA BARAT",0,2,-2,0,6060,5295,528,237
"2021-07-04","NUSA TENGGARA BARAT",9,0,9,0,6069,5295,537,237
"2021-07-05","NUSA TENGGARA BARAT",65,23,42,0,6134,5318,579,237
"2021-07-06","NUSA TENGGARA BARAT",122,28,93,1,6256,5346,672,238
"2021-07-07","NUSA TENGGARA BARAT",52,8,44,0,6308,5354,716,238
"2021-07-08","NUSA TENGGARA BARAT",22,8,13,1,6330,5362,729,239
"2021-07-09","NUSA TENGGARA BARAT",8,0,8,0,6338,5362,737,239
"2021-07-10","NUSA TENGGARA BARAT",214,47,167,0,6552,5409,904,239
"2021-07-11","NUSA TENGGARA BARAT",503,30,472,1,7055,5439,1376,240
"2021-07-12","NUSA TENGGARA BARAT",203,75,127,1,7258,5514,1503,241
"2021-07-13","NUSA TENGGARA BARAT",68,346,-282,4,7326,5860,1221,245
"2021-07-14","NUSA TENGGARA BARAT",22,84,-66,4,7348,5944,1155,249
"2021-07-15","NUSA TENGGARA BARAT",24,100,-78,2,7372,6044,1077,251
"2021-07-16","NUSA TENGGARA BARAT",26,157,-131,0,7398,6201,946,251
"2021-07-17","NUSA TENGGARA BARAT",260,156,100,4,7658,6357,1046,255
"2021-07-18","NUSA TENGGARA BARAT",333,87,245,1,7991,6444,1291,256
"2021-07-19","NUSA TENGGARA BARAT",228,262,-36,2,8219,6706,1255,258
"2021-07-20","NUSA TENGGARA BARAT",337,44,291,2,8556,6750,1546,260
"2021-07-21","NUSA TENGGARA BARAT",208,157,51,0,8764,6907,1597,260
"2021-07-22","NUSA TENGGARA BARAT",372,181,189,2,9136,7088,1786,262
"2021-07-23","NUSA TENGGARA BARAT",290,152,138,0,9426,7240,1924,262
"2021-07-24","NUSA TENGGARA BARAT",110,114,-4,0,9536,7354,1920,262
"2021-07-25","NUSA TENGGARA BARAT",124,125,-1,0,9660,7479,1919,262
"2021-07-26","NUSA TENGGARA BARAT",130,226,-97,1,9790,7705,1822,263
"2021-07-27","NUSA TENGGARA BARAT",202,181,15,6,9992,7886,1837,269
"2021-07-28","NUSA TENGGARA BARAT",281,214,65,2,10273,8100,1902,271
"2021-07-29","NUSA TENGGARA BARAT",312,305,4,3,10585,8405,1906,274
"2021-07-30","NUSA TENGGARA BARAT",329,349,-21,1,10914,8754,1885,275
"2021-07-31","NUSA TENGGARA BARAT",369,252,115,2,11283,9006,2000,277
"2021-08-01","NUSA TENGGARA BARAT",250,259,-11,2,11533,9265,1989,279
"2021-08-02","NUSA TENGGARA BARAT",150,233,-85,2,11683,9498,1904,281
"2021-08-03","NUSA TENGGARA BARAT",142,328,-188,2,11825,9826,1716,283
"2021-08-04","NUSA TENGGARA BARAT",19,247,-233,5,11844,10073,1483,288
"2021-08-05","NUSA TENGGARA BARAT",17,203,-186,0,11861,10276,1297,288
"2021-08-06","NUSA TENGGARA BARAT",23,169,-149,3,11884,10445,1148,291
"2021-08-07","NUSA TENGGARA BARAT",24,245,-225,4,11908,10690,923,295
"2021-08-08","NUSA TENGGARA BARAT",20,143,-125,2,11928,10833,798,297
"2021-08-09","NUSA TENGGARA BARAT",141,185,-47,3,12069,11018,751,300
"2021-08-10","NUSA TENGGARA BARAT",219,118,98,3,12288,11136,849,303
"2021-08-11","NUSA TENGGARA BARAT",219,101,116,2,12507,11237,965,305
"2021-08-12","NUSA TENGGARA BARAT",187,63,120,4,12694,11300,1085,309
"2021-08-13","NUSA TENGGARA BARAT",356,135,213,8,13050,11435,1298,317
"2021-08-14","NUSA TENGGARA BARAT",228,111,113,4,13278,11546,1411,321
"2021-08-15","NUSA TENGGARA BARAT",192,217,-30,5,13470,11763,1381,326
"2021-08-16","NUSA TENGGARA BARAT",238,253,-19,4,13708,12016,1362,330
"2021-08-17","NUSA TENGGARA BARAT",189,190,-5,4,13897,12206,1357,334
"2021-08-18","NUSA TENGGARA BARAT",127,184,-63,6,14024,12390,1294,340
"2021-08-19","NUSA TENGGARA BARAT",190,147,39,4,14214,12537,1333,344
"2021-08-20","NUSA TENGGARA BARAT",170,108,54,8,14384,12645,1387,352
"2021-08-21","NUSA TENGGARA BARAT",106,149,-46,3,14490,12794,1341,355
"2021-08-22","NUSA TENGGARA BARAT",172,227,-58,3,14662,13021,1283,358
"2021-08-23","NUSA TENGGARA BARAT",47,184,-145,8,14709,13205,1138,366
"2021-08-24","NUSA TENGGARA BARAT",12,132,-128,8,14721,13337,1010,374
"2021-08-25","NUSA TENGGARA BARAT",23,154,-135,4,14744,13491,875,378
"2021-08-26","NUSA TENGGARA BARAT",17,144,-127,0,14761,13635,748,378
"2021-08-27","NUSA TENGGARA BARAT",17,85,-69,1,14778,13720,679,379
"2021-08-28","NUSA TENGGARA BARAT",14,111,-100,3,14792,13831,579,382
"2021-08-29","NUSA TENGGARA BARAT",11,73,-63,1,14803,13904,516,383
"2021-08-30","NUSA TENGGARA BARAT",14,57,-47,4,14817,13961,469,387
"2021-08-31","NUSA TENGGARA BARAT",24,66,-48,6,14841,14027,421,393
"2021-09-01","NUSA TENGGARA BARAT",52,59,-8,1,14893,14086,413,394
"2021-09-02","NUSA TENGGARA BARAT",102,50,49,3,14995,14136,462,397
"2021-09-03","NUSA TENGGARA BARAT",98,48,49,1,15093,14184,511,398
"2021-09-04","NUSA TENGGARA BARAT",81,43,37,1,15174,14227,548,399
"2021-09-05","NUSA TENGGARA BARAT",68,42,25,1,15242,14269,573,400
"2021-09-06","NUSA TENGGARA BARAT",50,51,-2,1,15292,14320,571,401
"2021-09-07","NUSA TENGGARA BARAT",87,55,30,2,15379,14375,601,403
"2021-09-08","NUSA TENGGARA BARAT",70,58,10,2,15449,14433,611,405
"2021-09-09","NUSA TENGGARA BARAT",73,67,3,3,15522,14500,614,408
"2021-09-10","NUSA TENGGARA BARAT",89,100,-11,0,15611,14600,603,408
"2021-09-11","NUSA TENGGARA BARAT",74,71,0,3,15685,14671,603,411
"2021-09-12","NUSA TENGGARA BARAT",62,83,-22,1,15747,14754,581,412
"2021-09-13","NUSA TENGGARA BARAT",26,51,-29,4,15773,14805,552,416
"2021-09-14","NUSA TENGGARA BARAT",55,95,-43,3,15828,14900,509,419
"2021-09-15","NUSA TENGGARA BARAT",49,88,-41,2,15877,14988,468,421
"2021-09-16","NUSA TENGGARA BARAT",37,65,-29,1,15914,15053,439,422
"2021-09-17","NUSA TENGGARA BARAT",47,64,-20,3,15961,15117,419,425
"2021-09-18","NUSA TENGGARA BARAT",45,50,-6,1,16006,15167,413,426
"2021-09-19","NUSA TENGGARA BARAT",28,40,-13,1,16034,15207,400,427
"2021-09-20","NUSA TENGGARA BARAT",12,42,-30,0,16046,15249,370,427
"2021-09-21","NUSA TENGGARA BARAT",26,52,-29,3,16072,15301,341,430
"2021-09-22","NUSA TENGGARA BARAT",31,43,-13,1,16103,15344,328,431
"2021-09-23","NUSA TENGGARA BARAT",35,60,-27,2,16138,15404,301,433
"2021-09-24","NUSA TENGGARA BARAT",21,33,-13,1,16159,15437,288,434
"2021-09-25","NUSA TENGGARA BARAT",15,22,-7,0,16174,15459,281,434
"2021-09-26","NUSA TENGGARA BARAT",7,31,-24,0,16181,15490,257,434
"2021-09-27","NUSA TENGGARA BARAT",2,24,-24,2,16183,15514,233,436
"2021-09-28","NUSA TENGGARA BARAT",4,26,-23,1,16187,15540,210,437
"2021-09-29","NUSA TENGGARA BARAT",6,10,-6,2,16193,15550,204,439
"2021-09-30","NUSA TENGGARA BARAT",19,19,0,0,16212,15569,204,439
"2021-10-01","NUSA TENGGARA BARAT",17,20,-4,1,16229,15589,200,440
"2021-10-02","NUSA TENGGARA BARAT",12,11,1,0,16241,15600,201,440
"2021-10-03","NUSA TENGGARA BARAT",8,17,-9,0,16249,15617,192,440
"2021-10-04","NUSA TENGGARA BARAT",11,21,-11,1,16260,15638,181,441
"2021-10-05","NUSA TENGGARA BARAT",10,15,-6,1,16270,15653,175,442
"2021-10-06","NUSA TENGGARA BARAT",12,11,-1,2,16282,15664,174,444
"2021-10-07","NUSA TENGGARA BARAT",12,7,5,0,16294,15671,179,444
"2021-10-08","NUSA TENGGARA BARAT",7,9,-2,0,16301,15680,177,444
"2021-10-09","NUSA TENGGARA BARAT",16,11,4,1,16317,15691,181,445
"2021-10-10","NUSA TENGGARA BARAT",8,16,-8,0,16325,15707,173,445
"2021-10-11","NUSA TENGGARA BARAT",13,19,-8,2,16338,15726,165,447
"2021-10-12","NUSA TENGGARA BARAT",7,7,0,0,16345,15733,165,447
"2021-10-13","NUSA TENGGARA BARAT",10,23,-13,0,16355,15756,152,447
"2021-10-14","NUSA TENGGARA BARAT",10,4,5,1,16365,15760,157,448
"2021-10-15","NUSA TENGGARA BARAT",9,7,2,0,16374,15767,159,448
"2021-10-16","NUSA TENGGARA BARAT",12,7,5,0,16386,15774,164,448
"2021-10-17","NUSA TENGGARA BARAT",8,4,4,0,16394,15778,168,448
"2021-10-18","NUSA TENGGARA BARAT",1,4,-3,0,16395,15782,165,448
"2021-10-19","NUSA TENGGARA BARAT",9,9,-1,1,16404,15791,164,449
"2021-10-20","NUSA TENGGARA BARAT",5,3,2,0,16409,15794,166,449
"2021-10-21","NUSA TENGGARA BARAT",1,8,-7,0,16410,15802,159,449
"2021-10-22","NUSA TENGGARA BARAT",3,11,-9,1,16413,15813,150,450
"2021-10-23","NUSA TENGGARA BARAT",5,2,3,0,16418,15815,153,450
"2021-10-24","NUSA TENGGARA BARAT",5,7,-2,0,16423,15822,151,450
"2021-10-25","NUSA TENGGARA BARAT",4,42,-38,0,16427,15864,113,450
"2021-10-26","NUSA TENGGARA BARAT",2,20,-18,0,16429,15884,95,450
"2021-10-27","NUSA TENGGARA BARAT",6,10,-4,0,16435,15894,91,450
"2021-10-28","NUSA TENGGARA BARAT",12,3,9,0,16447,15897,100,450
"2021-10-29","NUSA TENGGARA BARAT",5,12,-7,0,16452,15909,93,450
"2021-10-30","NUSA TENGGARA BARAT",3,3,0,0,16455,15912,93,450
"2021-10-31","NUSA TENGGARA BARAT",0,3,-3,0,16455,15915,90,450
"2021-11-01","NUSA TENGGARA BARAT",1,4,-3,0,16456,15919,87,450
"2021-11-02","NUSA TENGGARA BARAT",6,1,5,0,16462,15920,92,450
"2021-11-03","NUSA TENGGARA BARAT",1,4,-3,0,16463,15924,89,450
"2021-11-04","NUSA TENGGARA BARAT",2,6,-4,0,16465,15930,85,450
"2021-11-05","NUSA TENGGARA BARAT",2,2,0,0,16467,15932,85,450
"2021-11-06","NUSA TENGGARA BARAT",2,2,0,0,16469,15934,85,450
"2021-11-07","NUSA TENGGARA BARAT",5,3,2,0,16474,15937,87,450
"2021-11-08","NUSA TENGGARA BARAT",1,9,-9,1,16475,15946,78,451
"2021-11-09","NUSA TENGGARA BARAT",0,0,0,0,16475,15946,78,451
"2021-11-10","NUSA TENGGARA BARAT",2,0,2,0,16477,15946,80,451
"2021-11-11","NUSA TENGGARA BARAT",2,3,-1,0,16479,15949,79,451
"2021-11-12","NUSA TENGGARA BARAT",5,11,-6,0,16484,15960,73,451
"2021-11-13","NUSA TENGGARA BARAT",3,0,3,0,16487,15960,76,451
"2021-11-14","NUSA TENGGARA BARAT",3,3,0,0,16490,15963,76,451
"2021-11-15","NUSA TENGGARA BARAT",1,2,-1,0,16491,15965,75,451
"2021-11-16","NUSA TENGGARA BARAT",0,2,-2,0,16491,15967,73,451
"2021-11-17","NUSA TENGGARA BARAT",1,1,0,0,16492,15968,73,451
"2021-11-18","NUSA TENGGARA BARAT",1,1,0,0,16493,15969,73,451
"2021-11-19","NUSA TENGGARA BARAT",5,0,5,0,16498,15969,78,451
"2021-11-20","NUSA TENGGARA BARAT",1,6,-6,1,16499,15975,72,452
"2021-11-21","NUSA TENGGARA BARAT",1,2,-1,0,16500,15977,71,452
"2021-11-22","NUSA TENGGARA BARAT",5,3,2,0,16505,15980,73,452
"2021-11-23","NUSA TENGGARA BARAT",1,1,0,0,16506,15981,73,452
"2021-11-24","NUSA TENGGARA BARAT",2,2,0,0,16508,15983,73,452
"2021-11-25","NUSA TENGGARA BARAT",2,0,2,0,16510,15983,75,452
"2021-11-26","NUSA TENGGARA BARAT",0,1,-1,0,16510,15984,74,452
"2021-11-27","NUSA TENGGARA BARAT",2,0,1,1,16512,15984,75,453
"2021-11-28","NUSA TENGGARA BARAT",1,0,1,0,16513,15984,76,453
"2021-11-29","NUSA TENGGARA BARAT",1,3,-2,0,16514,15987,74,453
"2021-11-30","NUSA TENGGARA BARAT",0,1,-1,0,16514,15988,73,453
"2021-12-01","NUSA TENGGARA BARAT",1,1,0,0,16515,15989,73,453
"2021-12-02","NUSA TENGGARA BARAT",1,0,1,0,16516,15989,74,453
"2021-12-03","NUSA TENGGARA BARAT",2,2,0,0,16518,15991,74,453
"2021-12-04","NUSA TENGGARA BARAT",0,1,-1,0,16518,15992,73,453
"2021-12-05","NUSA TENGGARA BARAT",1,0,1,0,16519,15992,74,453
"2021-12-06","NUSA TENGGARA BARAT",0,12,-12,0,16519,16004,62,453
"2021-12-07","NUSA TENGGARA BARAT",1,0,1,0,16520,16004,63,453
"2021-12-08","NUSA TENGGARA BARAT",2,1,1,0,16522,16005,64,453
"2021-12-09","NUSA TENGGARA BARAT",3,2,1,0,16525,16007,65,453
"2021-12-10","NUSA TENGGARA BARAT",1,2,-1,0,16526,16009,64,453
"2021-12-11","NUSA TENGGARA BARAT",0,0,0,0,16526,16009,64,453
"2021-12-12","NUSA TENGGARA BARAT",0,0,0,0,16526,16009,64,453
"2021-12-13","NUSA TENGGARA BARAT",0,3,-3,0,16526,16012,61,453
"2021-12-14","NUSA TENGGARA BARAT",1,0,1,0,16527,16012,62,453
"2021-12-15","NUSA TENGGARA BARAT",1,0,1,0,16528,16012,63,453
"2021-12-16","NUSA TENGGARA BARAT",3,0,3,0,16531,16012,66,453
"2021-12-17","NUSA TENGGARA BARAT",0,1,-1,0,16531,16013,65,453
"2021-12-18","NUSA TENGGARA BARAT",0,0,0,0,16531,16013,65,453
"2021-12-19","NUSA TENGGARA BARAT",1,0,1,0,16532,16013,66,453
"2021-12-20","NUSA TENGGARA BARAT",0,1,-1,0,16532,16014,65,453
"2021-12-21","NUSA TENGGARA BARAT",0,2,-2,0,16532,16016,63,453
"2021-12-22","NUSA TENGGARA BARAT",1,4,-3,0,16533,16020,60,453
"2021-12-23","NUSA TENGGARA BARAT",2,5,-3,0,16535,16025,57,453
"2021-12-24","NUSA TENGGARA BARAT",3,0,3,0,16538,16025,60,453
"2021-12-25","NUSA TENGGARA BARAT",0,0,0,0,16538,16025,60,453
"2021-12-26","NUSA TENGGARA BARAT",0,3,-4,1,16538,16028,56,454
"2021-12-27","NUSA TENGGARA BARAT",1,2,-1,0,16539,16030,55,454
"2021-12-28","NUSA TENGGARA BARAT",3,0,3,0,16542,16030,58,454
"2021-12-29","NUSA TENGGARA BARAT",1,0,1,0,16543,16030,59,454
"2021-12-30","NUSA TENGGARA BARAT",1,1,-1,1,16544,16031,58,455
"2021-12-31","NUSA TENGGARA BARAT",1,2,-1,0,16545,16033,57,455
"2022-01-01","NUSA TENGGARA BARAT",2,1,1,0,16547,16034,58,455
"2022-01-02","NUSA TENGGARA BARAT",1,0,1,0,16548,16034,59,455
"2022-01-03","NUSA TENGGARA BARAT",0,1,-1,0,16548,16035,58,455
"2022-01-04","NUSA TENGGARA BARAT",0,0,0,0,16548,16035,58,455
"2022-01-05","NUSA TENGGARA BARAT",0,3,-3,0,16548,16038,55,455
"2022-01-06","NUSA TENGGARA BARAT",1,0,1,0,16549,16038,56,455
"2022-01-07","NUSA TENGGARA BARAT",1,0,1,0,16550,16038,57,455
"2022-01-08","NUSA TENGGARA BARAT",0,1,-1,0,16550,16039,56,455
"2022-01-09","NUSA TENGGARA BARAT",0,2,-2,0,16550,16041,54,455
"2022-01-10","NUSA TENGGARA BARAT",0,3,-3,0,16550,16044,51,455
"2022-01-11","NUSA TENGGARA BARAT",0,0,0,0,16550,16044,51,455
"2022-01-12","NUSA TENGGARA BARAT",6,0,6,0,16556,16044,57,455
"2022-01-13","NUSA TENGGARA BARAT",0,0,0,0,16556,16044,57,455
"2022-01-14","NUSA TENGGARA BARAT",3,0,3,0,16559,16044,60,455
"2022-01-15","NUSA TENGGARA BARAT",1,0,1,0,16560,16044,61,455
"2022-01-16","NUSA TENGGARA BARAT",1,0,1,0,16561,16044,62,455
"2022-01-17","NUSA TENGGARA BARAT",8,0,7,1,16569,16044,69,456
"2022-01-18","NUSA TENGGARA BARAT",6,1,5,0,16575,16045,74,456
"2022-01-19","NUSA TENGGARA BARAT",0,0,-1,1,16575,16045,73,457
"2022-01-20","NUSA TENGGARA BARAT",3,0,3,0,16578,16045,76,457
"2022-01-21","NUSA TENGGARA BARAT",0,3,-3,0,16578,16048,73,457
"2022-01-22","NUSA TENGGARA BARAT",2,0,2,0,16580,16048,75,457
"2022-01-23","NUSA TENGGARA BARAT",1,0,1,0,16581,16048,76,457
"2022-01-24","NUSA TENGGARA BARAT",5,2,3,0,16586,16050,79,457
"2022-01-25","NUSA TENGGARA BARAT",2,1,1,0,16588,16051,80,457
"2022-01-26","NUSA TENGGARA BARAT",6,2,4,0,16594,16053,84,457
"2022-01-27","NUSA TENGGARA BARAT",6,2,4,0,16600,16055,88,457
"2022-01-28","NUSA TENGGARA BARAT",4,3,1,0,16604,16058,89,457
"2022-01-29","NUSA TENGGARA BARAT",7,2,5,0,16611,16060,94,457
"2022-01-30","NUSA TENGGARA BARAT",15,2,12,1,16626,16062,106,458
"2022-01-31","NUSA TENGGARA BARAT",10,6,2,2,16636,16068,108,460
"2022-02-01","NUSA TENGGARA BARAT",36,1,35,0,16672,16069,143,460
"2022-02-02","NUSA TENGGARA BARAT",37,8,29,0,16709,16077,172,460
"2022-02-03","NUSA TENGGARA BARAT",57,8,49,0,16766,16085,221,460
"2022-02-04","NUSA TENGGARA BARAT",92,8,84,0,16858,16093,305,460
"2022-02-05","NUSA TENGGARA BARAT",119,8,111,0,16977,16101,416,460
"2022-02-06","NUSA TENGGARA BARAT",204,1,203,0,17181,16102,619,460
"2022-02-07","NUSA TENGGARA BARAT",180,5,175,0,17361,16107,794,460
"2022-02-08","NUSA TENGGARA BARAT",379,18,359,2,17740,16125,1153,462
"2022-02-09","NUSA TENGGARA BARAT",548,13,535,0,18288,16138,1688,462
"2022-02-10","NUSA TENGGARA BARAT",433,22,410,1,18721,16160,2098,463
"2022-02-11","NUSA TENGGARA BARAT",412,27,384,1,19133,16187,2482,464
"2022-02-12","NUSA TENGGARA BARAT",483,37,445,1,19616,16224,2927,465
"2022-02-13","NUSA TENGGARA BARAT",466,58,408,0,20082,16282,3335,465
"2022-02-14","NUSA TENGGARA BARAT",258,80,177,1,20340,16362,3512,466
"2022-02-15","NUSA TENGGARA BARAT",526,120,406,0,20866,16482,3918,466
"2022-02-16","NUSA TENGGARA BARAT",486,182,301,3,21352,16664,4219,469
"2022-02-17","NUSA TENGGARA BARAT",409,334,70,5,21761,16998,4289,474
"2022-02-18","NUSA TENGGARA BARAT",289,351,-67,5,22050,17349,4222,479
"2022-02-19","NUSA TENGGARA BARAT",307,313,-6,0,22357,17662,4216,479
"2022-02-20","NUSA TENGGARA BARAT",280,275,5,0,22637,17937,4221,479
"2022-02-21","NUSA TENGGARA BARAT",131,399,-273,5,22768,18336,3948,484
"2022-02-22","NUSA TENGGARA BARAT",278,530,-255,3,23046,18866,3693,487
"2022-02-23","NUSA TENGGARA BARAT",228,333,-109,4,23274,19199,3584,491
"2022-02-24","NUSA TENGGARA BARAT",147,286,-142,3,23421,19485,3442,494
"2022-02-25","NUSA TENGGARA BARAT",206,252,-48,2,23627,19737,3394,496
"2022-02-26","NUSA TENGGARA BARAT",160,251,-94,3,23787,19988,3300,499
"2022-02-27","NUSA TENGGARA BARAT",80,318,-238,0,23867,20306,3062,499
"2022-02-28","NUSA TENGGARA BARAT",49,270,-221,0,23916,20576,2841,499
"2022-03-01","NUSA TENGGARA BARAT",58,551,-498,5,23974,21127,2343,504
"2022-03-02","NUSA TENGGARA BARAT",104,350,-249,3,24078,21477,2094,507
"2022-03-03","NUSA TENGGARA BARAT",116,254,-141,3,24194,21731,1953,510
"2022-03-04","NUSA TENGGARA BARAT",70,80,-12,2,24264,21811,1941,512
"2022-03-05","NUSA TENGGARA BARAT",50,246,-196,0,24314,22057,1745,512
"2022-03-06","NUSA TENGGARA BARAT",82,119,-40,3,24396,22176,1705,515
"2022-03-07","NUSA TENGGARA BARAT",61,218,-157,0,24457,22394,1548,515
"2022-03-08","NUSA TENGGARA BARAT",1,3,-2,0,24458,22397,1546,515
"2020-08-11","NUSA TENGGARA TIMUR",3,0,3,0,3,0,3,0
"2020-08-12","NUSA TENGGARA TIMUR",7,0,7,0,10,0,10,0
"2020-08-13","NUSA TENGGARA TIMUR",0,0,0,0,10,0,10,0
"2020-08-14","NUSA TENGGARA TIMUR",0,0,0,0,10,0,10,0
"2020-08-15","NUSA TENGGARA TIMUR",3,0,3,0,13,0,13,0
"2020-08-16","NUSA TENGGARA TIMUR",0,0,0,0,13,0,13,0
"2020-08-17","NUSA TENGGARA TIMUR",0,0,0,0,13,0,13,0
"2020-08-18","NUSA TENGGARA TIMUR",0,0,0,0,13,0,13,0
"2020-08-19","NUSA TENGGARA TIMUR",0,0,0,0,13,0,13,0
"2020-08-20","NUSA TENGGARA TIMUR",0,0,0,0,13,0,13,0
"2020-08-21","NUSA TENGGARA TIMUR",0,0,0,0,13,0,13,0
"2020-08-22","NUSA TENGGARA TIMUR",6,1,4,1,19,1,17,1
"2020-08-23","NUSA TENGGARA TIMUR",0,1,-1,0,19,2,16,1
"2020-08-24","NUSA TENGGARA TIMUR",0,0,0,0,19,2,16,1
"2020-08-25","NUSA TENGGARA TIMUR",1,0,1,0,20,2,17,1
"2020-08-26","NUSA TENGGARA TIMUR",1,0,1,0,21,2,18,1
"2020-08-27","NUSA TENGGARA TIMUR",1,6,-5,0,22,8,13,1
"2020-08-28","NUSA TENGGARA TIMUR",2,1,1,0,24,9,14,1
"2020-08-29","NUSA TENGGARA TIMUR",0,0,0,0,24,9,14,1
"2020-08-30","NUSA TENGGARA TIMUR",1,0,1,0,25,9,15,1
"2020-08-31","NUSA TENGGARA TIMUR",0,0,0,0,25,9,15,1
"2020-09-01","NUSA TENGGARA TIMUR",2,0,2,0,27,9,17,1
"2020-09-02","NUSA TENGGARA TIMUR",12,2,10,0,39,11,27,1
"2020-09-03","NUSA TENGGARA TIMUR",9,4,5,0,48,15,32,1
"2020-09-04","NUSA TENGGARA TIMUR",2,0,2,0,50,15,34,1
"2020-09-05","NUSA TENGGARA TIMUR",2,3,-1,0,52,18,33,1
"2020-09-06","NUSA TENGGARA TIMUR",2,1,1,0,54,19,34,1
"2020-09-07","NUSA TENGGARA TIMUR",0,0,-1,1,54,19,33,2
"2020-09-08","NUSA TENGGARA TIMUR",3,0,3,0,57,19,36,2
"2020-09-09","NUSA TENGGARA TIMUR",4,0,3,1,61,19,39,3
"2020-09-10","NUSA TENGGARA TIMUR",0,0,0,0,61,19,39,3
"2020-09-11","NUSA TENGGARA TIMUR",0,0,0,0,61,19,39,3
"2020-09-12","NUSA TENGGARA TIMUR",4,0,3,1,65,19,42,4
"2020-09-13","NUSA TENGGARA TIMUR",20,2,18,0,85,21,60,4
"2020-09-14","NUSA TENGGARA TIMUR",0,0,0,0,85,21,60,4
"2020-09-15","NUSA TENGGARA TIMUR",39,0,39,0,124,21,99,4
"2020-09-16","NUSA TENGGARA TIMUR",13,1,12,0,137,22,111,4
"2020-09-17","NUSA TENGGARA TIMUR",13,2,11,0,150,24,122,4
"2020-09-18","NUSA TENGGARA TIMUR",11,4,7,0,161,28,129,4
"2020-09-19","NUSA TENGGARA TIMUR",2,1,1,0,163,29,130,4
"2020-09-20","NUSA TENGGARA TIMUR",6,51,-45,0,169,80,85,4
"2020-09-21","NUSA TENGGARA TIMUR",0,0,0,0,169,80,85,4
"2020-09-22","NUSA TENGGARA TIMUR",11,0,11,0,180,80,96,4
"2020-09-23","NUSA TENGGARA TIMUR",17,9,7,1,197,89,103,5
"2020-09-24","NUSA TENGGARA TIMUR",18,0,18,0,215,89,121,5
"2020-09-25","NUSA TENGGARA TIMUR",21,0,21,0,236,89,142,5
"2020-09-26","NUSA TENGGARA TIMUR",6,10,-4,0,242,99,138,5
"2020-09-27","NUSA TENGGARA TIMUR",8,0,8,0,250,99,146,5
"2020-09-28","NUSA TENGGARA TIMUR",0,13,-13,0,250,112,133,5
"2020-09-29","NUSA TENGGARA TIMUR",4,5,-1,0,254,117,132,5
"2020-09-30","NUSA TENGGARA TIMUR",18,6,12,0,272,123,144,5
"2020-10-01","NUSA TENGGARA TIMUR",5,8,-3,0,277,131,141,5
"2020-10-02","NUSA TENGGARA TIMUR",10,3,7,0,287,134,148,5
"2020-10-03","NUSA TENGGARA TIMUR",0,0,0,0,287,134,148,5
"2020-10-04","NUSA TENGGARA TIMUR",0,21,-21,0,287,155,127,5
"2020-10-05","NUSA TENGGARA TIMUR",1,13,-12,0,288,168,115,5
"2020-10-06","NUSA TENGGARA TIMUR",2,14,-12,0,290,182,103,5
"2020-10-07","NUSA TENGGARA TIMUR",18,3,15,0,308,185,118,5
"2020-10-08","NUSA TENGGARA TIMUR",47,7,39,1,355,192,157,6
"2020-10-09","NUSA TENGGARA TIMUR",19,6,13,0,374,198,170,6
"2020-10-10","NUSA TENGGARA TIMUR",7,1,6,0,381,199,176,6
"2020-10-11","NUSA TENGGARA TIMUR",7,0,7,0,388,199,183,6
"2020-10-12","NUSA TENGGARA TIMUR",0,1,-1,0,388,200,182,6
"2020-10-13","NUSA TENGGARA TIMUR",7,9,-2,0,395,209,180,6
"2020-10-14","NUSA TENGGARA TIMUR",2,7,-5,0,397,216,175,6
"2020-10-15","NUSA TENGGARA TIMUR",1,0,1,0,398,216,176,6
"2020-10-16","NUSA TENGGARA TIMUR",7,23,-16,0,405,239,160,6
"2020-10-17","NUSA TENGGARA TIMUR",2,6,-4,0,407,245,156,6
"2020-10-18","NUSA TENGGARA TIMUR",3,0,3,0,410,245,159,6
"2020-10-19","NUSA TENGGARA TIMUR",1,0,1,0,411,245,160,6
"2020-10-20","NUSA TENGGARA TIMUR",4,5,-1,0,415,250,159,6
"2020-10-21","NUSA TENGGARA TIMUR",13,5,8,0,428,255,167,6
"2020-10-22","NUSA TENGGARA TIMUR",10,6,4,0,438,261,171,6
"2020-10-23","NUSA TENGGARA TIMUR",0,11,-11,0,438,272,160,6
"2020-10-24","NUSA TENGGARA TIMUR",0,9,-9,0,438,281,151,6
"2020-10-25","NUSA TENGGARA TIMUR",3,0,3,0,441,281,154,6
"2020-10-26","NUSA TENGGARA TIMUR",1,0,1,0,442,281,155,6
"2020-10-27","NUSA TENGGARA TIMUR",14,5,9,0,456,286,164,6
"2020-10-28","NUSA TENGGARA TIMUR",2,8,-6,0,458,294,158,6
"2020-10-29","NUSA TENGGARA TIMUR",10,2,8,0,468,296,166,6
"2020-10-30","NUSA TENGGARA TIMUR",0,29,-29,0,468,325,137,6
"2020-10-31","NUSA TENGGARA TIMUR",2,0,2,0,470,325,139,6
"2020-11-01","NUSA TENGGARA TIMUR",9,1,8,0,479,326,147,6
"2020-11-02","NUSA TENGGARA TIMUR",4,1,3,0,483,327,150,6
"2020-11-03","NUSA TENGGARA TIMUR",24,18,4,2,507,345,154,8
"2020-11-04","NUSA TENGGARA TIMUR",10,5,5,0,517,350,159,8
"2020-11-05","NUSA TENGGARA TIMUR",15,5,8,2,532,355,167,10
"2020-11-06","NUSA TENGGARA TIMUR",8,5,3,0,540,360,170,10
"2020-11-07","NUSA TENGGARA TIMUR",17,4,13,0,557,364,183,10
"2020-11-08","NUSA TENGGARA TIMUR",10,12,-2,0,567,376,181,10
"2020-11-09","NUSA TENGGARA TIMUR",1,8,-7,0,568,384,174,10
"2020-11-10","NUSA TENGGARA TIMUR",8,3,5,0,576,387,179,10
"2020-11-11","NUSA TENGGARA TIMUR",6,0,6,0,582,387,185,10
"2020-11-12","NUSA TENGGARA TIMUR",12,2,10,0,594,389,195,10
"2020-11-13","NUSA TENGGARA TIMUR",18,7,8,3,612,396,203,13
"2020-11-14","NUSA TENGGARA TIMUR",7,13,-6,0,619,409,197,13
"2020-11-15","NUSA TENGGARA TIMUR",0,1,-1,0,619,410,196,13
"2020-11-16","NUSA TENGGARA TIMUR",11,14,-3,0,630,424,193,13
"2020-11-17","NUSA TENGGARA TIMUR",25,4,20,1,655,428,213,14
"2020-11-18","NUSA TENGGARA TIMUR",33,5,28,0,688,433,241,14
"2020-11-19","NUSA TENGGARA TIMUR",0,0,0,0,688,433,241,14
"2020-11-20","NUSA TENGGARA TIMUR",13,21,-8,0,701,454,233,14
"2020-11-21","NUSA TENGGARA TIMUR",25,2,23,0,726,456,256,14
"2020-11-22","NUSA TENGGARA TIMUR",14,6,6,2,740,462,262,16
"2020-11-23","NUSA TENGGARA TIMUR",8,14,-6,0,748,476,256,16
"2020-11-24","NUSA TENGGARA TIMUR",1,1,0,0,749,477,256,16
"2020-11-25","NUSA TENGGARA TIMUR",42,9,32,1,791,486,288,17
"2020-11-26","NUSA TENGGARA TIMUR",75,2,73,0,866,488,361,17
"2020-11-27","NUSA TENGGARA TIMUR",33,0,33,0,899,488,394,17
"2020-11-28","NUSA TENGGARA TIMUR",27,12,15,0,926,500,409,17
"2020-11-29","NUSA TENGGARA TIMUR",52,1,51,0,978,501,460,17
"2020-11-30","NUSA TENGGARA TIMUR",20,17,3,0,998,518,463,17
"2020-12-01","NUSA TENGGARA TIMUR",33,2,29,2,1031,520,492,19
"2020-12-02","NUSA TENGGARA TIMUR",0,2,-4,2,1031,522,488,21
"2020-12-03","NUSA TENGGARA TIMUR",0,6,-7,1,1031,528,481,22
"2020-12-04","NUSA TENGGARA TIMUR",29,7,21,1,1060,535,502,23
"2020-12-05","NUSA TENGGARA TIMUR",18,0,17,1,1078,535,519,24
"2020-12-06","NUSA TENGGARA TIMUR",25,3,21,1,1103,538,540,25
"2020-12-07","NUSA TENGGARA TIMUR",58,0,58,0,1161,538,598,25
"2020-12-08","NUSA TENGGARA TIMUR",21,13,8,0,1182,551,606,25
"2020-12-09","NUSA TENGGARA TIMUR",27,7,18,2,1209,558,624,27
"2020-12-10","NUSA TENGGARA TIMUR",33,12,20,1,1242,570,644,28
"2020-12-11","NUSA TENGGARA TIMUR",6,19,-14,1,1248,589,630,29
"2020-12-12","NUSA TENGGARA TIMUR",22,17,3,2,1270,606,633,31
"2020-12-13","NUSA TENGGARA TIMUR",10,15,-6,1,1280,621,627,32
"2020-12-14","NUSA TENGGARA TIMUR",1,0,1,0,1281,621,628,32
"2020-12-15","NUSA TENGGARA TIMUR",12,1,11,0,1293,622,639,32
"2020-12-16","NUSA TENGGARA TIMUR",0,37,-37,0,1293,659,602,32
"2020-12-17","NUSA TENGGARA TIMUR",0,16,-16,0,1293,675,586,32
"2020-12-18","NUSA TENGGARA TIMUR",0,33,-33,0,1293,708,553,32
"2020-12-19","NUSA TENGGARA TIMUR",0,3,-3,0,1293,711,550,32
"2020-12-20","NUSA TENGGARA TIMUR",0,26,-26,0,1293,737,524,32
"2020-12-21","NUSA TENGGARA TIMUR",0,8,-8,0,1293,745,516,32
"2020-12-22","NUSA TENGGARA TIMUR",0,14,-14,0,1293,759,502,32
"2020-12-23","NUSA TENGGARA TIMUR",0,77,-77,0,1293,836,425,32
"2020-12-24","NUSA TENGGARA TIMUR",37,7,30,0,1330,843,455,32
"2020-12-25","NUSA TENGGARA TIMUR",16,28,-12,0,1346,871,443,32
"2020-12-26","NUSA TENGGARA TIMUR",0,3,-3,0,1346,874,440,32
"2020-12-27","NUSA TENGGARA TIMUR",29,1,28,0,1375,875,468,32
"2020-12-28","NUSA TENGGARA TIMUR",17,2,14,1,1392,877,482,33
"2020-12-29","NUSA TENGGARA TIMUR",30,5,25,0,1422,882,507,33
"2020-12-30","NUSA TENGGARA TIMUR",53,16,33,4,1475,898,540,37
"2020-12-31","NUSA TENGGARA TIMUR",26,3,21,2,1501,901,561,39
"2021-01-01","NUSA TENGGARA TIMUR",14,1,13,0,1515,902,574,39
"2021-01-02","NUSA TENGGARA TIMUR",35,0,35,0,1550,902,609,39
"2021-01-03","NUSA TENGGARA TIMUR",0,32,-34,2,1550,934,575,41
"2021-01-04","NUSA TENGGARA TIMUR",0,2,-2,0,1550,936,573,41
"2021-01-05","NUSA TENGGARA TIMUR",0,7,-9,2,1550,943,564,43
"2021-01-06","NUSA TENGGARA TIMUR",0,27,-28,1,1550,970,536,44
"2021-01-07","NUSA TENGGARA TIMUR",0,32,-32,0,1550,1002,504,44
"2021-01-08","NUSA TENGGARA TIMUR",0,23,-23,0,1550,1025,481,44
"2021-01-09","NUSA TENGGARA TIMUR",0,9,-9,0,1550,1034,472,44
"2021-01-10","NUSA TENGGARA TIMUR",0,5,-5,0,1550,1039,467,44
"2021-01-11","NUSA TENGGARA TIMUR",0,28,-28,0,1550,1067,439,44
"2021-01-12","NUSA TENGGARA TIMUR",0,0,0,0,1550,1067,439,44
"2021-01-13","NUSA TENGGARA TIMUR",171,12,155,4,1721,1079,594,48
"2021-01-14","NUSA TENGGARA TIMUR",56,9,42,5,1777,1088,636,53
"2021-01-15","NUSA TENGGARA TIMUR",57,8,48,1,1834,1096,684,54
"2021-01-16","NUSA TENGGARA TIMUR",118,25,87,6,1952,1121,771,60
"2021-01-17","NUSA TENGGARA TIMUR",67,16,50,1,2019,1137,821,61
"2021-01-18","NUSA TENGGARA TIMUR",101,26,72,3,2120,1163,893,64
"2021-01-19","NUSA TENGGARA TIMUR",0,0,0,0,2120,1163,893,64
"2021-01-20","NUSA TENGGARA TIMUR",0,22,-22,0,2120,1185,871,64
"2021-01-21","NUSA TENGGARA TIMUR",0,20,-20,0,2120,1205,851,64
"2021-01-22","NUSA TENGGARA TIMUR",0,44,-46,2,2120,1249,805,66
"2021-01-23","NUSA TENGGARA TIMUR",0,68,-68,0,2120,1317,737,66
"2021-01-24","NUSA TENGGARA TIMUR",0,73,-73,0,2120,1390,664,66
"2021-01-25","NUSA TENGGARA TIMUR",0,40,-40,0,2120,1430,624,66
"2021-01-26","NUSA TENGGARA TIMUR",0,17,-18,1,2120,1447,606,67
"2021-01-27","NUSA TENGGARA TIMUR",0,9,-10,1,2120,1456,596,68
"2021-01-28","NUSA TENGGARA TIMUR",0,24,-24,0,2120,1480,572,68
"2021-01-29","NUSA TENGGARA TIMUR",1,52,-51,0,2121,1532,521,68
"2021-01-30","NUSA TENGGARA TIMUR",0,1,-1,0,2121,1533,520,68
"2021-01-31","NUSA TENGGARA TIMUR",0,38,-38,0,2121,1571,482,68
"2021-02-01","NUSA TENGGARA TIMUR",0,1,-1,0,2121,1572,481,68
"2021-02-02","NUSA TENGGARA TIMUR",173,8,164,1,2294,1580,645,69
"2021-02-03","NUSA TENGGARA TIMUR",112,54,57,1,2406,1634,702,70
"2021-02-04","NUSA TENGGARA TIMUR",158,9,147,2,2564,1643,849,72
"2021-02-05","NUSA TENGGARA TIMUR",389,57,332,0,2953,1700,1181,72
"2021-02-06","NUSA TENGGARA TIMUR",198,14,183,1,3151,1714,1364,73
"2021-02-07","NUSA TENGGARA TIMUR",213,23,187,3,3364,1737,1551,76
"2021-02-08","NUSA TENGGARA TIMUR",0,21,-25,4,3364,1758,1526,80
"2021-02-09","NUSA TENGGARA TIMUR",0,13,-14,1,3364,1771,1512,81
"2021-02-10","NUSA TENGGARA TIMUR",0,33,-33,0,3364,1804,1479,81
"2021-02-11","NUSA TENGGARA TIMUR",0,92,-92,0,3364,1896,1387,81
"2021-02-12","NUSA TENGGARA TIMUR",0,299,-302,3,3364,2195,1085,84
"2021-02-13","NUSA TENGGARA TIMUR",0,29,-30,1,3364,2224,1055,85
"2021-02-14","NUSA TENGGARA TIMUR",0,33,-33,0,3364,2257,1022,85
"2021-02-15","NUSA TENGGARA TIMUR",0,216,-219,3,3364,2473,803,88
"2021-02-16","NUSA TENGGARA TIMUR",0,10,-11,1,3364,2483,792,89
"2021-02-17","NUSA TENGGARA TIMUR",0,32,-32,0,3364,2515,760,89
"2021-02-18","NUSA TENGGARA TIMUR",0,18,-18,0,3364,2533,742,89
"2021-02-19","NUSA TENGGARA TIMUR",0,13,-13,0,3364,2546,729,89
"2021-02-20","NUSA TENGGARA TIMUR",0,59,-59,0,3364,2605,670,89
"2021-02-21","NUSA TENGGARA TIMUR",0,100,-100,0,3364,2705,570,89
"2021-02-22","NUSA TENGGARA TIMUR",138,131,7,0,3502,2836,577,89
"2021-02-23","NUSA TENGGARA TIMUR",195,47,147,1,3697,2883,724,90
"2021-02-24","NUSA TENGGARA TIMUR",95,174,-99,20,3792,3057,625,110
"2021-02-25","NUSA TENGGARA TIMUR",202,63,139,0,3994,3120,764,110
"2021-02-26","NUSA TENGGARA TIMUR",116,32,80,4,4110,3152,844,114
"2021-02-27","NUSA TENGGARA TIMUR",140,20,114,6,4250,3172,958,120
"2021-02-28","NUSA TENGGARA TIMUR",108,9,98,1,4358,3181,1056,121
"2021-03-01","NUSA TENGGARA TIMUR",40,52,-17,5,4398,3233,1039,126
"2021-03-02","NUSA TENGGARA TIMUR",0,99,-101,2,4398,3332,938,128
"2021-03-03","NUSA TENGGARA TIMUR",0,46,-46,0,4398,3378,892,128
"2021-03-04","NUSA TENGGARA TIMUR",0,25,-25,0,4398,3403,867,128
"2021-03-05","NUSA TENGGARA TIMUR",0,85,-87,2,4398,3488,780,130
"2021-03-06","NUSA TENGGARA TIMUR",1,27,-27,1,4399,3515,753,131
"2021-03-07","NUSA TENGGARA TIMUR",0,41,-41,0,4399,3556,712,131
"2021-03-08","NUSA TENGGARA TIMUR",0,16,-16,0,4399,3572,696,131
"2021-03-09","NUSA TENGGARA TIMUR",0,2,-2,0,4399,3574,694,131
"2021-03-10","NUSA TENGGARA TIMUR",0,11,-11,0,4399,3585,683,131
"2021-03-11","NUSA TENGGARA TIMUR",0,8,-8,0,4399,3593,675,131
"2021-03-12","NUSA TENGGARA TIMUR",0,14,-14,0,4399,3607,661,131
"2021-03-13","NUSA TENGGARA TIMUR",0,5,-5,0,4399,3612,656,131
"2021-03-14","NUSA TENGGARA TIMUR",23,129,-107,1,4422,3741,549,132
"2021-03-15","NUSA TENGGARA TIMUR",83,0,83,0,4505,3741,632,132
"2021-03-16","NUSA TENGGARA TIMUR",193,137,56,0,4698,3878,688,132
"2021-03-17","NUSA TENGGARA TIMUR",220,77,141,2,4918,3955,829,134
"2021-03-18","NUSA TENGGARA TIMUR",167,35,132,0,5085,3990,961,134
"2021-03-19","NUSA TENGGARA TIMUR",96,0,96,0,5181,3990,1057,134
"2021-03-20","NUSA TENGGARA TIMUR",160,9,150,1,5341,3999,1207,135
"2021-03-21","NUSA TENGGARA TIMUR",37,64,-30,3,5378,4063,1177,138
"2021-03-22","NUSA TENGGARA TIMUR",76,21,54,1,5454,4084,1231,139
"2021-03-23","NUSA TENGGARA TIMUR",169,18,141,10,5623,4102,1372,149
"2021-03-24","NUSA TENGGARA TIMUR",98,96,-1,3,5721,4198,1371,152
"2021-03-25","NUSA TENGGARA TIMUR",0,80,-81,1,5721,4278,1290,153
"2021-03-26","NUSA TENGGARA TIMUR",0,18,-18,0,5721,4296,1272,153
"2021-03-27","NUSA TENGGARA TIMUR",0,0,0,0,5721,4296,1272,153
"2021-03-28","NUSA TENGGARA TIMUR",0,8,-8,0,5721,4304,1264,153
"2021-03-29","NUSA TENGGARA TIMUR",0,52,-53,1,5721,4356,1211,154
"2021-03-30","NUSA TENGGARA TIMUR",0,10,-13,3,5721,4366,1198,157
"2021-03-31","NUSA TENGGARA TIMUR",0,152,-153,1,5721,4518,1045,158
"2021-04-01","NUSA TENGGARA TIMUR",0,78,-78,0,5721,4596,967,158
"2021-04-02","NUSA TENGGARA TIMUR",0,7,-7,0,5721,4603,960,158
"2021-04-03","NUSA TENGGARA TIMUR",30,1,29,0,5751,4604,989,158
"2021-04-04","NUSA TENGGARA TIMUR",32,32,-1,1,5783,4636,988,159
"2021-04-05","NUSA TENGGARA TIMUR",0,4,-4,0,5783,4640,984,159
"2021-04-06","NUSA TENGGARA TIMUR",27,12,15,0,5810,4652,999,159
"2021-04-07","NUSA TENGGARA TIMUR",15,1,13,1,5825,4653,1012,160
"2021-04-08","NUSA TENGGARA TIMUR",29,3,23,3,5854,4656,1035,163
"2021-04-09","NUSA TENGGARA TIMUR",42,606,-565,1,5896,5262,470,164
"2021-04-10","NUSA TENGGARA TIMUR",45,2,43,0,5941,5264,513,164
"2021-04-11","NUSA TENGGARA TIMUR",0,2,-2,0,5941,5266,511,164
"2021-04-12","NUSA TENGGARA TIMUR",42,34,8,0,5983,5300,519,164
"2021-04-13","NUSA TENGGARA TIMUR",116,2,114,0,6099,5302,633,164
"2021-04-14","NUSA TENGGARA TIMUR",55,0,54,1,6154,5302,687,165
"2021-04-15","NUSA TENGGARA TIMUR",0,27,-31,4,6154,5329,656,169
"2021-04-16","NUSA TENGGARA TIMUR",0,15,-15,0,6154,5344,641,169
"2021-04-17","NUSA TENGGARA TIMUR",0,2,-4,2,6154,5346,637,171
"2021-04-18","NUSA TENGGARA TIMUR",0,2,-3,1,6154,5348,634,172
"2021-04-19","NUSA TENGGARA TIMUR",0,9,-9,0,6154,5357,625,172
"2021-04-20","NUSA TENGGARA TIMUR",0,83,-83,0,6154,5440,542,172
"2021-04-21","NUSA TENGGARA TIMUR",0,0,0,0,6154,5440,542,172
"2021-04-22","NUSA TENGGARA TIMUR",0,52,-52,0,6154,5492,490,172
"2021-04-23","NUSA TENGGARA TIMUR",27,2,25,0,6181,5494,515,172
"2021-04-24","NUSA TENGGARA TIMUR",53,16,37,0,6234,5510,552,172
"2021-04-25","NUSA TENGGARA TIMUR",14,32,-18,0,6248,5542,534,172
"2021-04-26","NUSA TENGGARA TIMUR",71,13,58,0,6319,5555,592,172
"2021-04-27","NUSA TENGGARA TIMUR",128,219,-93,2,6447,5774,499,174
"2021-04-28","NUSA TENGGARA TIMUR",31,1,30,0,6478,5775,529,174
"2021-04-29","NUSA TENGGARA TIMUR",32,13,16,3,6510,5788,545,177
"2021-04-30","NUSA TENGGARA TIMUR",90,9,80,1,6600,5797,625,178
"2021-05-01","NUSA TENGGARA TIMUR",31,1,30,0,6631,5798,655,178
"2021-05-02","NUSA TENGGARA TIMUR",252,0,250,2,6883,5798,905,180
"2021-05-03","NUSA TENGGARA TIMUR",61,41,19,1,6944,5839,924,181
"2021-05-04","NUSA TENGGARA TIMUR",59,14,45,0,7003,5853,969,181
"2021-05-05","NUSA TENGGARA TIMUR",0,28,-29,1,7003,5881,940,182
"2021-05-06","NUSA TENGGARA TIMUR",0,32,-34,2,7003,5913,906,184
"2021-05-07","NUSA TENGGARA TIMUR",0,77,-77,0,7003,5990,829,184
"2021-05-08","NUSA TENGGARA TIMUR",0,77,-80,3,7003,6067,749,187
"2021-05-09","NUSA TENGGARA TIMUR",0,10,-10,0,7003,6077,739,187
"2021-05-10","NUSA TENGGARA TIMUR",0,67,-67,0,7003,6144,672,187
"2021-05-11","NUSA TENGGARA TIMUR",1,43,-42,0,7004,6187,630,187
"2021-05-12","NUSA TENGGARA TIMUR",0,1,-2,1,7004,6188,628,188
"2021-05-13","NUSA TENGGARA TIMUR",4,47,-48,5,7008,6235,580,193
"2021-05-14","NUSA TENGGARA TIMUR",77,40,36,1,7085,6275,616,194
"2021-05-15","NUSA TENGGARA TIMUR",5,12,-7,0,7090,6287,609,194
"2021-05-16","NUSA TENGGARA TIMUR",0,7,-7,0,7090,6294,602,194
"2021-05-17","NUSA TENGGARA TIMUR",53,288,-237,2,7143,6582,365,196
"2021-05-18","NUSA TENGGARA TIMUR",50,31,17,2,7193,6613,382,198
"2021-05-19","NUSA TENGGARA TIMUR",10,63,-53,0,7203,6676,329,198
"2021-05-20","NUSA TENGGARA TIMUR",12,0,12,0,7215,6676,341,198
"2021-05-21","NUSA TENGGARA TIMUR",16,5,9,2,7231,6681,350,200
"2021-05-22","NUSA TENGGARA TIMUR",36,0,36,0,7267,6681,386,200
"2021-05-23","NUSA TENGGARA TIMUR",50,6,42,2,7317,6687,428,202
"2021-05-24","NUSA TENGGARA TIMUR",67,55,11,1,7384,6742,439,203
"2021-05-25","NUSA TENGGARA TIMUR",10,58,-48,0,7394,6800,391,203
"2021-05-26","NUSA TENGGARA TIMUR",21,4,16,1,7415,6804,407,204
"2021-05-27","NUSA TENGGARA TIMUR",0,0,0,0,7415,6804,407,204
"2021-05-28","NUSA TENGGARA TIMUR",0,24,-26,2,7415,6828,381,206
"2021-05-29","NUSA TENGGARA TIMUR",0,1,-1,0,7415,6829,380,206
"2021-05-30","NUSA TENGGARA TIMUR",0,2,-3,1,7415,6831,377,207
"2021-05-31","NUSA TENGGARA TIMUR",0,51,-51,0,7415,6882,326,207
"2021-06-01","NUSA TENGGARA TIMUR",0,17,-17,0,7415,6899,309,207
"2021-06-02","NUSA TENGGARA TIMUR",61,6,55,0,7476,6905,364,207
"2021-06-03","NUSA TENGGARA TIMUR",33,47,-15,1,7509,6952,349,208
"2021-06-04","NUSA TENGGARA TIMUR",233,244,-13,2,7742,7196,336,210
"2021-06-05","NUSA TENGGARA TIMUR",29,30,-3,2,7771,7226,333,212
"2021-06-06","NUSA TENGGARA TIMUR",70,54,13,3,7841,7280,346,215
"2021-06-07","NUSA TENGGARA TIMUR",177,122,54,1,8018,7402,400,216
"2021-06-08","NUSA TENGGARA TIMUR",84,47,35,2,8102,7449,435,218
"2021-06-09","NUSA TENGGARA TIMUR",26,17,8,1,8128,7466,443,219
"2021-06-10","NUSA TENGGARA TIMUR",63,12,49,2,8191,7478,492,221
"2021-06-11","NUSA TENGGARA TIMUR",0,0,-1,1,8191,7478,491,222
"2021-06-12","NUSA TENGGARA TIMUR",0,22,-23,1,8191,7500,468,223
"2021-06-13","NUSA TENGGARA TIMUR",0,5,-5,0,8191,7505,463,223
"2021-06-14","NUSA TENGGARA TIMUR",0,0,0,0,8191,7505,463,223
"2021-06-15","NUSA TENGGARA TIMUR",0,0,0,0,8191,7505,463,223
"2021-06-16","NUSA TENGGARA TIMUR",0,22,-22,0,8191,7527,441,223
"2021-06-17","NUSA TENGGARA TIMUR",0,6,-6,0,8191,7533,435,223
"2021-06-18","NUSA TENGGARA TIMUR",0,1,-1,0,8191,7534,434,223
"2021-06-19","NUSA TENGGARA TIMUR",0,12,-12,0,8191,7546,422,223
"2021-06-20","NUSA TENGGARA TIMUR",0,16,-16,0,8191,7562,406,223
"2021-06-21","NUSA TENGGARA TIMUR",0,9,-9,0,8191,7571,397,223
"2021-06-22","NUSA TENGGARA TIMUR",97,21,76,0,8288,7592,473,223
"2021-06-23","NUSA TENGGARA TIMUR",71,4,67,0,8359,7596,540,223
"2021-06-24","NUSA TENGGARA TIMUR",104,46,54,4,8463,7642,594,227
"2021-06-25","NUSA TENGGARA TIMUR",172,41,131,0,8635,7683,725,227
"2021-06-26","NUSA TENGGARA TIMUR",0,0,0,0,8635,7683,725,227
"2021-06-27","NUSA TENGGARA TIMUR",0,3,-6,3,8635,7686,719,230
"2021-06-28","NUSA TENGGARA TIMUR",0,15,-15,0,8635,7701,704,230
"2021-06-29","NUSA TENGGARA TIMUR",0,7,-7,0,8635,7708,697,230
"2021-06-30","NUSA TENGGARA TIMUR",0,0,0,0,8635,7708,697,230
"2021-07-01","NUSA TENGGARA TIMUR",0,1,-3,2,8635,7709,694,232
"2021-07-02","NUSA TENGGARA TIMUR",0,10,-10,0,8635,7719,684,232
"2021-07-03","NUSA TENGGARA TIMUR",1,0,1,0,8636,7719,685,232
"2021-07-04","NUSA TENGGARA TIMUR",340,10,329,1,8976,7729,1014,233
"2021-07-05","NUSA TENGGARA TIMUR",461,203,253,5,9437,7932,1267,238
"2021-07-06","NUSA TENGGARA TIMUR",632,178,451,3,10069,8110,1718,241
"2021-07-07","NUSA TENGGARA TIMUR",731,3,725,3,10800,8113,2443,244
"2021-07-08","NUSA TENGGARA TIMUR",914,40,869,5,11714,8153,3312,249
"2021-07-09","NUSA TENGGARA TIMUR",220,53,162,5,11934,8206,3474,254
"2021-07-10","NUSA TENGGARA TIMUR",353,84,269,0,12287,8290,3743,254
"2021-07-11","NUSA TENGGARA TIMUR",474,32,439,3,12761,8322,4182,257
"2021-07-12","NUSA TENGGARA TIMUR",694,26,666,2,13455,8348,4848,259
"2021-07-13","NUSA TENGGARA TIMUR",75,9,65,1,13530,8357,4913,260
"2021-07-14","NUSA TENGGARA TIMUR",26,130,-105,1,13556,8487,4808,261
"2021-07-15","NUSA TENGGARA TIMUR",45,28,15,2,13601,8515,4823,263
"2021-07-16","NUSA TENGGARA TIMUR",45,87,-47,5,13646,8602,4776,268
"2021-07-17","NUSA TENGGARA TIMUR",431,152,271,8,14077,8754,5047,276
"2021-07-18","NUSA TENGGARA TIMUR",557,104,452,1,14634,8858,5499,277
"2021-07-19","NUSA TENGGARA TIMUR",748,207,535,6,15382,9065,6034,283
"2021-07-20","NUSA TENGGARA TIMUR",716,261,454,1,16098,9326,6488,284
"2021-07-21","NUSA TENGGARA TIMUR",1243,514,726,3,17341,9840,7214,287
"2021-07-22","NUSA TENGGARA TIMUR",767,96,665,6,18108,9936,7879,293
"2021-07-23","NUSA TENGGARA TIMUR",788,572,205,11,18896,10508,8084,304
"2021-07-24","NUSA TENGGARA TIMUR",487,331,139,17,19383,10839,8223,321
"2021-07-25","NUSA TENGGARA TIMUR",1063,122,930,11,20446,10961,9153,332
"2021-07-26","NUSA TENGGARA TIMUR",316,593,-284,7,20762,11554,8869,339
"2021-07-27","NUSA TENGGARA TIMUR",1214,888,288,38,21976,12442,9157,377
"2021-07-28","NUSA TENGGARA TIMUR",1097,480,607,10,23073,12922,9764,387
"2021-07-29","NUSA TENGGARA TIMUR",770,426,330,14,23843,13348,10094,401
"2021-07-30","NUSA TENGGARA TIMUR",711,309,377,25,24554,13657,10471,426
"2021-07-31","NUSA TENGGARA TIMUR",636,557,69,10,25190,14214,10540,436
"2021-08-01","NUSA TENGGARA TIMUR",881,421,455,5,26071,14635,10995,441
"2021-08-02","NUSA TENGGARA TIMUR",408,189,200,19,26479,14824,11195,460
"2021-08-03","NUSA TENGGARA TIMUR",94,1369,-1288,13,26573,16193,9907,473
"2021-08-04","NUSA TENGGARA TIMUR",36,935,-906,7,26609,17128,9001,480
"2021-08-05","NUSA TENGGARA TIMUR",59,347,-290,2,26668,17475,8711,482
"2021-08-06","NUSA TENGGARA TIMUR",116,632,-520,4,26784,18107,8191,486
"2021-08-07","NUSA TENGGARA TIMUR",66,1524,-1481,23,26850,19631,6710,509
"2021-08-08","NUSA TENGGARA TIMUR",62,622,-567,7,26912,20253,6143,516
"2021-08-09","NUSA TENGGARA TIMUR",602,585,14,3,27514,20838,6157,519
"2021-08-10","NUSA TENGGARA TIMUR",905,934,-58,29,28419,21772,6099,548
"2021-08-11","NUSA TENGGARA TIMUR",851,1174,-344,21,29270,22946,5755,569
"2021-08-12","NUSA TENGGARA TIMUR",690,991,-313,12,29960,23937,5442,581
"2021-08-13","NUSA TENGGARA TIMUR",846,459,373,14,30806,24396,5815,595
"2021-08-14","NUSA TENGGARA TIMUR",609,586,5,18,31415,24982,5820,613
"2021-08-15","NUSA TENGGARA TIMUR",470,1219,-756,7,31885,26201,5064,620
"2021-08-16","NUSA TENGGARA TIMUR",413,511,-113,15,32298,26712,4951,635
"2021-08-17","NUSA TENGGARA TIMUR",612,287,314,11,32910,26999,5265,646
"2021-08-18","NUSA TENGGARA TIMUR",497,328,165,4,33407,27327,5430,650
"2021-08-19","NUSA TENGGARA TIMUR",659,325,326,8,34066,27652,5756,658
"2021-08-20","NUSA TENGGARA TIMUR",439,633,-203,9,34505,28285,5553,667
"2021-08-21","NUSA TENGGARA TIMUR",347,465,-124,6,34852,28750,5429,673
"2021-08-22","NUSA TENGGARA TIMUR",259,444,-193,8,35111,29194,5236,681
"2021-08-23","NUSA TENGGARA TIMUR",77,599,-532,10,35188,29793,4704,691
"2021-08-24","NUSA TENGGARA TIMUR",31,774,-752,9,35219,30567,3952,700
"2021-08-25","NUSA TENGGARA TIMUR",33,489,-458,2,35252,31056,3494,702
"2021-08-26","NUSA TENGGARA TIMUR",39,380,-342,1,35291,31436,3152,703
"2021-08-27","NUSA TENGGARA TIMUR",36,345,-314,5,35327,31781,2838,708
"2021-08-28","NUSA TENGGARA TIMUR",28,615,-590,3,35355,32396,2248,711
"2021-08-29","NUSA TENGGARA TIMUR",29,464,-438,3,35384,32860,1810,714
"2021-08-30","NUSA TENGGARA TIMUR",13,448,-441,6,35397,33308,1369,720
"2021-08-31","NUSA TENGGARA TIMUR",31,329,-299,1,35428,33637,1070,721
"2021-09-01","NUSA TENGGARA TIMUR",94,318,-225,1,35522,33955,845,722
"2021-09-02","NUSA TENGGARA TIMUR",263,148,107,8,35785,34103,952,730
"2021-09-03","NUSA TENGGARA TIMUR",181,148,29,4,35966,34251,981,734
"2021-09-04","NUSA TENGGARA TIMUR",182,101,79,2,36148,34352,1060,736
"2021-09-05","NUSA TENGGARA TIMUR",108,64,43,1,36256,34416,1103,737
"2021-09-06","NUSA TENGGARA TIMUR",131,110,19,2,36387,34526,1122,739
"2021-09-07","NUSA TENGGARA TIMUR",181,50,125,6,36568,34576,1247,745
"2021-09-08","NUSA TENGGARA TIMUR",174,46,125,3,36742,34622,1372,748
"2021-09-09","NUSA TENGGARA TIMUR",151,41,107,3,36893,34663,1479,751
"2021-09-10","NUSA TENGGARA TIMUR",162,72,87,3,37055,34735,1566,754
"2021-09-11","NUSA TENGGARA TIMUR",144,55,87,2,37199,34790,1653,756
"2021-09-12","NUSA TENGGARA TIMUR",90,180,-93,3,37289,34970,1560,759
"2021-09-13","NUSA TENGGARA TIMUR",64,116,-55,3,37353,35086,1505,762
"2021-09-14","NUSA TENGGARA TIMUR",135,166,-33,2,37488,35252,1472,764
"2021-09-15","NUSA TENGGARA TIMUR",83,81,0,2,37571,35333,1472,766
"2021-09-16","NUSA TENGGARA TIMUR",69,151,-85,3,37640,35484,1387,769
"2021-09-17","NUSA TENGGARA TIMUR",143,164,-26,5,37783,35648,1361,774
"2021-09-18","NUSA TENGGARA TIMUR",82,154,-73,1,37865,35802,1288,775
"2021-09-19","NUSA TENGGARA TIMUR",54,68,-16,2,37919,35870,1272,777
"2021-09-20","NUSA TENGGARA TIMUR",46,107,-65,4,37965,35977,1207,781
"2021-09-21","NUSA TENGGARA TIMUR",66,118,-53,1,38031,36095,1154,782
"2021-09-22","NUSA TENGGARA TIMUR",61,203,-143,1,38092,36298,1011,783
"2021-09-23","NUSA TENGGARA TIMUR",74,67,7,0,38166,36365,1018,783
"2021-09-24","NUSA TENGGARA TIMUR",59,178,-125,6,38225,36543,893,789
"2021-09-25","NUSA TENGGARA TIMUR",19,108,-93,4,38244,36651,800,793
"2021-09-26","NUSA TENGGARA TIMUR",4,80,-77,1,38248,36731,723,794
"2021-09-27","NUSA TENGGARA TIMUR",4,140,-139,3,38252,36871,584,797
"2021-09-28","NUSA TENGGARA TIMUR",9,66,-57,0,38261,36937,527,797
"2021-09-29","NUSA TENGGARA TIMUR",12,93,-81,0,38273,37030,446,797
"2021-09-30","NUSA TENGGARA TIMUR",26,44,-19,1,38299,37074,427,798
"2021-10-01","NUSA TENGGARA TIMUR",34,82,-51,3,38333,37156,376,801
"2021-10-02","NUSA TENGGARA TIMUR",18,55,-37,0,38351,37211,339,801
"2021-10-03","NUSA TENGGARA TIMUR",36,37,-2,1,38387,37248,337,802
"2021-10-04","NUSA TENGGARA TIMUR",35,55,-21,1,38422,37303,316,803
"2021-10-05","NUSA TENGGARA TIMUR",59,30,28,1,38481,37333,344,804
"2021-10-06","NUSA TENGGARA TIMUR",43,34,9,0,38524,37367,353,804
"2021-10-07","NUSA TENGGARA TIMUR",43,61,-19,1,38567,37428,334,805
"2021-10-08","NUSA TENGGARA TIMUR",39,20,17,2,38606,37448,351,807
"2021-10-09","NUSA TENGGARA TIMUR",47,11,35,1,38653,37459,386,808
"2021-10-10","NUSA TENGGARA TIMUR",25,14,9,2,38678,37473,395,810
"2021-10-11","NUSA TENGGARA TIMUR",10,19,-11,2,38688,37492,384,812
"2021-10-12","NUSA TENGGARA TIMUR",54,20,34,0,38742,37512,418,812
"2021-10-13","NUSA TENGGARA TIMUR",22,28,-8,2,38764,37540,410,814
"2021-10-14","NUSA TENGGARA TIMUR",44,27,17,0,38808,37567,427,814
"2021-10-15","NUSA TENGGARA TIMUR",11,51,-40,0,38819,37618,387,814
"2021-10-16","NUSA TENGGARA TIMUR",30,34,-4,0,38849,37652,383,814
"2021-10-17","NUSA TENGGARA TIMUR",31,20,11,0,38880,37672,394,814
"2021-10-18","NUSA TENGGARA TIMUR",25,48,-24,1,38905,37720,370,815
"2021-10-19","NUSA TENGGARA TIMUR",30,35,-8,3,38935,37755,362,818
"2021-10-20","NUSA TENGGARA TIMUR",10,27,-17,0,38945,37782,345,818
"2021-10-21","NUSA TENGGARA TIMUR",1,55,-56,2,38946,37837,289,820
"2021-10-22","NUSA TENGGARA TIMUR",8,34,-26,0,38954,37871,263,820
"2021-10-23","NUSA TENGGARA TIMUR",20,22,-3,1,38974,37893,260,821
"2021-10-24","NUSA TENGGARA TIMUR",9,13,-4,0,38983,37906,256,821
"2021-10-25","NUSA TENGGARA TIMUR",10,27,-17,0,38993,37933,239,821
"2021-10-26","NUSA TENGGARA TIMUR",20,37,-17,0,39013,37970,222,821
"2021-10-27","NUSA TENGGARA TIMUR",21,37,-16,0,39034,38007,206,821
"2021-10-28","NUSA TENGGARA TIMUR",30,42,-13,1,39064,38049,193,822
"2021-10-29","NUSA TENGGARA TIMUR",21,19,2,0,39085,38068,195,822
"2021-10-30","NUSA TENGGARA TIMUR",15,14,-1,2,39100,38082,194,824
"2021-10-31","NUSA TENGGARA TIMUR",8,11,-3,0,39108,38093,191,824
"2021-11-01","NUSA TENGGARA TIMUR",14,23,-10,1,39122,38116,181,825
"2021-11-02","NUSA TENGGARA TIMUR",12,11,-1,2,39134,38127,180,827
"2021-11-03","NUSA TENGGARA TIMUR",22,16,5,1,39156,38143,185,828
"2021-11-04","NUSA TENGGARA TIMUR",18,27,-9,0,39174,38170,176,828
"2021-11-05","NUSA TENGGARA TIMUR",16,12,4,0,39190,38182,180,828
"2021-11-06","NUSA TENGGARA TIMUR",14,19,-5,0,39204,38201,175,828
"2021-11-07","NUSA TENGGARA TIMUR",6,5,1,0,39210,38206,176,828
"2021-11-08","NUSA TENGGARA TIMUR",5,6,-1,0,39215,38212,175,828
"2021-11-09","NUSA TENGGARA TIMUR",6,21,-16,1,39221,38233,159,829
"2021-11-10","NUSA TENGGARA TIMUR",6,30,-25,1,39227,38263,134,830
"2021-11-11","NUSA TENGGARA TIMUR",10,15,-5,0,39237,38278,129,830
"2021-11-12","NUSA TENGGARA TIMUR",14,13,1,0,39251,38291,130,830
"2021-11-13","NUSA TENGGARA TIMUR",6,19,-13,0,39257,38310,117,830
"2021-11-14","NUSA TENGGARA TIMUR",3,3,0,0,39260,38313,117,830
"2021-11-15","NUSA TENGGARA TIMUR",6,9,-3,0,39266,38322,114,830
"2021-11-16","NUSA TENGGARA TIMUR",7,12,-5,0,39273,38334,109,830
"2021-11-17","NUSA TENGGARA TIMUR",10,13,-3,0,39283,38347,106,830
"2021-11-18","NUSA TENGGARA TIMUR",59,6,52,1,39342,38353,158,831
"2021-11-19","NUSA TENGGARA TIMUR",11,13,-2,0,39353,38366,156,831
"2021-11-20","NUSA TENGGARA TIMUR",8,5,1,2,39361,38371,157,833
"2021-11-21","NUSA TENGGARA TIMUR",34,4,30,0,39395,38375,187,833
"2021-11-22","NUSA TENGGARA TIMUR",11,5,6,0,39406,38380,193,833
"2021-11-23","NUSA TENGGARA TIMUR",17,6,11,0,39423,38386,204,833
"2021-11-24","NUSA TENGGARA TIMUR",17,8,7,2,39440,38394,211,835
"2021-11-25","NUSA TENGGARA TIMUR",18,7,11,0,39458,38401,222,835
"2021-11-26","NUSA TENGGARA TIMUR",5,5,0,0,39463,38406,222,835
"2021-11-27","NUSA TENGGARA TIMUR",11,4,7,0,39474,38410,229,835
"2021-11-28","NUSA TENGGARA TIMUR",2,9,-7,0,39476,38419,222,835
"2021-11-29","NUSA TENGGARA TIMUR",0,8,-8,0,39476,38427,214,835
"2021-11-30","NUSA TENGGARA TIMUR",2,58,-56,0,39478,38485,158,835
"2021-12-01","NUSA TENGGARA TIMUR",10,33,-23,0,39488,38518,135,835
"2021-12-02","NUSA TENGGARA TIMUR",9,5,4,0,39497,38523,139,835
"2021-12-03","NUSA TENGGARA TIMUR",27,13,14,0,39524,38536,153,835
"2021-12-04","NUSA TENGGARA TIMUR",1,17,-16,0,39525,38553,137,835
"2021-12-05","NUSA TENGGARA TIMUR",8,8,-1,1,39533,38561,136,836
"2021-12-06","NUSA TENGGARA TIMUR",11,27,-17,1,39544,38588,119,837
"2021-12-07","NUSA TENGGARA TIMUR",17,13,3,1,39561,38601,122,838
"2021-12-08","NUSA TENGGARA TIMUR",18,6,12,0,39579,38607,134,838
"2021-12-09","NUSA TENGGARA TIMUR",8,5,3,0,39587,38612,137,838
"2021-12-10","NUSA TENGGARA TIMUR",5,2,3,0,39592,38614,140,838
"2021-12-11","NUSA TENGGARA TIMUR",21,13,8,0,39613,38627,148,838
"2021-12-12","NUSA TENGGARA TIMUR",6,4,2,0,39619,38631,150,838
"2021-12-13","NUSA TENGGARA TIMUR",5,29,-25,1,39624,38660,125,839
"2021-12-14","NUSA TENGGARA TIMUR",7,9,-3,1,39631,38669,122,840
"2021-12-15","NUSA TENGGARA TIMUR",4,4,0,0,39635,38673,122,840
"2021-12-16","NUSA TENGGARA TIMUR",7,2,5,0,39642,38675,127,840
"2021-12-17","NUSA TENGGARA TIMUR",8,14,-6,0,39650,38689,121,840
"2021-12-18","NUSA TENGGARA TIMUR",7,19,-13,1,39657,38708,108,841
"2021-12-19","NUSA TENGGARA TIMUR",2,6,-4,0,39659,38714,104,841
"2021-12-20","NUSA TENGGARA TIMUR",0,7,-8,1,39659,38721,96,842
"2021-12-21","NUSA TENGGARA TIMUR",3,20,-17,0,39662,38741,79,842
"2021-12-22","NUSA TENGGARA TIMUR",5,10,-5,0,39667,38751,74,842
"2021-12-23","NUSA TENGGARA TIMUR",8,6,2,0,39675,38757,76,842
"2021-12-24","NUSA TENGGARA TIMUR",4,2,2,0,39679,38759,78,842
"2021-12-25","NUSA TENGGARA TIMUR",3,2,1,0,39682,38761,79,842
"2021-12-26","NUSA TENGGARA TIMUR",0,4,-4,0,39682,38765,75,842
"2021-12-27","NUSA TENGGARA TIMUR",3,7,-4,0,39685,38772,71,842
"2021-12-28","NUSA TENGGARA TIMUR",6,15,-9,0,39691,38787,62,842
"2021-12-29","NUSA TENGGARA TIMUR",2,5,-3,0,39693,38792,59,842
"2021-12-30","NUSA TENGGARA TIMUR",4,1,3,0,39697,38793,62,842
"2021-12-31","NUSA TENGGARA TIMUR",3,7,-4,0,39700,38800,58,842
"2022-01-01","NUSA TENGGARA TIMUR",1,2,-1,0,39701,38802,57,842
"2022-01-02","NUSA TENGGARA TIMUR",0,6,-6,0,39701,38808,51,842
"2022-01-03","NUSA TENGGARA TIMUR",9,5,3,1,39710,38813,54,843
"2022-01-04","NUSA TENGGARA TIMUR",2,3,-1,0,39712,38816,53,843
"2022-01-05","NUSA TENGGARA TIMUR",8,3,5,0,39720,38819,58,843
"2022-01-06","NUSA TENGGARA TIMUR",16,2,14,0,39736,38821,72,843
"2022-01-07","NUSA TENGGARA TIMUR",3,3,0,0,39739,38824,72,843
"2022-01-08","NUSA TENGGARA TIMUR",1,1,-1,1,39740,38825,71,844
"2022-01-09","NUSA TENGGARA TIMUR",4,4,-1,1,39744,38829,70,845
"2022-01-10","NUSA TENGGARA TIMUR",10,1,9,0,39754,38830,79,845
"2022-01-11","NUSA TENGGARA TIMUR",3,4,-1,0,39757,38834,78,845
"2022-01-12","NUSA TENGGARA TIMUR",2,2,0,0,39759,38836,78,845
"2022-01-13","NUSA TENGGARA TIMUR",2,10,-8,0,39761,38846,70,845
"2022-01-14","NUSA TENGGARA TIMUR",9,0,8,1,39770,38846,78,846
"2022-01-15","NUSA TENGGARA TIMUR",8,12,-5,1,39778,38858,73,847
"2022-01-16","NUSA TENGGARA TIMUR",16,3,13,0,39794,38861,86,847
"2022-01-17","NUSA TENGGARA TIMUR",7,4,3,0,39801,38865,89,847
"2022-01-18","NUSA TENGGARA TIMUR",8,2,6,0,39809,38867,95,847
"2022-01-19","NUSA TENGGARA TIMUR",6,1,5,0,39815,38868,100,847
"2022-01-20","NUSA TENGGARA TIMUR",33,7,26,0,39848,38875,126,847
"2022-01-21","NUSA TENGGARA TIMUR",24,6,18,0,39872,38881,144,847
"2022-01-22","NUSA TENGGARA TIMUR",28,1,27,0,39900,38882,171,847
"2022-01-23","NUSA TENGGARA TIMUR",11,3,8,0,39911,38885,179,847
"2022-01-24","NUSA TENGGARA TIMUR",9,0,9,0,39920,38885,188,847
"2022-01-25","NUSA TENGGARA TIMUR",18,12,6,0,39938,38897,194,847
"2022-01-26","NUSA TENGGARA TIMUR",24,16,8,0,39962,38913,202,847
"2022-01-27","NUSA TENGGARA TIMUR",23,22,1,0,39985,38935,203,847
"2022-01-28","NUSA TENGGARA TIMUR",18,44,-26,0,40003,38979,177,847
"2022-01-29","NUSA TENGGARA TIMUR",23,8,15,0,40026,38987,192,847
"2022-01-30","NUSA TENGGARA TIMUR",28,13,15,0,40054,39000,207,847
"2022-01-31","NUSA TENGGARA TIMUR",25,7,18,0,40079,39007,225,847
"2022-02-01","NUSA TENGGARA TIMUR",24,20,4,0,40103,39027,229,847
"2022-02-02","NUSA TENGGARA TIMUR",20,28,-8,0,40123,39055,221,847
"2022-02-03","NUSA TENGGARA TIMUR",38,12,26,0,40161,39067,247,847
"2022-02-04","NUSA TENGGARA TIMUR",46,7,38,1,40207,39074,285,848
"2022-02-05","NUSA TENGGARA TIMUR",58,14,44,0,40265,39088,329,848
"2022-02-06","NUSA TENGGARA TIMUR",43,6,37,0,40308,39094,366,848
"2022-02-07","NUSA TENGGARA TIMUR",27,43,-16,0,40335,39137,350,848
"2022-02-08","NUSA TENGGARA TIMUR",64,24,39,1,40399,39161,389,849
"2022-02-09","NUSA TENGGARA TIMUR",103,7,95,1,40502,39168,484,850
"2022-02-10","NUSA TENGGARA TIMUR",133,28,105,0,40635,39196,589,850
"2022-02-11","NUSA TENGGARA TIMUR",97,15,82,0,40732,39211,671,850
"2022-02-12","NUSA TENGGARA TIMUR",154,54,100,0,40886,39265,771,850
"2022-02-13","NUSA TENGGARA TIMUR",112,32,79,1,40998,39297,850,851
"2022-02-14","NUSA TENGGARA TIMUR",100,18,82,0,41098,39315,932,851
"2022-02-15","NUSA TENGGARA TIMUR",295,35,259,1,41393,39350,1191,852
"2022-02-16","NUSA TENGGARA TIMUR",323,36,287,0,41716,39386,1478,852
"2022-02-17","NUSA TENGGARA TIMUR",434,48,386,0,42150,39434,1864,852
"2022-02-18","NUSA TENGGARA TIMUR",399,78,321,0,42549,39512,2185,852
"2022-02-19","NUSA TENGGARA TIMUR",420,111,309,0,42969,39623,2494,852
"2022-02-20","NUSA TENGGARA TIMUR",417,33,384,0,43386,39656,2878,852
"2022-02-21","NUSA TENGGARA TIMUR",492,125,366,1,43878,39781,3244,853
"2022-02-22","NUSA TENGGARA TIMUR",991,76,915,0,44869,39857,4159,853
"2022-02-23","NUSA TENGGARA TIMUR",898,99,798,1,45767,39956,4957,854
"2022-02-24","NUSA TENGGARA TIMUR",799,210,588,1,46566,40166,5545,855
"2022-02-25","NUSA TENGGARA TIMUR",978,176,800,2,47544,40342,6345,857
"2022-02-26","NUSA TENGGARA TIMUR",975,211,764,0,48519,40553,7109,857
"2022-02-27","NUSA TENGGARA TIMUR",643,380,260,3,49162,40933,7369,860
"2022-02-28","NUSA TENGGARA TIMUR",301,316,-21,6,49463,41249,7348,866
"2022-03-01","NUSA TENGGARA TIMUR",710,316,392,2,50173,41565,7740,868
"2022-03-02","NUSA TENGGARA TIMUR",1374,505,860,9,51547,42070,8600,877
"2022-03-03","NUSA TENGGARA TIMUR",1065,560,504,1,52612,42630,9104,878
"2022-03-04","NUSA TENGGARA TIMUR",913,722,189,2,53525,43352,9293,880
"2022-03-05","NUSA TENGGARA TIMUR",1193,737,452,4,54718,44089,9745,884
"2022-03-06","NUSA TENGGARA TIMUR",880,610,265,5,55598,44699,10010,889
"2022-03-07","NUSA TENGGARA TIMUR",807,656,149,2,56405,45355,10159,891
"2022-03-08","NUSA TENGGARA TIMUR",5,71,-67,1,56410,45426,10092,892
"2020-08-06","KALIMANTAN BARAT",7,0,7,0,7,0,7,0
"2020-08-07","KALIMANTAN BARAT",3,0,3,0,10,0,10,0
"2020-08-08","KALIMANTAN BARAT",0,0,0,0,10,0,10,0
"2020-08-09","KALIMANTAN BARAT",13,0,13,0,23,0,23,0
"2020-08-10","KALIMANTAN BARAT",6,0,6,0,29,0,29,0
"2020-08-11","KALIMANTAN BARAT",4,0,4,0,33,0,33,0
"2020-08-12","KALIMANTAN BARAT",9,0,9,0,42,0,42,0
"2020-08-13","KALIMANTAN BARAT",10,18,-8,0,52,18,34,0
"2020-08-14","KALIMANTAN BARAT",5,1,4,0,57,19,38,0
"2020-08-15","KALIMANTAN BARAT",3,6,-3,0,60,25,35,0
"2020-08-16","KALIMANTAN BARAT",0,2,-2,0,60,27,33,0
"2020-08-17","KALIMANTAN BARAT",0,0,0,0,60,27,33,0
"2020-08-18","KALIMANTAN BARAT",5,0,5,0,65,27,38,0
"2020-08-19","KALIMANTAN BARAT",4,1,3,0,69,28,41,0
"2020-08-20","KALIMANTAN BARAT",15,14,1,0,84,42,42,0
"2020-08-21","KALIMANTAN BARAT",29,0,29,0,113,42,71,0
"2020-08-22","KALIMANTAN BARAT",33,4,29,0,146,46,100,0
"2020-08-23","KALIMANTAN BARAT",33,19,14,0,179,65,114,0
"2020-08-24","KALIMANTAN BARAT",12,0,12,0,191,65,126,0
"2020-08-25","KALIMANTAN BARAT",27,0,27,0,218,65,153,0
"2020-08-26","KALIMANTAN BARAT",0,20,-20,0,218,85,133,0
"2020-08-27","KALIMANTAN BARAT",6,41,-35,0,224,126,98,0
"2020-08-28","KALIMANTAN BARAT",0,0,0,0,224,126,98,0
"2020-08-29","KALIMANTAN BARAT",16,31,-15,0,240,157,83,0
"2020-08-30","KALIMANTAN BARAT",18,0,17,1,258,157,100,1
"2020-08-31","KALIMANTAN BARAT",0,17,-17,0,258,174,83,1
"2020-09-01","KALIMANTAN BARAT",8,0,8,0,266,174,91,1
"2020-09-02","KALIMANTAN BARAT",6,21,-15,0,272,195,76,1
"2020-09-03","KALIMANTAN BARAT",15,10,5,0,287,205,81,1
"2020-09-04","KALIMANTAN BARAT",11,12,-1,0,298,217,80,1
"2020-09-05","KALIMANTAN BARAT",6,14,-9,1,304,231,71,2
"2020-09-06","KALIMANTAN BARAT",13,0,13,0,317,231,84,2
"2020-09-07","KALIMANTAN BARAT",0,0,0,0,317,231,84,2
"2020-09-08","KALIMANTAN BARAT",7,5,2,0,324,236,86,2
"2020-09-09","KALIMANTAN BARAT",12,2,10,0,336,238,96,2
"2020-09-10","KALIMANTAN BARAT",5,0,5,0,341,238,101,2
"2020-09-11","KALIMANTAN BARAT",8,23,-15,0,349,261,86,2
"2020-09-12","KALIMANTAN BARAT",11,3,8,0,360,264,94,2
"2020-09-13","KALIMANTAN BARAT",7,2,5,0,367,266,99,2
"2020-09-14","KALIMANTAN BARAT",26,6,20,0,393,272,119,2
"2020-09-15","KALIMANTAN BARAT",4,0,3,1,397,272,122,3
"2020-09-16","KALIMANTAN BARAT",19,11,8,0,416,283,130,3
"2020-09-17","KALIMANTAN BARAT",22,4,18,0,438,287,148,3
"2020-09-18","KALIMANTAN BARAT",15,11,4,0,453,298,152,3
"2020-09-19","KALIMANTAN BARAT",21,9,12,0,474,307,164,3
"2020-09-20","KALIMANTAN BARAT",6,15,-9,0,480,322,155,3
"2020-09-21","KALIMANTAN BARAT",1,15,-14,0,481,337,141,3
"2020-09-22","KALIMANTAN BARAT",11,0,11,0,492,337,152,3
"2020-09-23","KALIMANTAN BARAT",6,2,3,1,498,339,155,4
"2020-09-24","KALIMANTAN BARAT",16,7,9,0,514,346,164,4
"2020-09-25","KALIMANTAN BARAT",34,40,-6,0,548,386,158,4
"2020-09-26","KALIMANTAN BARAT",11,11,0,0,559,397,158,4
"2020-09-27","KALIMANTAN BARAT",11,9,1,1,570,406,159,5
"2020-09-28","KALIMANTAN BARAT",0,0,0,0,570,406,159,5
"2020-09-29","KALIMANTAN BARAT",17,19,-2,0,587,425,157,5
"2020-09-30","KALIMANTAN BARAT",8,2,6,0,595,427,163,5
"2020-10-01","KALIMANTAN BARAT",29,14,15,0,624,441,178,5
"2020-10-02","KALIMANTAN BARAT",6,18,-12,0,630,459,166,5
"2020-10-03","KALIMANTAN BARAT",0,5,-5,0,630,464,161,5
"2020-10-04","KALIMANTAN BARAT",0,19,-19,0,630,483,142,5
"2020-10-05","KALIMANTAN BARAT",2,0,2,0,632,483,144,5
"2020-10-06","KALIMANTAN BARAT",41,8,33,0,673,491,177,5
"2020-10-07","KALIMANTAN BARAT",10,4,6,0,683,495,183,5
"2020-10-08","KALIMANTAN BARAT",13,1,12,0,696,496,195,5
"2020-10-09","KALIMANTAN BARAT",28,30,-2,0,724,526,193,5
"2020-10-10","KALIMANTAN BARAT",80,7,73,0,804,533,266,5
"2020-10-11","KALIMANTAN BARAT",81,43,38,0,885,576,304,5
"2020-10-12","KALIMANTAN BARAT",0,0,0,0,885,576,304,5
"2020-10-13","KALIMANTAN BARAT",14,51,-37,0,899,627,267,5
"2020-10-14","KALIMANTAN BARAT",17,50,-33,0,916,677,234,5
"2020-10-15","KALIMANTAN BARAT",29,52,-23,0,945,729,211,5
"2020-10-16","KALIMANTAN BARAT",25,52,-27,0,970,781,184,5
"2020-10-17","KALIMANTAN BARAT",31,35,-4,0,1001,816,180,5
"2020-10-18","KALIMANTAN BARAT",15,3,11,1,1016,819,191,6
"2020-10-19","KALIMANTAN BARAT",0,0,0,0,1016,819,191,6
"2020-10-20","KALIMANTAN BARAT",23,28,-5,0,1039,847,186,6
"2020-10-21","KALIMANTAN BARAT",0,0,0,0,1039,847,186,6
"2020-10-22","KALIMANTAN BARAT",46,12,34,0,1085,859,220,6
"2020-10-23","KALIMANTAN BARAT",0,15,-15,0,1085,874,205,6
"2020-10-24","KALIMANTAN BARAT",0,6,-6,0,1085,880,199,6
"2020-10-25","KALIMANTAN BARAT",0,0,0,0,1085,880,199,6
"2020-10-26","KALIMANTAN BARAT",13,12,0,1,1098,892,199,7
"2020-10-27","KALIMANTAN BARAT",29,6,23,0,1127,898,222,7
"2020-10-28","KALIMANTAN BARAT",14,22,-12,4,1141,920,210,11
"2020-10-29","KALIMANTAN BARAT",13,0,12,1,1154,920,222,12
"2020-10-30","KALIMANTAN BARAT",17,5,9,3,1171,925,231,15
"2020-10-31","KALIMANTAN BARAT",5,5,0,0,1176,930,231,15
"2020-11-01","KALIMANTAN BARAT",22,0,21,1,1198,930,252,16
"2020-11-02","KALIMANTAN BARAT",0,0,0,0,1198,930,252,16
"2020-11-03","KALIMANTAN BARAT",35,1,33,1,1233,931,285,17
"2020-11-04","KALIMANTAN BARAT",19,4,15,0,1252,935,300,17
"2020-11-05","KALIMANTAN BARAT",60,3,57,0,1312,938,357,17
"2020-11-06","KALIMANTAN BARAT",79,47,32,0,1391,985,389,17
"2020-11-07","KALIMANTAN BARAT",83,6,77,0,1474,991,466,17
"2020-11-08","KALIMANTAN BARAT",36,24,12,0,1510,1015,478,17
"2020-11-09","KALIMANTAN BARAT",0,1,-1,0,1510,1016,477,17
"2020-11-10","KALIMANTAN BARAT",0,0,0,0,1510,1016,477,17
"2020-11-11","KALIMANTAN BARAT",33,21,12,0,1543,1037,489,17
"2020-11-12","KALIMANTAN BARAT",13,9,4,0,1556,1046,493,17
"2020-11-13","KALIMANTAN BARAT",13,7,6,0,1569,1053,499,17
"2020-11-14","KALIMANTAN BARAT",12,12,0,0,1581,1065,499,17
"2020-11-15","KALIMANTAN BARAT",13,13,0,0,1594,1078,499,17
"2020-11-16","KALIMANTAN BARAT",9,18,-9,0,1603,1096,490,17
"2020-11-17","KALIMANTAN BARAT",38,11,27,0,1641,1107,517,17
"2020-11-18","KALIMANTAN BARAT",39,11,28,0,1680,1118,545,17
"2020-11-19","KALIMANTAN BARAT",28,10,18,0,1708,1128,563,17
"2020-11-20","KALIMANTAN BARAT",34,26,8,0,1742,1154,571,17
"2020-11-21","KALIMANTAN BARAT",10,22,-12,0,1752,1176,559,17
"2020-11-22","KALIMANTAN BARAT",16,32,-16,0,1768,1208,543,17
"2020-11-23","KALIMANTAN BARAT",10,21,-11,0,1778,1229,532,17
"2020-11-24","KALIMANTAN BARAT",31,56,-25,0,1809,1285,507,17
"2020-11-25","KALIMANTAN BARAT",24,53,-29,0,1833,1338,478,17
"2020-11-26","KALIMANTAN BARAT",10,38,-28,0,1843,1376,450,17
"2020-11-27","KALIMANTAN BARAT",29,44,-15,0,1872,1420,435,17
"2020-11-28","KALIMANTAN BARAT",27,35,-8,0,1899,1455,427,17
"2020-11-29","KALIMANTAN BARAT",27,61,-34,0,1926,1516,393,17
"2020-11-30","KALIMANTAN BARAT",0,0,0,0,1926,1516,393,17
"2020-12-01","KALIMANTAN BARAT",33,55,-22,0,1959,1571,371,17
"2020-12-02","KALIMANTAN BARAT",0,56,-56,0,1959,1627,315,17
"2020-12-03","KALIMANTAN BARAT",0,59,-59,0,1959,1686,256,17
"2020-12-04","KALIMANTAN BARAT",34,57,-23,0,1993,1743,233,17
"2020-12-05","KALIMANTAN BARAT",32,24,7,1,2025,1767,240,18
"2020-12-06","KALIMANTAN BARAT",0,27,-27,0,2025,1794,213,18
"2020-12-07","KALIMANTAN BARAT",30,0,29,1,2055,1794,242,19
"2020-12-08","KALIMANTAN BARAT",25,16,9,0,2080,1810,251,19
"2020-12-09","KALIMANTAN BARAT",57,40,17,0,2137,1850,268,19
"2020-12-10","KALIMANTAN BARAT",25,27,-2,0,2162,1877,266,19
"2020-12-11","KALIMANTAN BARAT",28,30,-2,0,2190,1907,264,19
"2020-12-12","KALIMANTAN BARAT",28,0,28,0,2218,1907,292,19
"2020-12-13","KALIMANTAN BARAT",21,0,21,0,2239,1907,313,19
"2020-12-14","KALIMANTAN BARAT",11,0,11,0,2250,1907,324,19
"2020-12-15","KALIMANTAN BARAT",13,29,-17,1,2263,1936,307,20
"2020-12-16","KALIMANTAN BARAT",0,24,-24,0,2263,1960,283,20
"2020-12-17","KALIMANTAN BARAT",0,12,-12,0,2263,1972,271,20
"2020-12-18","KALIMANTAN BARAT",0,13,-13,0,2263,1985,258,20
"2020-12-19","KALIMANTAN BARAT",0,15,-15,0,2263,2000,243,20
"2020-12-20","KALIMANTAN BARAT",0,16,-16,0,2263,2016,227,20
"2020-12-21","KALIMANTAN BARAT",0,0,0,0,2263,2016,227,20
"2020-12-22","KALIMANTAN BARAT",0,22,-22,0,2263,2038,205,20
"2020-12-23","KALIMANTAN BARAT",0,23,-23,0,2263,2061,182,20
"2020-12-24","KALIMANTAN BARAT",26,24,2,0,2289,2085,184,20
"2020-12-25","KALIMANTAN BARAT",22,21,1,0,2311,2106,185,20
"2020-12-26","KALIMANTAN BARAT",0,0,0,0,2311,2106,185,20
"2020-12-27","KALIMANTAN BARAT",17,19,-2,0,2328,2125,183,20
"2020-12-28","KALIMANTAN BARAT",0,0,0,0,2328,2125,183,20
"2020-12-29","KALIMANTAN BARAT",22,19,3,0,2350,2144,186,20
"2020-12-30","KALIMANTAN BARAT",15,22,-7,0,2365,2166,179,20
"2020-12-31","KALIMANTAN BARAT",25,9,16,0,2390,2175,195,20
"2021-01-01","KALIMANTAN BARAT",18,4,14,0,2408,2179,209,20
"2021-01-02","KALIMANTAN BARAT",0,0,0,0,2408,2179,209,20
"2021-01-03","KALIMANTAN BARAT",0,20,-20,0,2408,2199,189,20
"2021-01-04","KALIMANTAN BARAT",0,0,0,0,2408,2199,189,20
"2021-01-05","KALIMANTAN BARAT",0,1,-1,0,2408,2200,188,20
"2021-01-06","KALIMANTAN BARAT",0,10,-10,0,2408,2210,178,20
"2021-01-07","KALIMANTAN BARAT",0,33,-33,0,2408,2243,145,20
"2021-01-08","KALIMANTAN BARAT",0,21,-21,0,2408,2264,124,20
"2021-01-09","KALIMANTAN BARAT",0,21,-21,0,2408,2285,103,20
"2021-01-10","KALIMANTAN BARAT",0,31,-31,0,2408,2316,72,20
"2021-01-11","KALIMANTAN BARAT",0,0,0,0,2408,2316,72,20
"2021-01-12","KALIMANTAN BARAT",0,21,-21,0,2408,2337,51,20
"2021-01-13","KALIMANTAN BARAT",33,10,23,0,2441,2347,74,20
"2021-01-14","KALIMANTAN BARAT",25,3,22,0,2466,2350,96,20
"2021-01-15","KALIMANTAN BARAT",34,0,34,0,2500,2350,130,20
"2021-01-16","KALIMANTAN BARAT",56,2,54,0,2556,2352,184,20
"2021-01-17","KALIMANTAN BARAT",26,2,24,0,2582,2354,208,20
"2021-01-18","KALIMANTAN BARAT",0,0,0,0,2582,2354,208,20
"2021-01-19","KALIMANTAN BARAT",0,3,-3,0,2582,2357,205,20
"2021-01-20","KALIMANTAN BARAT",0,2,-2,0,2582,2359,203,20
"2021-01-21","KALIMANTAN BARAT",0,2,-2,0,2582,2361,201,20
"2021-01-22","KALIMANTAN BARAT",0,9,-9,0,2582,2370,192,20
"2021-01-23","KALIMANTAN BARAT",0,13,-13,0,2582,2383,179,20
"2021-01-24","KALIMANTAN BARAT",0,21,-21,0,2582,2404,158,20
"2021-01-25","KALIMANTAN BARAT",0,0,0,0,2582,2404,158,20
"2021-01-26","KALIMANTAN BARAT",0,28,-28,0,2582,2432,130,20
"2021-01-27","KALIMANTAN BARAT",0,29,-29,0,2582,2461,101,20
"2021-01-28","KALIMANTAN BARAT",0,20,-20,0,2582,2481,81,20
"2021-01-29","KALIMANTAN BARAT",0,15,-15,0,2582,2496,66,20
"2021-01-30","KALIMANTAN BARAT",0,20,-20,0,2582,2516,46,20
"2021-01-31","KALIMANTAN BARAT",0,1,-1,0,2582,2517,45,20
"2021-02-01","KALIMANTAN BARAT",0,0,0,0,2582,2517,45,20
"2021-02-02","KALIMANTAN BARAT",37,5,32,0,2619,2522,77,20
"2021-02-03","KALIMANTAN BARAT",27,0,27,0,2646,2522,104,20
"2021-02-04","KALIMANTAN BARAT",33,5,28,0,2679,2527,132,20
"2021-02-05","KALIMANTAN BARAT",25,0,25,0,2704,2527,157,20
"2021-02-06","KALIMANTAN BARAT",42,2,40,0,2746,2529,197,20
"2021-02-07","KALIMANTAN BARAT",23,1,21,1,2769,2530,218,21
"2021-02-08","KALIMANTAN BARAT",0,0,0,0,2769,2530,218,21
"2021-02-09","KALIMANTAN BARAT",0,0,-1,1,2769,2530,217,22
"2021-02-10","KALIMANTAN BARAT",0,1,-1,0,2769,2531,216,22
"2021-02-11","KALIMANTAN BARAT",0,0,0,0,2769,2531,216,22
"2021-02-12","KALIMANTAN BARAT",0,15,-15,0,2769,2546,201,22
"2021-02-13","KALIMANTAN BARAT",0,23,-23,0,2769,2569,178,22
"2021-02-14","KALIMANTAN BARAT",0,15,-15,0,2769,2584,163,22
"2021-02-15","KALIMANTAN BARAT",0,0,0,0,2769,2584,163,22
"2021-02-16","KALIMANTAN BARAT",0,0,0,0,2769,2584,163,22
"2021-02-17","KALIMANTAN BARAT",0,0,0,0,2769,2584,163,22
"2021-02-18","KALIMANTAN BARAT",0,10,-10,0,2769,2594,153,22
"2021-02-19","KALIMANTAN BARAT",0,93,-93,0,2769,2687,60,22
"2021-02-20","KALIMANTAN BARAT",0,10,-10,0,2769,2697,50,22
"2021-02-21","KALIMANTAN BARAT",0,6,-6,0,2769,2703,44,22
"2021-02-22","KALIMANTAN BARAT",0,0,0,0,2769,2703,44,22
"2021-02-23","KALIMANTAN BARAT",28,0,28,0,2797,2703,72,22
"2021-02-24","KALIMANTAN BARAT",27,1,26,0,2824,2704,98,22
"2021-02-25","KALIMANTAN BARAT",32,0,32,0,2856,2704,130,22
"2021-02-26","KALIMANTAN BARAT",39,0,39,0,2895,2704,169,22
"2021-02-27","KALIMANTAN BARAT",27,1,26,0,2922,2705,195,22
"2021-02-28","KALIMANTAN BARAT",39,0,39,0,2961,2705,234,22
"2021-03-01","KALIMANTAN BARAT",0,0,0,0,2961,2705,234,22
"2021-03-02","KALIMANTAN BARAT",0,1,-1,0,2961,2706,233,22
"2021-03-03","KALIMANTAN BARAT",0,0,0,0,2961,2706,233,22
"2021-03-04","KALIMANTAN BARAT",0,0,0,0,2961,2706,233,22
"2021-03-05","KALIMANTAN BARAT",0,1,-1,0,2961,2707,232,22
"2021-03-06","KALIMANTAN BARAT",0,15,-15,0,2961,2722,217,22
"2021-03-07","KALIMANTAN BARAT",0,20,-20,0,2961,2742,197,22
"2021-03-08","KALIMANTAN BARAT",0,0,0,0,2961,2742,197,22
"2021-03-09","KALIMANTAN BARAT",0,39,-39,0,2961,2781,158,22
"2021-03-10","KALIMANTAN BARAT",0,22,-22,0,2961,2803,136,22
"2021-03-11","KALIMANTAN BARAT",0,23,-23,0,2961,2826,113,22
"2021-03-12","KALIMANTAN BARAT",0,32,-32,0,2961,2858,81,22
"2021-03-13","KALIMANTAN BARAT",0,2,-2,0,2961,2860,79,22
"2021-03-14","KALIMANTAN BARAT",97,0,97,0,3058,2860,176,22
"2021-03-15","KALIMANTAN BARAT",0,0,0,0,3058,2860,176,22
"2021-03-16","KALIMANTAN BARAT",82,0,82,0,3140,2860,258,22
"2021-03-17","KALIMANTAN BARAT",79,0,79,0,3219,2860,337,22
"2021-03-18","KALIMANTAN BARAT",51,1,50,0,3270,2861,387,22
"2021-03-19","KALIMANTAN BARAT",30,0,30,0,3300,2861,417,22
"2021-03-20","KALIMANTAN BARAT",40,4,35,1,3340,2865,452,23
"2021-03-21","KALIMANTAN BARAT",39,4,35,0,3379,2869,487,23
"2021-03-22","KALIMANTAN BARAT",0,0,0,0,3379,2869,487,23
"2021-03-23","KALIMANTAN BARAT",39,1,38,0,3418,2870,525,23
"2021-03-24","KALIMANTAN BARAT",42,5,37,0,3460,2875,562,23
"2021-03-25","KALIMANTAN BARAT",0,4,-4,0,3460,2879,558,23
"2021-03-26","KALIMANTAN BARAT",0,49,-49,0,3460,2928,509,23
"2021-03-27","KALIMANTAN BARAT",0,51,-51,0,3460,2979,458,23
"2021-03-28","KALIMANTAN BARAT",0,62,-62,0,3460,3041,396,23
"2021-03-29","KALIMANTAN BARAT",0,0,0,0,3460,3041,396,23
"2021-03-30","KALIMANTAN BARAT",0,31,-31,0,3460,3072,365,23
"2021-03-31","KALIMANTAN BARAT",0,62,-62,0,3460,3134,303,23
"2021-04-01","KALIMANTAN BARAT",0,45,-45,0,3460,3179,258,23
"2021-04-02","KALIMANTAN BARAT",0,55,-55,0,3460,3234,203,23
"2021-04-03","KALIMANTAN BARAT",49,64,-15,0,3509,3298,188,23
"2021-04-04","KALIMANTAN BARAT",48,48,0,0,3557,3346,188,23
"2021-04-05","KALIMANTAN BARAT",0,0,0,0,3557,3346,188,23
"2021-04-06","KALIMANTAN BARAT",36,16,20,0,3593,3362,208,23
"2021-04-07","KALIMANTAN BARAT",40,1,39,0,3633,3363,247,23
"2021-04-08","KALIMANTAN BARAT",44,0,44,0,3677,3363,291,23
"2021-04-09","KALIMANTAN BARAT",77,1,76,0,3754,3364,367,23
"2021-04-10","KALIMANTAN BARAT",73,0,73,0,3827,3364,440,23
"2021-04-11","KALIMANTAN BARAT",52,1,51,0,3879,3365,491,23
"2021-04-12","KALIMANTAN BARAT",0,0,0,0,3879,3365,491,23
"2021-04-13","KALIMANTAN BARAT",80,1,79,0,3959,3366,570,23
"2021-04-14","KALIMANTAN BARAT",92,27,64,1,4051,3393,634,24
"2021-04-15","KALIMANTAN BARAT",0,50,-50,0,4051,3443,584,24
"2021-04-16","KALIMANTAN BARAT",0,45,-45,0,4051,3488,539,24
"2021-04-17","KALIMANTAN BARAT",0,46,-46,0,4051,3534,493,24
"2021-04-18","KALIMANTAN BARAT",0,42,-42,0,4051,3576,451,24
"2021-04-19","KALIMANTAN BARAT",0,0,0,0,4051,3576,451,24
"2021-04-20","KALIMANTAN BARAT",0,58,-58,0,4051,3634,393,24
"2021-04-21","KALIMANTAN BARAT",0,59,-59,0,4051,3693,334,24
"2021-04-22","KALIMANTAN BARAT",0,50,-50,0,4051,3743,284,24
"2021-04-23","KALIMANTAN BARAT",92,61,31,0,4143,3804,315,24
"2021-04-24","KALIMANTAN BARAT",96,75,21,0,4239,3879,336,24
"2021-04-25","KALIMANTAN BARAT",39,80,-41,0,4278,3959,295,24
"2021-04-26","KALIMANTAN BARAT",0,0,-1,1,4278,3959,294,25
"2021-04-27","KALIMANTAN BARAT",56,5,51,0,4334,3964,345,25
"2021-04-28","KALIMANTAN BARAT",63,0,63,0,4397,3964,408,25
"2021-04-29","KALIMANTAN BARAT",99,2,96,1,4496,3966,504,26
"2021-04-30","KALIMANTAN BARAT",73,0,73,0,4569,3966,577,26
"2021-05-01","KALIMANTAN BARAT",98,3,95,0,4667,3969,672,26
"2021-05-02","KALIMANTAN BARAT",95,1,93,1,4762,3970,765,27
"2021-05-03","KALIMANTAN BARAT",0,0,-1,1,4762,3970,764,28
"2021-05-04","KALIMANTAN BARAT",117,4,113,0,4879,3974,877,28
"2021-05-05","KALIMANTAN BARAT",0,1,-5,4,4879,3975,872,32
"2021-05-06","KALIMANTAN BARAT",0,87,-89,2,4879,4062,783,34
"2021-05-07","KALIMANTAN BARAT",0,95,-95,0,4879,4157,688,34
"2021-05-08","KALIMANTAN BARAT",0,44,-44,0,4879,4201,644,34
"2021-05-09","KALIMANTAN BARAT",0,120,-120,0,4879,4321,524,34
"2021-05-10","KALIMANTAN BARAT",0,86,-86,0,4879,4407,438,34
"2021-05-11","KALIMANTAN BARAT",0,103,-103,0,4879,4510,335,34
"2021-05-12","KALIMANTAN BARAT",0,62,-62,0,4879,4572,273,34
"2021-05-13","KALIMANTAN BARAT",103,155,-53,1,4982,4727,220,35
"2021-05-14","KALIMANTAN BARAT",107,10,96,1,5089,4737,316,36
"2021-05-15","KALIMANTAN BARAT",67,17,50,0,5156,4754,366,36
"2021-05-16","KALIMANTAN BARAT",97,0,96,1,5253,4754,462,37
"2021-05-17","KALIMANTAN BARAT",72,3,66,3,5325,4757,528,40
"2021-05-18","KALIMANTAN BARAT",133,2,131,0,5458,4759,659,40
"2021-05-19","KALIMANTAN BARAT",117,107,10,0,5575,4866,669,40
"2021-05-20","KALIMANTAN BARAT",128,33,95,0,5703,4899,764,40
"2021-05-21","KALIMANTAN BARAT",117,161,-44,0,5820,5060,720,40
"2021-05-22","KALIMANTAN BARAT",84,56,20,8,5904,5116,740,48
"2021-05-23","KALIMANTAN BARAT",118,91,25,2,6022,5207,765,50
"2021-05-24","KALIMANTAN BARAT",83,93,-11,1,6105,5300,754,51
"2021-05-25","KALIMANTAN BARAT",114,25,89,0,6219,5325,843,51
"2021-05-26","KALIMANTAN BARAT",121,93,25,3,6340,5418,868,54
"2021-05-27","KALIMANTAN BARAT",0,40,-41,1,6340,5458,827,55
"2021-05-28","KALIMANTAN BARAT",0,183,-183,0,6340,5641,644,55
"2021-05-29","KALIMANTAN BARAT",0,109,-109,0,6340,5750,535,55
"2021-05-30","KALIMANTAN BARAT",0,61,-61,0,6340,5811,474,55
"2021-05-31","KALIMANTAN BARAT",0,141,-141,0,6340,5952,333,55
"2021-06-01","KALIMANTAN BARAT",0,77,-77,0,6340,6029,256,55
"2021-06-02","KALIMANTAN BARAT",105,79,26,0,6445,6108,282,55
"2021-06-03","KALIMANTAN BARAT",86,59,24,3,6531,6167,306,58
"2021-06-04","KALIMANTAN BARAT",123,7,115,1,6654,6174,421,59
"2021-06-05","KALIMANTAN BARAT",124,105,17,2,6778,6279,438,61
"2021-06-06","KALIMANTAN BARAT",104,0,104,0,6882,6279,542,61
"2021-06-07","KALIMANTAN BARAT",0,0,0,0,6882,6279,542,61
"2021-06-08","KALIMANTAN BARAT",95,21,74,0,6977,6300,616,61
"2021-06-09","KALIMANTAN BARAT",158,0,158,0,7135,6300,774,61
"2021-06-10","KALIMANTAN BARAT",149,103,38,8,7284,6403,812,69
"2021-06-11","KALIMANTAN BARAT",0,0,0,0,7284,6403,812,69
"2021-06-12","KALIMANTAN BARAT",0,331,-331,0,7284,6734,481,69
"2021-06-13","KALIMANTAN BARAT",0,0,0,0,7284,6734,481,69
"2021-06-14","KALIMANTAN BARAT",0,106,-106,0,7284,6840,375,69
"2021-06-15","KALIMANTAN BARAT",0,0,0,0,7284,6840,375,69
"2021-06-16","KALIMANTAN BARAT",0,172,-172,0,7284,7012,203,69
"2021-06-17","KALIMANTAN BARAT",0,0,0,0,7284,7012,203,69
"2021-06-18","KALIMANTAN BARAT",0,0,0,0,7284,7012,203,69
"2021-06-19","KALIMANTAN BARAT",0,8,-8,0,7284,7020,195,69
"2021-06-20","KALIMANTAN BARAT",0,0,0,0,7284,7020,195,69
"2021-06-21","KALIMANTAN BARAT",0,0,0,0,7284,7020,195,69
"2021-06-22","KALIMANTAN BARAT",125,0,124,1,7409,7020,319,70
"2021-06-23","KALIMANTAN BARAT",155,18,137,0,7564,7038,456,70
"2021-06-24","KALIMANTAN BARAT",189,0,157,32,7753,7038,613,102
"2021-06-25","KALIMANTAN BARAT",147,45,88,14,7900,7083,701,116
"2021-06-26","KALIMANTAN BARAT",0,0,-16,16,7900,7083,685,132
"2021-06-27","KALIMANTAN BARAT",0,224,-224,0,7900,7307,461,132
"2021-06-28","KALIMANTAN BARAT",0,0,0,0,7900,7307,461,132
"2021-06-29","KALIMANTAN BARAT",0,177,-177,0,7900,7484,284,132
"2021-06-30","KALIMANTAN BARAT",0,12,-12,0,7900,7496,272,132
"2021-07-01","KALIMANTAN BARAT",0,56,-57,1,7900,7552,215,133
"2021-07-02","KALIMANTAN BARAT",0,3,-6,3,7900,7555,209,136
"2021-07-03","KALIMANTAN BARAT",0,0,-1,1,7900,7555,208,137
"2021-07-04","KALIMANTAN BARAT",190,0,190,0,8090,7555,398,137
"2021-07-05","KALIMANTAN BARAT",101,0,52,49,8191,7555,450,186
"2021-07-06","KALIMANTAN BARAT",259,1,234,24,8450,7556,684,210
"2021-07-07","KALIMANTAN BARAT",282,0,275,7,8732,7556,959,217
"2021-07-08","KALIMANTAN BARAT",288,86,196,6,9020,7642,1155,223
"2021-07-09","KALIMANTAN BARAT",296,108,188,0,9316,7750,1343,223
"2021-07-10","KALIMANTAN BARAT",298,0,297,1,9614,7750,1640,224
"2021-07-11","KALIMANTAN BARAT",241,269,-33,5,9855,8019,1607,229
"2021-07-12","KALIMANTAN BARAT",238,125,91,22,10093,8144,1698,251
"2021-07-13","KALIMANTAN BARAT",267,148,118,1,10360,8292,1816,252
"2021-07-14","KALIMANTAN BARAT",44,0,44,0,10404,8292,1860,252
"2021-07-15","KALIMANTAN BARAT",45,361,-316,0,10449,8653,1544,252
"2021-07-16","KALIMANTAN BARAT",30,128,-98,0,10479,8781,1446,252
"2021-07-17","KALIMANTAN BARAT",250,0,242,8,10729,8781,1688,260
"2021-07-18","KALIMANTAN BARAT",357,152,197,8,11086,8933,1885,268
"2021-07-19","KALIMANTAN BARAT",130,0,125,5,11216,8933,2010,273
"2021-07-20","KALIMANTAN BARAT",398,167,218,13,11614,9100,2228,286
"2021-07-21","KALIMANTAN BARAT",185,0,176,9,11799,9100,2404,295
"2021-07-22","KALIMANTAN BARAT",470,164,296,10,12269,9264,2700,305
"2021-07-23","KALIMANTAN BARAT",412,0,397,15,12681,9264,3097,320
"2021-07-24","KALIMANTAN BARAT",281,300,-30,11,12962,9564,3067,331
"2021-07-25","KALIMANTAN BARAT",346,177,160,9,13308,9741,3227,340
"2021-07-26","KALIMANTAN BARAT",126,67,48,11,13434,9808,3275,351
"2021-07-27","KALIMANTAN BARAT",413,170,229,14,13847,9978,3504,365
"2021-07-28","KALIMANTAN BARAT",462,185,270,7,14309,10163,3774,372
"2021-07-29","KALIMANTAN BARAT",377,263,106,8,14686,10426,3880,380
"2021-07-30","KALIMANTAN BARAT",411,171,222,18,15097,10597,4102,398
"2021-07-31","KALIMANTAN BARAT",429,173,237,19,15526,10770,4339,417
"2021-08-01","KALIMANTAN BARAT",550,290,250,10,16076,11060,4589,427
"2021-08-02","KALIMANTAN BARAT",168,142,17,9,16244,11202,4606,436
"2021-08-03","KALIMANTAN BARAT",150,192,-43,1,16394,11394,4563,437
"2021-08-04","KALIMANTAN BARAT",37,361,-326,2,16431,11755,4237,439
"2021-08-05","KALIMANTAN BARAT",47,315,-272,4,16478,12070,3965,443
"2021-08-06","KALIMANTAN BARAT",42,394,-352,0,16520,12464,3613,443
"2021-08-07","KALIMANTAN BARAT",33,416,-385,2,16553,12880,3228,445
"2021-08-08","KALIMANTAN BARAT",15,481,-466,0,16568,13361,2762,445
"2021-08-09","KALIMANTAN BARAT",26,465,-441,2,16594,13826,2321,447
"2021-08-10","KALIMANTAN BARAT",349,515,-174,8,16943,14341,2147,455
"2021-08-11","KALIMANTAN BARAT",375,424,-51,2,17318,14765,2096,457
"2021-08-12","KALIMANTAN BARAT",324,320,2,2,17642,15085,2098,459
"2021-08-13","KALIMANTAN BARAT",545,233,311,1,18187,15318,2409,460
"2021-08-14","KALIMANTAN BARAT",485,226,250,9,18672,15544,2659,469
"2021-08-15","KALIMANTAN BARAT",326,171,147,8,18998,15715,2806,477
"2021-08-16","KALIMANTAN BARAT",214,246,-41,9,19212,15961,2765,486
"2021-08-17","KALIMANTAN BARAT",391,166,212,13,19603,16127,2977,499
"2021-08-18","KALIMANTAN BARAT",168,98,65,5,19771,16225,3042,504
"2021-08-19","KALIMANTAN BARAT",435,487,-77,25,20206,16712,2965,529
"2021-08-20","KALIMANTAN BARAT",365,663,-314,16,20571,17375,2651,545
"2021-08-21","KALIMANTAN BARAT",246,492,-281,35,20817,17867,2370,580
"2021-08-22","KALIMANTAN BARAT",222,569,-359,12,21039,18436,2011,592
"2021-08-23","KALIMANTAN BARAT",119,397,-278,0,21158,18833,1733,592
"2021-08-24","KALIMANTAN BARAT",15,471,-458,2,21173,19304,1275,594
"2021-08-25","KALIMANTAN BARAT",13,479,-471,5,21186,19783,804,599
"2021-08-26","KALIMANTAN BARAT",9,385,-383,7,21195,20168,421,606
"2021-08-27","KALIMANTAN BARAT",16,253,-240,3,21211,20421,181,609
"2021-08-28","KALIMANTAN BARAT",16,28,-13,1,21227,20449,168,610
"2021-08-29","KALIMANTAN BARAT",16,20,-4,0,21243,20469,164,610
"2021-08-30","KALIMANTAN BARAT",10,48,-40,2,21253,20517,124,612
"2021-08-31","KALIMANTAN BARAT",16,29,-13,0,21269,20546,111,612
"2021-09-01","KALIMANTAN BARAT",189,41,146,2,21458,20587,257,614
"2021-09-02","KALIMANTAN BARAT",268,33,232,3,21726,20620,489,617
"2021-09-03","KALIMANTAN BARAT",182,57,121,4,21908,20677,610,621
"2021-09-04","KALIMANTAN BARAT",270,140,126,4,22178,20817,736,625
"2021-09-05","KALIMANTAN BARAT",149,215,-70,4,22327,21032,666,629
"2021-09-06","KALIMANTAN BARAT",78,166,-90,2,22405,21198,576,631
"2021-09-07","KALIMANTAN BARAT",252,231,21,0,22657,21429,597,631
"2021-09-08","KALIMANTAN BARAT",189,125,59,5,22846,21554,656,636
"2021-09-09","KALIMANTAN BARAT",268,112,150,6,23114,21666,806,642
"2021-09-10","KALIMANTAN BARAT",150,211,-63,2,23264,21877,743,644
"2021-09-11","KALIMANTAN BARAT",271,211,53,7,23535,22088,796,651
"2021-09-12","KALIMANTAN BARAT",120,196,-79,3,23655,22284,717,654
"2021-09-13","KALIMANTAN BARAT",36,214,-180,2,23691,22498,537,656
"2021-09-14","KALIMANTAN BARAT",131,161,-33,3,23822,22659,504,659
"2021-09-15","KALIMANTAN BARAT",145,169,-26,2,23967,22828,478,661
"2021-09-16","KALIMANTAN BARAT",86,118,-33,1,24053,22946,445,662
"2021-09-17","KALIMANTAN BARAT",114,119,-8,3,24167,23065,437,665
"2021-09-18","KALIMANTAN BARAT",131,122,5,4,24298,23187,442,669
"2021-09-19","KALIMANTAN BARAT",50,109,-60,1,24348,23296,382,670
"2021-09-20","KALIMANTAN BARAT",40,115,-77,2,24388,23411,305,672
"2021-09-21","KALIMANTAN BARAT",153,119,34,0,24541,23530,339,672
"2021-09-22","KALIMANTAN BARAT",109,111,-4,2,24650,23641,335,674
"2021-09-23","KALIMANTAN BARAT",79,110,-33,2,24729,23751,302,676
"2021-09-24","KALIMANTAN BARAT",61,107,-48,2,24790,23858,254,678
"2021-09-25","KALIMANTAN BARAT",12,84,-73,1,24802,23942,181,679
"2021-09-26","KALIMANTAN BARAT",1,85,-84,0,24803,24027,97,679
"2021-09-27","KALIMANTAN BARAT",0,32,-32,0,24803,24059,65,679
"2021-09-28","KALIMANTAN BARAT",4,12,-8,0,24807,24071,57,679
"2021-09-29","KALIMANTAN BARAT",2,14,-13,1,24809,24085,44,680
"2021-09-30","KALIMANTAN BARAT",30,3,26,1,24839,24088,70,681
"2021-10-01","KALIMANTAN BARAT",42,1,41,0,24881,24089,111,681
"2021-10-02","KALIMANTAN BARAT",33,10,23,0,24914,24099,134,681
"2021-10-03","KALIMANTAN BARAT",50,38,12,0,24964,24137,146,681
"2021-10-04","KALIMANTAN BARAT",13,33,-20,0,24977,24170,126,681
"2021-10-05","KALIMANTAN BARAT",53,28,23,2,25030,24198,149,683
"2021-10-06","KALIMANTAN BARAT",36,30,6,0,25066,24228,155,683
"2021-10-07","KALIMANTAN BARAT",46,44,2,0,25112,24272,157,683
"2021-10-08","KALIMANTAN BARAT",20,41,-21,0,25132,24313,136,683
"2021-10-09","KALIMANTAN BARAT",46,37,8,1,25178,24350,144,684
"2021-10-10","KALIMANTAN BARAT",40,45,-6,1,25218,24395,138,685
"2021-10-11","KALIMANTAN BARAT",14,29,-15,0,25232,24424,123,685
"2021-10-12","KALIMANTAN BARAT",36,37,-2,1,25268,24461,121,686
"2021-10-13","KALIMANTAN BARAT",48,31,17,0,25316,24492,138,686
"2021-10-14","KALIMANTAN BARAT",37,28,9,0,25353,24520,147,686
"2021-10-15","KALIMANTAN BARAT",42,31,11,0,25395,24551,158,686
"2021-10-16","KALIMANTAN BARAT",50,32,18,0,25445,24583,176,686
"2021-10-17","KALIMANTAN BARAT",26,30,-5,1,25471,24613,171,687
"2021-10-18","KALIMANTAN BARAT",26,43,-18,1,25497,24656,153,688
"2021-10-19","KALIMANTAN BARAT",41,39,2,0,25538,24695,155,688
"2021-10-20","KALIMANTAN BARAT",7,42,-35,0,25545,24737,120,688
"2021-10-21","KALIMANTAN BARAT",4,25,-21,0,25549,24762,99,688
"2021-10-22","KALIMANTAN BARAT",12,38,-26,0,25561,24800,73,688
"2021-10-23","KALIMANTAN BARAT",30,19,10,1,25591,24819,83,689
"2021-10-24","KALIMANTAN BARAT",50,10,40,0,25641,24829,123,689
"2021-10-25","KALIMANTAN BARAT",11,14,-3,0,25652,24843,120,689
"2021-10-26","KALIMANTAN BARAT",41,21,20,0,25693,24864,140,689
"2021-10-27","KALIMANTAN BARAT",21,22,-1,0,25714,24886,139,689
"2021-10-28","KALIMANTAN BARAT",18,17,1,0,25732,24903,140,689
"2021-10-29","KALIMANTAN BARAT",25,39,-14,0,25757,24942,126,689
"2021-10-30","KALIMANTAN BARAT",11,35,-24,0,25768,24977,102,689
"2021-10-31","KALIMANTAN BARAT",26,29,-3,0,25794,25006,99,689
"2021-11-01","KALIMANTAN BARAT",5,24,-19,0,25799,25030,80,689
"2021-11-02","KALIMANTAN BARAT",10,21,-12,1,25809,25051,68,690
"2021-11-03","KALIMANTAN BARAT",21,18,3,0,25830,25069,71,690
"2021-11-04","KALIMANTAN BARAT",8,19,-11,0,25838,25088,60,690
"2021-11-05","KALIMANTAN BARAT",9,15,-6,0,25847,25103,54,690
"2021-11-06","KALIMANTAN BARAT",10,16,-6,0,25857,25119,48,690
"2021-11-07","KALIMANTAN BARAT",7,12,-5,0,25864,25131,43,690
"2021-11-08","KALIMANTAN BARAT",4,13,-9,0,25868,25144,34,690
"2021-11-09","KALIMANTAN BARAT",2,14,-12,0,25870,25158,22,690
"2021-11-10","KALIMANTAN BARAT",5,9,-4,0,25875,25167,18,690
"2021-11-11","KALIMANTAN BARAT",24,3,21,0,25899,25170,39,690
"2021-11-12","KALIMANTAN BARAT",15,8,7,0,25914,25178,46,690
"2021-11-13","KALIMANTAN BARAT",12,13,-1,0,25926,25191,45,690
"2021-11-14","KALIMANTAN BARAT",26,12,13,1,25952,25203,58,691
"2021-11-15","KALIMANTAN BARAT",18,11,7,0,25970,25214,65,691
"2021-11-16","KALIMANTAN BARAT",10,19,-10,1,25980,25233,55,692
"2021-11-17","KALIMANTAN BARAT",17,13,4,0,25997,25246,59,692
"2021-11-18","KALIMANTAN BARAT",14,14,0,0,26011,25260,59,692
"2021-11-19","KALIMANTAN BARAT",38,16,22,0,26049,25276,81,692
"2021-11-20","KALIMANTAN BARAT",36,14,21,1,26085,25290,102,693
"2021-11-21","KALIMANTAN BARAT",11,13,-2,0,26096,25303,100,693
"2021-11-22","KALIMANTAN BARAT",5,17,-12,0,26101,25320,88,693
"2021-11-23","KALIMANTAN BARAT",28,16,12,0,26129,25336,100,693
"2021-11-24","KALIMANTAN BARAT",17,17,-1,1,26146,25353,99,694
"2021-11-25","KALIMANTAN BARAT",5,14,-9,0,26151,25367,90,694
"2021-11-26","KALIMANTAN BARAT",4,17,-13,0,26155,25384,77,694
"2021-11-27","KALIMANTAN BARAT",13,10,3,0,26168,25394,80,694
"2021-11-28","KALIMANTAN BARAT",6,16,-10,0,26174,25410,70,694
"2021-11-29","KALIMANTAN BARAT",3,12,-9,0,26177,25422,61,694
"2021-11-30","KALIMANTAN BARAT",1,11,-11,1,26178,25433,50,695
"2021-12-01","KALIMANTAN BARAT",3,9,-6,0,26181,25442,44,695
"2021-12-02","KALIMANTAN BARAT",5,8,-3,0,26186,25450,41,695
"2021-12-03","KALIMANTAN BARAT",6,8,-3,1,26192,25458,38,696
"2021-12-04","KALIMANTAN BARAT",5,9,-4,0,26197,25467,34,696
"2021-12-05","KALIMANTAN BARAT",5,8,-3,0,26202,25475,31,696
"2021-12-06","KALIMANTAN BARAT",5,6,-1,0,26207,25481,30,696
"2021-12-07","KALIMANTAN BARAT",5,7,-2,0,26212,25488,28,696
"2021-12-08","KALIMANTAN BARAT",6,6,0,0,26218,25494,28,696
"2021-12-09","KALIMANTAN BARAT",2,5,-3,0,26220,25499,25,696
"2021-12-10","KALIMANTAN BARAT",13,9,4,0,26233,25508,29,696
"2021-12-11","KALIMANTAN BARAT",20,5,15,0,26253,25513,44,696
"2021-12-12","KALIMANTAN BARAT",6,6,-1,1,26259,25519,43,697
"2021-12-13","KALIMANTAN BARAT",1,8,-7,0,26260,25527,36,697
"2021-12-14","KALIMANTAN BARAT",10,6,4,0,26270,25533,40,697
"2021-12-15","KALIMANTAN BARAT",5,9,-4,0,26275,25542,36,697
"2021-12-16","KALIMANTAN BARAT",4,8,-4,0,26279,25550,32,697
"2021-12-17","KALIMANTAN BARAT",4,6,-2,0,26283,25556,30,697
"2021-12-18","KALIMANTAN BARAT",2,5,-3,0,26285,25561,27,697
"2021-12-19","KALIMANTAN BARAT",2,7,-5,0,26287,25568,22,697
"2021-12-20","KALIMANTAN BARAT",1,6,-5,0,26288,25574,17,697
"2021-12-21","KALIMANTAN BARAT",2,6,-4,0,26290,25580,13,697
"2021-12-22","KALIMANTAN BARAT",3,5,-2,0,26293,25585,11,697
"2021-12-23","KALIMANTAN BARAT",2,3,-1,0,26295,25588,10,697
"2021-12-24","KALIMANTAN BARAT",2,1,1,0,26297,25589,11,697
"2021-12-25","KALIMANTAN BARAT",6,1,5,0,26303,25590,16,697
"2021-12-26","KALIMANTAN BARAT",0,3,-3,0,26303,25593,13,697
"2021-12-27","KALIMANTAN BARAT",1,5,-4,0,26304,25598,9,697
"2021-12-28","KALIMANTAN BARAT",2,4,-2,0,26306,25602,7,697
"2021-12-29","KALIMANTAN BARAT",1,2,-1,0,26307,25604,6,697
"2021-12-30","KALIMANTAN BARAT",4,2,2,0,26311,25606,8,697
"2021-12-31","KALIMANTAN BARAT",1,2,-1,0,26312,25608,7,697
"2022-01-01","KALIMANTAN BARAT",3,2,1,0,26315,25610,8,697
"2022-01-02","KALIMANTAN BARAT",1,1,0,0,26316,25611,8,697
"2022-01-03","KALIMANTAN BARAT",1,2,-2,1,26317,25613,6,698
"2022-01-04","KALIMANTAN BARAT",7,2,5,0,26324,25615,11,698
"2022-01-05","KALIMANTAN BARAT",3,2,1,0,26327,25617,12,698
"2022-01-06","KALIMANTAN BARAT",3,2,1,0,26330,25619,13,698
"2022-01-07","KALIMANTAN BARAT",3,3,0,0,26333,25622,13,698
"2022-01-08","KALIMANTAN BARAT",1,3,-2,0,26334,25625,11,698
"2022-01-09","KALIMANTAN BARAT",1,3,-2,0,26335,25628,9,698
"2022-01-10","KALIMANTAN BARAT",1,2,-1,0,26336,25630,8,698
"2022-01-11","KALIMANTAN BARAT",8,2,6,0,26344,25632,14,698
"2022-01-12","KALIMANTAN BARAT",3,3,0,0,26347,25635,14,698
"2022-01-13","KALIMANTAN BARAT",6,3,3,0,26353,25638,17,698
"2022-01-14","KALIMANTAN BARAT",1,6,-5,0,26354,25644,12,698
"2022-01-15","KALIMANTAN BARAT",8,3,5,0,26362,25647,17,698
"2022-01-16","KALIMANTAN BARAT",10,3,7,0,26372,25650,24,698
"2022-01-17","KALIMANTAN BARAT",1,4,-3,0,26373,25654,21,698
"2022-01-18","KALIMANTAN BARAT",14,7,7,0,26387,25661,28,698
"2022-01-19","KALIMANTAN BARAT",1,5,-4,0,26388,25666,24,698
"2022-01-20","KALIMANTAN BARAT",7,6,1,0,26395,25672,25,698
"2022-01-21","KALIMANTAN BARAT",19,7,12,0,26414,25679,37,698
"2022-01-22","KALIMANTAN BARAT",5,9,-4,0,26419,25688,33,698
"2022-01-23","KALIMANTAN BARAT",8,7,1,0,26427,25695,34,698
"2022-01-24","KALIMANTAN BARAT",2,10,-8,0,26429,25705,26,698
"2022-01-25","KALIMANTAN BARAT",30,9,21,0,26459,25714,47,698
"2022-01-26","KALIMANTAN BARAT",18,10,8,0,26477,25724,55,698
"2022-01-27","KALIMANTAN BARAT",19,6,13,0,26496,25730,68,698
"2022-01-28","KALIMANTAN BARAT",19,17,2,0,26515,25747,70,698
"2022-01-29","KALIMANTAN BARAT",6,12,-6,0,26521,25759,64,698
"2022-01-30","KALIMANTAN BARAT",19,15,4,0,26540,25774,68,698
"2022-01-31","KALIMANTAN BARAT",9,6,3,0,26549,25780,71,698
"2022-02-01","KALIMANTAN BARAT",31,12,19,0,26580,25792,90,698
"2022-02-02","KALIMANTAN BARAT",32,14,18,0,26612,25806,108,698
"2022-02-03","KALIMANTAN BARAT",48,11,37,0,26660,25817,145,698
"2022-02-04","KALIMANTAN BARAT",62,14,48,0,26722,25831,193,698
"2022-02-05","KALIMANTAN BARAT",70,13,57,0,26792,25844,250,698
"2022-02-06","KALIMANTAN BARAT",105,30,75,0,26897,25874,325,698
"2022-02-07","KALIMANTAN BARAT",59,33,25,1,26956,25907,350,699
"2022-02-08","KALIMANTAN BARAT",154,44,110,0,27110,25951,460,699
"2022-02-09","KALIMANTAN BARAT",187,38,149,0,27297,25989,609,699
"2022-02-10","KALIMANTAN BARAT",201,37,164,0,27498,26026,773,699
"2022-02-11","KALIMANTAN BARAT",221,151,69,1,27719,26177,842,700
"2022-02-12","KALIMANTAN BARAT",359,67,292,0,28078,26244,1134,700
"2022-02-13","KALIMANTAN BARAT",355,110,245,0,28433,26354,1379,700
"2022-02-14","KALIMANTAN BARAT",184,125,59,0,28617,26479,1438,700
"2022-02-15","KALIMANTAN BARAT",310,173,137,0,28927,26652,1575,700
"2022-02-16","KALIMANTAN BARAT",520,150,370,0,29447,26802,1945,700
"2022-02-17","KALIMANTAN BARAT",580,239,340,1,30027,27041,2285,701
"2022-02-18","KALIMANTAN BARAT",705,248,457,0,30732,27289,2742,701
"2022-02-19","KALIMANTAN BARAT",570,156,413,1,31302,27445,3155,702
"2022-02-20","KALIMANTAN BARAT",583,262,319,2,31885,27707,3474,704
"2022-02-21","KALIMANTAN BARAT",370,272,96,2,32255,27979,3570,706
"2022-02-22","KALIMANTAN BARAT",761,338,422,1,33016,28317,3992,707
"2022-02-23","KALIMANTAN BARAT",793,284,509,0,33809,28601,4501,707
"2022-02-24","KALIMANTAN BARAT",857,312,543,2,34666,28913,5044,709
"2022-02-25","KALIMANTAN BARAT",1018,472,546,0,35684,29385,5590,709
"2022-02-26","KALIMANTAN BARAT",932,358,573,1,36616,29743,6163,710
"2022-02-27","KALIMANTAN BARAT",603,627,-26,2,37219,30370,6137,712
"2022-02-28","KALIMANTAN BARAT",203,438,-235,0,37422,30808,5902,712
"2022-03-01","KALIMANTAN BARAT",403,530,-128,1,37825,31338,5774,713
"2022-03-02","KALIMANTAN BARAT",1005,617,386,2,38830,31955,6160,715
"2022-03-03","KALIMANTAN BARAT",942,705,236,1,39772,32660,6396,716
"2022-03-04","KALIMANTAN BARAT",536,484,52,0,40308,33144,6448,716
"2022-03-05","KALIMANTAN BARAT",780,634,142,4,41088,33778,6590,720
"2022-03-06","KALIMANTAN BARAT",508,744,-242,6,41596,34522,6348,726
"2022-03-07","KALIMANTAN BARAT",296,473,-177,0,41892,34995,6171,726
"2022-03-08","KALIMANTAN BARAT",5,424,-419,0,41897,35419,5752,726
"2020-08-06","KALIMANTAN TENGAH",25,0,24,1,25,0,24,1
"2020-08-07","KALIMANTAN TENGAH",37,0,37,0,62,0,61,1
"2020-08-08","KALIMANTAN TENGAH",66,0,66,0,128,0,127,1
"2020-08-09","KALIMANTAN TENGAH",30,4,26,0,158,4,153,1
"2020-08-10","KALIMANTAN TENGAH",43,0,43,0,201,4,196,1
"2020-08-11","KALIMANTAN TENGAH",31,0,30,1,232,4,226,2
"2020-08-12","KALIMANTAN TENGAH",6,17,-11,0,238,21,215,2
"2020-08-13","KALIMANTAN TENGAH",44,8,34,2,282,29,249,4
"2020-08-14","KALIMANTAN TENGAH",20,5,14,1,302,34,263,5
"2020-08-15","KALIMANTAN TENGAH",37,0,37,0,339,34,300,5
"2020-08-16","KALIMANTAN TENGAH",0,0,0,0,339,34,300,5
"2020-08-17","KALIMANTAN TENGAH",27,15,12,0,366,49,312,5
"2020-08-18","KALIMANTAN TENGAH",43,55,-14,2,409,104,298,7
"2020-08-19","KALIMANTAN TENGAH",0,0,0,0,409,104,298,7
"2020-08-20","KALIMANTAN TENGAH",33,11,22,0,442,115,320,7
"2020-08-21","KALIMANTAN TENGAH",23,19,3,1,465,134,323,8
"2020-08-22","KALIMANTAN TENGAH",34,23,10,1,499,157,333,9
"2020-08-23","KALIMANTAN TENGAH",62,37,25,0,561,194,358,9
"2020-08-24","KALIMANTAN TENGAH",17,10,7,0,578,204,365,9
"2020-08-25","KALIMANTAN TENGAH",11,32,-22,1,589,236,343,10
"2020-08-26","KALIMANTAN TENGAH",8,29,-21,0,597,265,322,10
"2020-08-27","KALIMANTAN TENGAH",18,24,-7,1,615,289,315,11
"2020-08-28","KALIMANTAN TENGAH",0,0,0,0,615,289,315,11
"2020-08-29","KALIMANTAN TENGAH",18,21,-4,1,633,310,311,12
"2020-08-30","KALIMANTAN TENGAH",25,35,-11,1,658,345,300,13
"2020-08-31","KALIMANTAN TENGAH",41,22,19,0,699,367,319,13
"2020-09-01","KALIMANTAN TENGAH",37,20,17,0,736,387,336,13
"2020-09-02","KALIMANTAN TENGAH",0,0,0,0,736,387,336,13
"2020-09-03","KALIMANTAN TENGAH",51,52,-2,1,787,439,334,14
"2020-09-04","KALIMANTAN TENGAH",53,42,10,1,840,481,344,15
"2020-09-05","KALIMANTAN TENGAH",0,0,0,0,840,481,344,15
"2020-09-06","KALIMANTAN TENGAH",51,0,50,1,891,481,394,16
"2020-09-07","KALIMANTAN TENGAH",67,0,65,2,958,481,459,18
"2020-09-08","KALIMANTAN TENGAH",0,0,0,0,958,481,459,18
"2020-09-09","KALIMANTAN TENGAH",44,10,33,1,1002,491,492,19
"2020-09-10","KALIMANTAN TENGAH",36,30,5,1,1038,521,497,20
"2020-09-11","KALIMANTAN TENGAH",33,10,23,0,1071,531,520,20
"2020-09-12","KALIMANTAN TENGAH",46,15,30,1,1117,546,550,21
"2020-09-13","KALIMANTAN TENGAH",36,6,29,1,1153,552,579,22
"2020-09-14","KALIMANTAN TENGAH",0,0,0,0,1153,552,579,22
"2020-09-15","KALIMANTAN TENGAH",57,18,38,1,1210,570,617,23
"2020-09-16","KALIMANTAN TENGAH",64,120,-59,3,1274,690,558,26
"2020-09-17","KALIMANTAN TENGAH",0,0,0,0,1274,690,558,26
"2020-09-18","KALIMANTAN TENGAH",55,60,-6,1,1329,750,552,27
"2020-09-19","KALIMANTAN TENGAH",50,29,17,4,1379,779,569,31
"2020-09-20","KALIMANTAN TENGAH",44,13,30,1,1423,792,599,32
"2020-09-21","KALIMANTAN TENGAH",28,22,4,2,1451,814,603,34
"2020-09-22","KALIMANTAN TENGAH",0,0,0,0,1451,814,603,34
"2020-09-23","KALIMANTAN TENGAH",92,38,54,0,1543,852,657,34
"2020-09-24","KALIMANTAN TENGAH",39,18,21,0,1582,870,678,34
"2020-09-25","KALIMANTAN TENGAH",43,27,16,0,1625,897,694,34
"2020-09-26","KALIMANTAN TENGAH",0,0,0,0,1625,897,694,34
"2020-09-27","KALIMANTAN TENGAH",11,24,-13,0,1636,921,681,34
"2020-09-28","KALIMANTAN TENGAH",64,30,33,1,1700,951,714,35
"2020-09-29","KALIMANTAN TENGAH",85,4,81,0,1785,955,795,35
"2020-09-30","KALIMANTAN TENGAH",11,120,-111,2,1796,1075,684,37
"2020-10-01","KALIMANTAN TENGAH",46,15,31,0,1842,1090,715,37
"2020-10-02","KALIMANTAN TENGAH",29,21,8,0,1871,1111,723,37
"2020-10-03","KALIMANTAN TENGAH",0,82,-82,0,1871,1193,641,37
"2020-10-04","KALIMANTAN TENGAH",0,30,-31,1,1871,1223,610,38
"2020-10-05","KALIMANTAN TENGAH",28,38,-10,0,1899,1261,600,38
"2020-10-06","KALIMANTAN TENGAH",14,27,-16,3,1913,1288,584,41
"2020-10-07","KALIMANTAN TENGAH",37,35,1,1,1950,1323,585,42
"2020-10-08","KALIMANTAN TENGAH",11,50,-40,1,1961,1373,545,43
"2020-10-09","KALIMANTAN TENGAH",24,8,16,0,1985,1381,561,43
"2020-10-10","KALIMANTAN TENGAH",17,18,-3,2,2002,1399,558,45
"2020-10-11","KALIMANTAN TENGAH",34,27,7,0,2036,1426,565,45
"2020-10-12","KALIMANTAN TENGAH",26,38,-12,0,2062,1464,553,45
"2020-10-13","KALIMANTAN TENGAH",11,70,-60,1,2073,1534,493,46
"2020-10-14","KALIMANTAN TENGAH",9,31,-24,2,2082,1565,469,48
"2020-10-15","KALIMANTAN TENGAH",27,33,-6,0,2109,1598,463,48
"2020-10-16","KALIMANTAN TENGAH",31,39,-9,1,2140,1637,454,49
"2020-10-17","KALIMANTAN TENGAH",36,32,4,0,2176,1669,458,49
"2020-10-18","KALIMANTAN TENGAH",0,0,0,0,2176,1669,458,49
"2020-10-19","KALIMANTAN TENGAH",41,43,-2,0,2217,1712,456,49
"2020-10-20","KALIMANTAN TENGAH",27,77,-50,0,2244,1789,406,49
"2020-10-21","KALIMANTAN TENGAH",13,17,-4,0,2257,1806,402,49
"2020-10-22","KALIMANTAN TENGAH",0,0,0,0,2257,1806,402,49
"2020-10-23","KALIMANTAN TENGAH",0,43,-45,2,2257,1849,357,51
"2020-10-24","KALIMANTAN TENGAH",0,50,-50,0,2257,1899,307,51
"2020-10-25","KALIMANTAN TENGAH",18,23,-5,0,2275,1922,302,51
"2020-10-26","KALIMANTAN TENGAH",23,20,1,2,2298,1942,303,53
"2020-10-27","KALIMANTAN TENGAH",10,13,-3,0,2308,1955,300,53
"2020-10-28","KALIMANTAN TENGAH",4,13,-9,0,2312,1968,291,53
"2020-10-29","KALIMANTAN TENGAH",40,27,13,0,2352,1995,304,53
"2020-10-30","KALIMANTAN TENGAH",11,36,-25,0,2363,2031,279,53
"2020-10-31","KALIMANTAN TENGAH",5,24,-19,0,2368,2055,260,53
"2020-11-01","KALIMANTAN TENGAH",0,0,0,0,2368,2055,260,53
"2020-11-02","KALIMANTAN TENGAH",37,25,11,1,2405,2080,271,54
"2020-11-03","KALIMANTAN TENGAH",17,9,7,1,2422,2089,278,55
"2020-11-04","KALIMANTAN TENGAH",20,13,5,2,2442,2102,283,57
"2020-11-05","KALIMANTAN TENGAH",50,18,31,1,2492,2120,314,58
"2020-11-06","KALIMANTAN TENGAH",49,30,16,3,2541,2150,330,61
"2020-11-07","KALIMANTAN TENGAH",42,10,32,0,2583,2160,362,61
"2020-11-08","KALIMANTAN TENGAH",53,6,47,0,2636,2166,409,61
"2020-11-09","KALIMANTAN TENGAH",35,17,17,1,2671,2183,426,62
"2020-11-10","KALIMANTAN TENGAH",20,23,-5,2,2691,2206,421,64
"2020-11-11","KALIMANTAN TENGAH",45,10,35,0,2736,2216,456,64
"2020-11-12","KALIMANTAN TENGAH",89,25,63,1,2825,2241,519,65
"2020-11-13","KALIMANTAN TENGAH",89,40,47,2,2914,2281,566,67
"2020-11-14","KALIMANTAN TENGAH",36,20,15,1,2950,2301,581,68
"2020-11-15","KALIMANTAN TENGAH",50,11,39,0,3000,2312,620,68
"2020-11-16","KALIMANTAN TENGAH",0,0,0,0,3000,2312,620,68
"2020-11-17","KALIMANTAN TENGAH",65,58,5,2,3065,2370,625,70
"2020-11-18","KALIMANTAN TENGAH",45,26,18,1,3110,2396,643,71
"2020-11-19","KALIMANTAN TENGAH",20,8,7,5,3130,2404,650,76
"2020-11-20","KALIMANTAN TENGAH",65,21,43,1,3195,2425,693,77
"2020-11-21","KALIMANTAN TENGAH",58,42,15,1,3253,2467,708,78
"2020-11-22","KALIMANTAN TENGAH",131,31,97,3,3384,2498,805,81
"2020-11-23","KALIMANTAN TENGAH",85,35,47,3,3469,2533,852,84
"2020-11-24","KALIMANTAN TENGAH",51,30,21,0,3520,2563,873,84
"2020-11-25","KALIMANTAN TENGAH",58,40,18,0,3578,2603,891,84
"2020-11-26","KALIMANTAN TENGAH",49,49,-2,2,3627,2652,889,86
"2020-11-27","KALIMANTAN TENGAH",86,55,27,4,3713,2707,916,90
"2020-11-28","KALIMANTAN TENGAH",86,46,38,2,3799,2753,954,92
"2020-11-29","KALIMANTAN TENGAH",157,47,109,1,3956,2800,1063,93
"2020-11-30","KALIMANTAN TENGAH",0,0,0,0,3956,2800,1063,93
"2020-12-01","KALIMANTAN TENGAH",190,0,190,0,4146,2800,1253,93
"2020-12-02","KALIMANTAN TENGAH",0,0,0,0,4146,2800,1253,93
"2020-12-03","KALIMANTAN TENGAH",0,0,0,0,4146,2800,1253,93
"2020-12-04","KALIMANTAN TENGAH",0,0,0,0,4146,2800,1253,93
"2020-12-05","KALIMANTAN TENGAH",260,100,160,0,4406,2900,1413,93
"2020-12-06","KALIMANTAN TENGAH",0,0,0,0,4406,2900,1413,93
"2020-12-07","KALIMANTAN TENGAH",209,0,209,0,4615,2900,1622,93
"2020-12-08","KALIMANTAN TENGAH",194,0,194,0,4809,2900,1816,93
"2020-12-09","KALIMANTAN TENGAH",229,99,130,0,5038,2999,1946,93
"2020-12-10","KALIMANTAN TENGAH",205,0,205,0,5243,2999,2151,93
"2020-12-11","KALIMANTAN TENGAH",216,0,216,0,5459,2999,2367,93
"2020-12-12","KALIMANTAN TENGAH",116,0,116,0,5575,2999,2483,93
"2020-12-13","KALIMANTAN TENGAH",150,0,148,2,5725,2999,2631,95
"2020-12-14","KALIMANTAN TENGAH",73,0,73,0,5798,2999,2704,95
"2020-12-15","KALIMANTAN TENGAH",106,0,106,0,5904,2999,2810,95
"2020-12-16","KALIMANTAN TENGAH",0,0,0,0,5904,2999,2810,95
"2020-12-17","KALIMANTAN TENGAH",0,99,-99,0,5904,3098,2711,95
"2020-12-18","KALIMANTAN TENGAH",0,0,-1,1,5904,3098,2710,96
"2020-12-19","KALIMANTAN TENGAH",0,1,-3,2,5904,3099,2707,98
"2020-12-20","KALIMANTAN TENGAH",0,270,-270,0,5904,3369,2437,98
"2020-12-21","KALIMANTAN TENGAH",0,0,0,0,5904,3369,2437,98
"2020-12-22","KALIMANTAN TENGAH",0,100,-100,0,5904,3469,2337,98
"2020-12-23","KALIMANTAN TENGAH",0,0,0,0,5904,3469,2337,98
"2020-12-24","KALIMANTAN TENGAH",90,0,90,0,5994,3469,2427,98
"2020-12-25","KALIMANTAN TENGAH",88,0,88,0,6082,3469,2515,98
"2020-12-26","KALIMANTAN TENGAH",80,0,80,0,6162,3469,2595,98
"2020-12-27","KALIMANTAN TENGAH",85,275,-190,0,6247,3744,2405,98
"2020-12-28","KALIMANTAN TENGAH",43,0,43,0,6290,3744,2448,98
"2020-12-29","KALIMANTAN TENGAH",74,0,74,0,6364,3744,2522,98
"2020-12-30","KALIMANTAN TENGAH",56,113,-58,1,6420,3857,2464,99
"2020-12-31","KALIMANTAN TENGAH",68,515,-447,0,6488,4372,2017,99
"2021-01-01","KALIMANTAN TENGAH",95,200,-105,0,6583,4572,1912,99
"2021-01-02","KALIMANTAN TENGAH",59,0,59,0,6642,4572,1971,99
"2021-01-03","KALIMANTAN TENGAH",0,100,-100,0,6642,4672,1871,99
"2021-01-04","KALIMANTAN TENGAH",0,100,-100,0,6642,4772,1771,99
"2021-01-05","KALIMANTAN TENGAH",0,1,-1,0,6642,4773,1770,99
"2021-01-06","KALIMANTAN TENGAH",0,70,-70,0,6642,4843,1700,99
"2021-01-07","KALIMANTAN TENGAH",0,272,-272,0,6642,5115,1428,99
"2021-01-08","KALIMANTAN TENGAH",0,123,-123,0,6642,5238,1305,99
"2021-01-09","KALIMANTAN TENGAH",0,100,-100,0,6642,5338,1205,99
"2021-01-10","KALIMANTAN TENGAH",0,200,-200,0,6642,5538,1005,99
"2021-01-11","KALIMANTAN TENGAH",0,6,-6,0,6642,5544,999,99
"2021-01-12","KALIMANTAN TENGAH",0,243,-243,0,6642,5787,756,99
"2021-01-13","KALIMANTAN TENGAH",74,0,74,0,6716,5787,830,99
"2021-01-14","KALIMANTAN TENGAH",71,0,71,0,6787,5787,901,99
"2021-01-15","KALIMANTAN TENGAH",84,100,-16,0,6871,5887,885,99
"2021-01-16","KALIMANTAN TENGAH",97,100,-3,0,6968,5987,882,99
"2021-01-17","KALIMANTAN TENGAH",95,0,95,0,7063,5987,977,99
"2021-01-18","KALIMANTAN TENGAH",40,98,-58,0,7103,6085,919,99
"2021-01-19","KALIMANTAN TENGAH",0,100,-100,0,7103,6185,819,99
"2021-01-20","KALIMANTAN TENGAH",0,0,-1,1,7103,6185,818,100
"2021-01-21","KALIMANTAN TENGAH",0,0,0,0,7103,6185,818,100
"2021-01-22","KALIMANTAN TENGAH",0,0,-1,1,7103,6185,817,101
"2021-01-23","KALIMANTAN TENGAH",0,100,-100,0,7103,6285,717,101
"2021-01-24","KALIMANTAN TENGAH",0,58,-58,0,7103,6343,659,101
"2021-01-25","KALIMANTAN TENGAH",0,26,-26,0,7103,6369,633,101
"2021-01-26","KALIMANTAN TENGAH",0,137,-137,0,7103,6506,496,101
"2021-01-27","KALIMANTAN TENGAH",0,6,-7,1,7103,6512,489,102
"2021-01-28","KALIMANTAN TENGAH",0,0,0,0,7103,6512,489,102
"2021-01-29","KALIMANTAN TENGAH",0,0,-2,2,7103,6512,487,104
"2021-01-30","KALIMANTAN TENGAH",0,34,-34,0,7103,6546,453,104
"2021-01-31","KALIMANTAN TENGAH",0,1,-1,0,7103,6547,452,104
"2021-02-01","KALIMANTAN TENGAH",0,0,0,0,7103,6547,452,104
"2021-02-02","KALIMANTAN TENGAH",98,0,98,0,7201,6547,550,104
"2021-02-03","KALIMANTAN TENGAH",19,1,-75,93,7220,6548,475,197
"2021-02-04","KALIMANTAN TENGAH",50,79,-29,0,7270,6627,446,197
"2021-02-05","KALIMANTAN TENGAH",80,101,-21,0,7350,6728,425,197
"2021-02-06","KALIMANTAN TENGAH",67,130,-63,0,7417,6858,362,197
"2021-02-07","KALIMANTAN TENGAH",61,4,57,0,7478,6862,419,197
"2021-02-08","KALIMANTAN TENGAH",0,4,-4,0,7478,6866,415,197
"2021-02-09","KALIMANTAN TENGAH",0,0,0,0,7478,6866,415,197
"2021-02-10","KALIMANTAN TENGAH",0,0,0,0,7478,6866,415,197
"2021-02-11","KALIMANTAN TENGAH",0,0,0,0,7478,6866,415,197
"2021-02-12","KALIMANTAN TENGAH",0,0,0,0,7478,6866,415,197
"2021-02-13","KALIMANTAN TENGAH",0,6,-6,0,7478,6872,409,197
"2021-02-14","KALIMANTAN TENGAH",0,3,-3,0,7478,6875,406,197
"2021-02-15","KALIMANTAN TENGAH",0,0,0,0,7478,6875,406,197
"2021-02-16","KALIMANTAN TENGAH",0,1,-1,0,7478,6876,405,197
"2021-02-17","KALIMANTAN TENGAH",0,1,-1,0,7478,6877,404,197
"2021-02-18","KALIMANTAN TENGAH",0,0,0,0,7478,6877,404,197
"2021-02-19","KALIMANTAN TENGAH",0,0,0,0,7478,6877,404,197
"2021-02-20","KALIMANTAN TENGAH",0,26,-26,0,7478,6903,378,197
"2021-02-21","KALIMANTAN TENGAH",0,25,-25,0,7478,6928,353,197
"2021-02-22","KALIMANTAN TENGAH",64,144,-81,1,7542,7072,272,198
"2021-02-23","KALIMANTAN TENGAH",75,86,-11,0,7617,7158,261,198
"2021-02-24","KALIMANTAN TENGAH",62,67,-7,2,7679,7225,254,200
"2021-02-25","KALIMANTAN TENGAH",52,32,19,1,7731,7257,273,201
"2021-02-26","KALIMANTAN TENGAH",112,0,112,0,7843,7257,385,201
"2021-02-27","KALIMANTAN TENGAH",97,3,93,1,7940,7260,478,202
"2021-02-28","KALIMANTAN TENGAH",74,1,73,0,8014,7261,551,202
"2021-03-01","KALIMANTAN TENGAH",73,5,65,3,8087,7266,616,205
"2021-03-02","KALIMANTAN TENGAH",0,40,-40,0,8087,7306,576,205
"2021-03-03","KALIMANTAN TENGAH",0,1,-1,0,8087,7307,575,205
"2021-03-04","KALIMANTAN TENGAH",0,9,-9,0,8087,7316,566,205
"2021-03-05","KALIMANTAN TENGAH",0,16,-16,0,8087,7332,550,205
"2021-03-06","KALIMANTAN TENGAH",0,54,-54,0,8087,7386,496,205
"2021-03-07","KALIMANTAN TENGAH",0,5,-5,0,8087,7391,491,205
"2021-03-08","KALIMANTAN TENGAH",0,12,-12,0,8087,7403,479,205
"2021-03-09","KALIMANTAN TENGAH",0,35,-35,0,8087,7438,444,205
"2021-03-10","KALIMANTAN TENGAH",0,0,0,0,8087,7438,444,205
"2021-03-11","KALIMANTAN TENGAH",0,16,-17,1,8087,7454,427,206
"2021-03-12","KALIMANTAN TENGAH",0,32,-32,0,8087,7486,395,206
"2021-03-13","KALIMANTAN TENGAH",0,9,-9,0,8087,7495,386,206
"2021-03-14","KALIMANTAN TENGAH",125,0,121,4,8212,7495,507,210
"2021-03-15","KALIMANTAN TENGAH",125,22,101,2,8337,7517,608,212
"2021-03-16","KALIMANTAN TENGAH",83,3,79,1,8420,7520,687,213
"2021-03-17","KALIMANTAN TENGAH",153,14,139,0,8573,7534,826,213
"2021-03-18","KALIMANTAN TENGAH",76,36,39,1,8649,7570,865,214
"2021-03-19","KALIMANTAN TENGAH",113,36,76,1,8762,7606,941,215
"2021-03-20","KALIMANTAN TENGAH",88,4,83,1,8850,7610,1024,216
"2021-03-21","KALIMANTAN TENGAH",201,2,199,0,9051,7612,1223,216
"2021-03-22","KALIMANTAN TENGAH",87,51,30,6,9138,7663,1253,222
"2021-03-23","KALIMANTAN TENGAH",148,21,127,0,9286,7684,1380,222
"2021-03-24","KALIMANTAN TENGAH",161,30,131,0,9447,7714,1511,222
"2021-03-25","KALIMANTAN TENGAH",0,16,-16,0,9447,7730,1495,222
"2021-03-26","KALIMANTAN TENGAH",0,57,-57,0,9447,7787,1438,222
"2021-03-27","KALIMANTAN TENGAH",0,42,-42,0,9447,7829,1396,222
"2021-03-28","KALIMANTAN TENGAH",0,32,-32,0,9447,7861,1364,222
"2021-03-29","KALIMANTAN TENGAH",0,26,-26,0,9447,7887,1338,222
"2021-03-30","KALIMANTAN TENGAH",0,49,-49,0,9447,7936,1289,222
"2021-03-31","KALIMANTAN TENGAH",0,9,-9,0,9447,7945,1280,222
"2021-04-01","KALIMANTAN TENGAH",0,56,-56,0,9447,8001,1224,222
"2021-04-02","KALIMANTAN TENGAH",0,47,-47,0,9447,8048,1177,222
"2021-04-03","KALIMANTAN TENGAH",90,24,65,1,9537,8072,1242,223
"2021-04-04","KALIMANTAN TENGAH",92,15,76,1,9629,8087,1318,224
"2021-04-05","KALIMANTAN TENGAH",106,82,23,1,9735,8169,1341,225
"2021-04-06","KALIMANTAN TENGAH",70,27,43,0,9805,8196,1384,225
"2021-04-07","KALIMANTAN TENGAH",81,52,28,1,9886,8248,1412,226
"2021-04-08","KALIMANTAN TENGAH",64,0,63,1,9950,8248,1475,227
"2021-04-09","KALIMANTAN TENGAH",111,6,103,2,10061,8254,1578,229
"2021-04-10","KALIMANTAN TENGAH",114,16,94,4,10175,8270,1672,233
"2021-04-11","KALIMANTAN TENGAH",143,70,73,0,10318,8340,1745,233
"2021-04-12","KALIMANTAN TENGAH",76,67,8,1,10394,8407,1753,234
"2021-04-13","KALIMANTAN TENGAH",107,55,52,0,10501,8462,1805,234
"2021-04-14","KALIMANTAN TENGAH",82,427,-355,10,10583,8889,1450,244
"2021-04-15","KALIMANTAN TENGAH",0,23,-24,1,10583,8912,1426,245
"2021-04-16","KALIMANTAN TENGAH",0,48,-49,1,10583,8960,1377,246
"2021-04-17","KALIMANTAN TENGAH",0,10,-14,4,10583,8970,1363,250
"2021-04-18","KALIMANTAN TENGAH",0,10,-11,1,10583,8980,1352,251
"2021-04-19","KALIMANTAN TENGAH",0,139,-139,0,10583,9119,1213,251
"2021-04-20","KALIMANTAN TENGAH",0,21,-21,0,10583,9140,1192,251
"2021-04-21","KALIMANTAN TENGAH",0,22,-23,1,10583,9162,1169,252
"2021-04-22","KALIMANTAN TENGAH",0,2,-2,0,10583,9164,1167,252
"2021-04-23","KALIMANTAN TENGAH",85,49,36,0,10668,9213,1203,252
"2021-04-24","KALIMANTAN TENGAH",119,40,77,2,10787,9253,1280,254
"2021-04-25","KALIMANTAN TENGAH",81,6,75,0,10868,9259,1355,254
"2021-04-26","KALIMANTAN TENGAH",97,26,70,1,10965,9285,1425,255
"2021-04-27","KALIMANTAN TENGAH",57,6,51,0,11022,9291,1476,255
"2021-04-28","KALIMANTAN TENGAH",118,53,64,1,11140,9344,1540,256
"2021-04-29","KALIMANTAN TENGAH",62,45,13,4,11202,9389,1553,260
"2021-04-30","KALIMANTAN TENGAH",111,7,103,1,11313,9396,1656,261
"2021-05-01","KALIMANTAN TENGAH",108,1,106,1,11421,9397,1762,262
"2021-05-02","KALIMANTAN TENGAH",49,4,44,1,11470,9401,1806,263
"2021-05-03","KALIMANTAN TENGAH",74,66,8,0,11544,9467,1814,263
"2021-05-04","KALIMANTAN TENGAH",101,227,-126,0,11645,9694,1688,263
"2021-05-05","KALIMANTAN TENGAH",0,221,-222,1,11645,9915,1466,264
"2021-05-06","KALIMANTAN TENGAH",0,18,-18,0,11645,9933,1448,264
"2021-05-07","KALIMANTAN TENGAH",0,31,-31,0,11645,9964,1417,264
"2021-05-08","KALIMANTAN TENGAH",0,39,-40,1,11645,10003,1377,265
"2021-05-09","KALIMANTAN TENGAH",0,19,-19,0,11645,10022,1358,265
"2021-05-10","KALIMANTAN TENGAH",0,42,-45,3,11645,10064,1313,268
"2021-05-11","KALIMANTAN TENGAH",0,50,-56,6,11645,10114,1257,274
"2021-05-12","KALIMANTAN TENGAH",0,37,-37,0,11645,10151,1220,274
"2021-05-13","KALIMANTAN TENGAH",59,2,57,0,11704,10153,1277,274
"2021-05-14","KALIMANTAN TENGAH",55,2,53,0,11759,10155,1330,274
"2021-05-15","KALIMANTAN TENGAH",27,84,-63,6,11786,10239,1267,280
"2021-05-16","KALIMANTAN TENGAH",46,27,19,0,11832,10266,1286,280
"2021-05-17","KALIMANTAN TENGAH",57,143,-92,6,11889,10409,1194,286
"2021-05-18","KALIMANTAN TENGAH",83,31,52,0,11972,10440,1246,286
"2021-05-19","KALIMANTAN TENGAH",82,3,79,0,12054,10443,1325,286
"2021-05-20","KALIMANTAN TENGAH",94,55,39,0,12148,10498,1364,286
"2021-05-21","KALIMANTAN TENGAH",92,49,40,3,12240,10547,1404,289
"2021-05-22","KALIMANTAN TENGAH",96,10,86,0,12336,10557,1490,289
"2021-05-23","KALIMANTAN TENGAH",96,0,96,0,12432,10557,1586,289
"2021-05-24","KALIMANTAN TENGAH",68,31,35,2,12500,10588,1621,291
"2021-05-25","KALIMANTAN TENGAH",71,24,47,0,12571,10612,1668,291
"2021-05-26","KALIMANTAN TENGAH",91,43,47,1,12662,10655,1715,292
"2021-05-27","KALIMANTAN TENGAH",0,17,-20,3,12662,10672,1695,295
"2021-05-28","KALIMANTAN TENGAH",0,3,-4,1,12662,10675,1691,296
"2021-05-29","KALIMANTAN TENGAH",0,5,-5,0,12662,10680,1686,296
"2021-05-30","KALIMANTAN TENGAH",0,22,-22,0,12662,10702,1664,296
"2021-05-31","KALIMANTAN TENGAH",0,45,-45,0,12662,10747,1619,296
"2021-06-01","KALIMANTAN TENGAH",0,10,-10,0,12662,10757,1609,296
"2021-06-02","KALIMANTAN TENGAH",81,118,-38,1,12743,10875,1571,297
"2021-06-03","KALIMANTAN TENGAH",128,66,57,5,12871,10941,1628,302
"2021-06-04","KALIMANTAN TENGAH",119,30,88,1,12990,10971,1716,303
"2021-06-05","KALIMANTAN TENGAH",90,9,80,1,13080,10980,1796,304
"2021-06-06","KALIMANTAN TENGAH",45,8,36,1,13125,10988,1832,305
"2021-06-07","KALIMANTAN TENGAH",90,16,74,0,13215,11004,1906,305
"2021-06-08","KALIMANTAN TENGAH",127,54,73,0,13342,11058,1979,305
"2021-06-09","KALIMANTAN TENGAH",67,100,-35,2,13409,11158,1944,307
"2021-06-10","KALIMANTAN TENGAH",106,8,98,0,13515,11166,2042,307
"2021-06-11","KALIMANTAN TENGAH",0,13,-15,2,13515,11179,2027,309
"2021-06-12","KALIMANTAN TENGAH",0,6,-7,1,13515,11185,2020,310
"2021-06-13","KALIMANTAN TENGAH",0,0,0,0,13515,11185,2020,310
"2021-06-14","KALIMANTAN TENGAH",0,130,-130,0,13515,11315,1890,310
"2021-06-15","KALIMANTAN TENGAH",0,37,-37,0,13515,11352,1853,310
"2021-06-16","KALIMANTAN TENGAH",0,13,-14,1,13515,11365,1839,311
"2021-06-17","KALIMANTAN TENGAH",0,12,-12,0,13515,11377,1827,311
"2021-06-18","KALIMANTAN TENGAH",0,58,-58,0,13515,11435,1769,311
"2021-06-19","KALIMANTAN TENGAH",0,23,-23,0,13515,11458,1746,311
"2021-06-20","KALIMANTAN TENGAH",0,5,-6,1,13515,11463,1740,312
"2021-06-21","KALIMANTAN TENGAH",0,31,-31,0,13515,11494,1709,312
"2021-06-22","KALIMANTAN TENGAH",135,13,122,0,13650,11507,1831,312
"2021-06-23","KALIMANTAN TENGAH",96,1,95,0,13746,11508,1926,312
"2021-06-24","KALIMANTAN TENGAH",172,0,171,1,13918,11508,2097,313
"2021-06-25","KALIMANTAN TENGAH",129,16,106,7,14047,11524,2203,320
"2021-06-26","KALIMANTAN TENGAH",0,3,-3,0,14047,11527,2200,320
"2021-06-27","KALIMANTAN TENGAH",0,9,-10,1,14047,11536,2190,321
"2021-06-28","KALIMANTAN TENGAH",0,51,-52,1,14047,11587,2138,322
"2021-06-29","KALIMANTAN TENGAH",0,2,-2,0,14047,11589,2136,322
"2021-06-30","KALIMANTAN TENGAH",0,1,-1,0,14047,11590,2135,322
"2021-07-01","KALIMANTAN TENGAH",0,27,-27,0,14047,11617,2108,322
"2021-07-02","KALIMANTAN TENGAH",0,12,-12,0,14047,11629,2096,322
"2021-07-03","KALIMANTAN TENGAH",0,14,-14,0,14047,11643,2082,322
"2021-07-04","KALIMANTAN TENGAH",240,50,190,0,14287,11693,2272,322
"2021-07-05","KALIMANTAN TENGAH",139,40,98,1,14426,11733,2370,323
"2021-07-06","KALIMANTAN TENGAH",198,6,192,0,14624,11739,2562,323
"2021-07-07","KALIMANTAN TENGAH",286,32,253,1,14910,11771,2815,324
"2021-07-08","KALIMANTAN TENGAH",250,7,240,3,15160,11778,3055,327
"2021-07-09","KALIMANTAN TENGAH",216,116,100,0,15376,11894,3155,327
"2021-07-10","KALIMANTAN TENGAH",232,64,168,0,15608,11958,3323,327
"2021-07-11","KALIMANTAN TENGAH",261,2,256,3,15869,11960,3579,330
"2021-07-12","KALIMANTAN TENGAH",289,62,226,1,16158,12022,3805,331
"2021-07-13","KALIMANTAN TENGAH",120,8,106,6,16278,12030,3911,337
"2021-07-14","KALIMANTAN TENGAH",17,61,-46,2,16295,12091,3865,339
"2021-07-15","KALIMANTAN TENGAH",47,10,37,0,16342,12101,3902,339
"2021-07-16","KALIMANTAN TENGAH",59,43,16,0,16401,12144,3918,339
"2021-07-17","KALIMANTAN TENGAH",170,1,169,0,16571,12145,4087,339
"2021-07-18","KALIMANTAN TENGAH",300,78,214,8,16871,12223,4301,347
"2021-07-19","KALIMANTAN TENGAH",120,48,71,1,16991,12271,4372,348
"2021-07-20","KALIMANTAN TENGAH",342,301,41,0,17333,12572,4413,348
"2021-07-21","KALIMANTAN TENGAH",234,95,128,11,17567,12667,4541,359
"2021-07-22","KALIMANTAN TENGAH",321,179,137,5,17888,12846,4678,364
"2021-07-23","KALIMANTAN TENGAH",325,265,52,8,18213,13111,4730,372
"2021-07-24","KALIMANTAN TENGAH",343,226,102,15,18556,13337,4832,387
"2021-07-25","KALIMANTAN TENGAH",415,144,269,2,18971,13481,5101,389
"2021-07-26","KALIMANTAN TENGAH",387,319,67,1,19358,13800,5168,390
"2021-07-27","KALIMANTAN TENGAH",234,249,-27,12,19592,14049,5141,402
"2021-07-28","KALIMANTAN TENGAH",383,326,33,24,19975,14375,5174,426
"2021-07-29","KALIMANTAN TENGAH",332,303,-3,32,20307,14678,5171,458
"2021-07-30","KALIMANTAN TENGAH",230,319,-158,69,20537,14997,5013,527
"2021-07-31","KALIMANTAN TENGAH",431,1288,-901,44,20968,16285,4112,571
"2021-08-01","KALIMANTAN TENGAH",300,228,61,11,21268,16513,4173,582
"2021-08-02","KALIMANTAN TENGAH",269,310,-43,2,21537,16823,4130,584
"2021-08-03","KALIMANTAN TENGAH",143,253,-124,14,21680,17076,4006,598
"2021-08-04","KALIMANTAN TENGAH",62,356,-305,11,21742,17432,3701,609
"2021-08-05","KALIMANTAN TENGAH",78,139,-67,6,21820,17571,3634,615
"2021-08-06","KALIMANTAN TENGAH",72,94,-24,2,21892,17665,3610,617
"2021-08-07","KALIMANTAN TENGAH",90,91,-5,4,21982,17756,3605,621
"2021-08-08","KALIMANTAN TENGAH",63,304,-290,49,22045,18060,3315,670
"2021-08-09","KALIMANTAN TENGAH",254,396,-157,15,22299,18456,3158,685
"2021-08-10","KALIMANTAN TENGAH",334,469,-158,23,22633,18925,3000,708
"2021-08-11","KALIMANTAN TENGAH",301,182,109,10,22934,19107,3109,718
"2021-08-12","KALIMANTAN TENGAH",293,208,77,8,23227,19315,3186,726
"2021-08-13","KALIMANTAN TENGAH",436,213,210,13,23663,19528,3396,739
"2021-08-14","KALIMANTAN TENGAH",340,216,113,11,24003,19744,3509,750
"2021-08-15","KALIMANTAN TENGAH",431,264,154,13,24434,20008,3663,763
"2021-08-16","KALIMANTAN TENGAH",428,270,148,10,24862,20278,3811,773
"2021-08-17","KALIMANTAN TENGAH",293,196,90,7,25155,20474,3901,780
"2021-08-18","KALIMANTAN TENGAH",197,125,64,8,25352,20599,3965,788
"2021-08-19","KALIMANTAN TENGAH",238,131,102,5,25590,20730,4067,793
"2021-08-20","KALIMANTAN TENGAH",207,180,21,6,25797,20910,4088,799
"2021-08-21","KALIMANTAN TENGAH",140,221,-85,4,25937,21131,4003,803
"2021-08-22","KALIMANTAN TENGAH",252,164,83,5,26189,21295,4086,808
"2021-08-23","KALIMANTAN TENGAH",79,412,-349,16,26268,21707,3737,824
"2021-08-24","KALIMANTAN TENGAH",33,125,-98,6,26301,21832,3639,830
"2021-08-25","KALIMANTAN TENGAH",38,226,-190,2,26339,22058,3449,832
"2021-08-26","KALIMANTAN TENGAH",42,285,-246,3,26381,22343,3203,835
"2021-08-27","KALIMANTAN TENGAH",47,129,-85,3,26428,22472,3118,838
"2021-08-28","KALIMANTAN TENGAH",47,310,-270,7,26475,22782,2848,845
"2021-08-29","KALIMANTAN TENGAH",36,187,-152,1,26511,22969,2696,846
"2021-08-30","KALIMANTAN TENGAH",32,86,-54,0,26543,23055,2642,846
"2021-08-31","KALIMANTAN TENGAH",39,114,-76,1,26582,23169,2566,847
"2021-09-01","KALIMANTAN TENGAH",87,86,0,1,26669,23255,2566,848
"2021-09-02","KALIMANTAN TENGAH",102,105,-16,13,26771,23360,2550,861
"2021-09-03","KALIMANTAN TENGAH",92,72,19,1,26863,23432,2569,862
"2021-09-04","KALIMANTAN TENGAH",81,124,-45,2,26944,23556,2524,864
"2021-09-05","KALIMANTAN TENGAH",90,61,25,4,27034,23617,2549,868
"2021-09-06","KALIMANTAN TENGAH",67,86,-24,5,27101,23703,2525,873
"2021-09-07","KALIMANTAN TENGAH",100,126,-28,2,27201,23829,2497,875
"2021-09-08","KALIMANTAN TENGAH",56,58,-4,2,27257,23887,2493,877
"2021-09-09","KALIMANTAN TENGAH",112,228,-121,5,27369,24115,2372,882
"2021-09-10","KALIMANTAN TENGAH",77,74,3,0,27446,24189,2375,882
"2021-09-11","KALIMANTAN TENGAH",70,62,6,2,27516,24251,2381,884
"2021-09-12","KALIMANTAN TENGAH",37,59,-24,2,27553,24310,2357,886
"2021-09-13","KALIMANTAN TENGAH",39,53,-15,1,27592,24363,2342,887
"2021-09-14","KALIMANTAN TENGAH",77,78,-4,3,27669,24441,2338,890
"2021-09-15","KALIMANTAN TENGAH",48,38,7,3,27717,24479,2345,893
"2021-09-16","KALIMANTAN TENGAH",31,93,-64,2,27748,24572,2281,895
"2021-09-17","KALIMANTAN TENGAH",53,589,-544,8,27801,25161,1737,903
"2021-09-18","KALIMANTAN TENGAH",40,151,-114,3,27841,25312,1623,906
"2021-09-19","KALIMANTAN TENGAH",35,157,-125,3,27876,25469,1498,909
"2021-09-20","KALIMANTAN TENGAH",30,164,-136,2,27906,25633,1362,911
"2021-09-21","KALIMANTAN TENGAH",35,89,-55,1,27941,25722,1307,912
"2021-09-22","KALIMANTAN TENGAH",42,81,-39,0,27983,25803,1268,912
"2021-09-23","KALIMANTAN TENGAH",33,68,-35,0,28016,25871,1233,912
"2021-09-24","KALIMANTAN TENGAH",47,70,-24,1,28063,25941,1209,913
"2021-09-25","KALIMANTAN TENGAH",18,39,-24,3,28081,25980,1185,916
"2021-09-26","KALIMANTAN TENGAH",10,46,-37,1,28091,26026,1148,917
"2021-09-27","KALIMANTAN TENGAH",3,47,-45,1,28094,26073,1103,918
"2021-09-28","KALIMANTAN TENGAH",7,45,-38,0,28101,26118,1065,918
"2021-09-29","KALIMANTAN TENGAH",8,38,-30,0,28109,26156,1035,918
"2021-09-30","KALIMANTAN TENGAH",15,28,-13,0,28124,26184,1022,918
"2021-10-01","KALIMANTAN TENGAH",11,38,-29,2,28135,26222,993,920
"2021-10-02","KALIMANTAN TENGAH",8,37,-30,1,28143,26259,963,921
"2021-10-03","KALIMANTAN TENGAH",24,14,9,1,28167,26273,972,922
"2021-10-04","KALIMANTAN TENGAH",18,29,-11,0,28185,26302,961,922
"2021-10-05","KALIMANTAN TENGAH",14,55,-45,4,28199,26357,916,926
"2021-10-06","KALIMANTAN TENGAH",20,30,-10,0,28219,26387,906,926
"2021-10-07","KALIMANTAN TENGAH",16,25,-12,3,28235,26412,894,929
"2021-10-08","KALIMANTAN TENGAH",15,24,-10,1,28250,26436,884,930
"2021-10-09","KALIMANTAN TENGAH",11,7,3,1,28261,26443,887,931
"2021-10-10","KALIMANTAN TENGAH",15,164,-149,0,28276,26607,738,931
"2021-10-11","KALIMANTAN TENGAH",7,306,-299,0,28283,26913,439,931
"2021-10-12","KALIMANTAN TENGAH",12,63,-52,1,28295,26976,387,932
"2021-10-13","KALIMANTAN TENGAH",5,102,-98,1,28300,27078,289,933
"2021-10-14","KALIMANTAN TENGAH",4,96,-92,0,28304,27174,197,933
"2021-10-15","KALIMANTAN TENGAH",10,66,-58,2,28314,27240,139,935
"2021-10-16","KALIMANTAN TENGAH",13,27,-14,0,28327,27267,125,935
"2021-10-17","KALIMANTAN TENGAH",25,23,2,0,28352,27290,127,935
"2021-10-18","KALIMANTAN TENGAH",13,22,-9,0,28365,27312,118,935
"2021-10-19","KALIMANTAN TENGAH",13,16,-3,0,28378,27328,115,935
"2021-10-20","KALIMANTAN TENGAH",13,15,-3,1,28391,27343,112,936
"2021-10-21","KALIMANTAN TENGAH",7,14,-7,0,28398,27357,105,936
"2021-10-22","KALIMANTAN TENGAH",4,5,-1,0,28402,27362,104,936
"2021-10-23","KALIMANTAN TENGAH",13,5,8,0,28415,27367,112,936
"2021-10-24","KALIMANTAN TENGAH",11,7,4,0,28426,27374,116,936
"2021-10-25","KALIMANTAN TENGAH",3,20,-17,0,28429,27394,99,936
"2021-10-26","KALIMANTAN TENGAH",5,19,-14,0,28434,27413,85,936
"2021-10-27","KALIMANTAN TENGAH",2,10,-10,2,28436,27423,75,938
"2021-10-28","KALIMANTAN TENGAH",8,6,2,0,28444,27429,77,938
"2021-10-29","KALIMANTAN TENGAH",4,15,-11,0,28448,27444,66,938
"2021-10-30","KALIMANTAN TENGAH",9,12,-3,0,28457,27456,63,938
"2021-10-31","KALIMANTAN TENGAH",2,3,-2,1,28459,27459,61,939
"2021-11-01","KALIMANTAN TENGAH",3,9,-6,0,28462,27468,55,939
"2021-11-02","KALIMANTAN TENGAH",3,8,-5,0,28465,27476,50,939
"2021-11-03","KALIMANTAN TENGAH",3,4,-2,1,28468,27480,48,940
"2021-11-04","KALIMANTAN TENGAH",4,4,0,0,28472,27484,48,940
"2021-11-05","KALIMANTAN TENGAH",1,0,1,0,28473,27484,49,940
"2021-11-06","KALIMANTAN TENGAH",1,4,-3,0,28474,27488,46,940
"2021-11-07","KALIMANTAN TENGAH",6,9,-3,0,28480,27497,43,940
"2021-11-08","KALIMANTAN TENGAH",2,5,-3,0,28482,27502,40,940
"2021-11-09","KALIMANTAN TENGAH",1,3,-2,0,28483,27505,38,940
"2021-11-10","KALIMANTAN TENGAH",2,1,1,0,28485,27506,39,940
"2021-11-11","KALIMANTAN TENGAH",2,4,-2,0,28487,27510,37,940
"2021-11-12","KALIMANTAN TENGAH",6,4,2,0,28493,27514,39,940
"2021-11-13","KALIMANTAN TENGAH",2,2,-1,1,28495,27516,38,941
"2021-11-14","KALIMANTAN TENGAH",3,2,1,0,28498,27518,39,941
"2021-11-15","KALIMANTAN TENGAH",5,7,-3,1,28503,27525,36,942
"2021-11-16","KALIMANTAN TENGAH",5,5,0,0,28508,27530,36,942
"2021-11-17","KALIMANTAN TENGAH",1,1,0,0,28509,27531,36,942
"2021-11-18","KALIMANTAN TENGAH",3,3,0,0,28512,27534,36,942
"2021-11-19","KALIMANTAN TENGAH",2,1,1,0,28514,27535,37,942
"2021-11-20","KALIMANTAN TENGAH",5,3,2,0,28519,27538,39,942
"2021-11-21","KALIMANTAN TENGAH",1,3,-3,1,28520,27541,36,943
"2021-11-22","KALIMANTAN TENGAH",1,1,0,0,28521,27542,36,943
"2021-11-23","KALIMANTAN TENGAH",4,2,2,0,28525,27544,38,943
"2021-11-24","KALIMANTAN TENGAH",2,4,-2,0,28527,27548,36,943
"2021-11-25","KALIMANTAN TENGAH",4,1,2,1,28531,27549,38,944
"2021-11-26","KALIMANTAN TENGAH",0,2,-2,0,28531,27551,36,944
"2021-11-27","KALIMANTAN TENGAH",0,0,0,0,28531,27551,36,944
"2021-11-28","KALIMANTAN TENGAH",3,1,2,0,28534,27552,38,944
"2021-11-29","KALIMANTAN TENGAH",1,0,1,0,28535,27552,39,944
"2021-11-30","KALIMANTAN TENGAH",0,3,-3,0,28535,27555,36,944
"2021-12-01","KALIMANTAN TENGAH",1,1,0,0,28536,27556,36,944
"2021-12-02","KALIMANTAN TENGAH",4,3,1,0,28540,27559,37,944
"2021-12-03","KALIMANTAN TENGAH",0,2,-2,0,28540,27561,35,944
"2021-12-04","KALIMANTAN TENGAH",2,2,0,0,28542,27563,35,944
"2021-12-05","KALIMANTAN TENGAH",2,0,2,0,28544,27563,37,944
"2021-12-06","KALIMANTAN TENGAH",4,2,2,0,28548,27565,39,944
"2021-12-07","KALIMANTAN TENGAH",1,6,-5,0,28549,27571,34,944
"2021-12-08","KALIMANTAN TENGAH",0,0,0,0,28549,27571,34,944
"2021-12-09","KALIMANTAN TENGAH",1,1,0,0,28550,27572,34,944
"2021-12-10","KALIMANTAN TENGAH",4,3,1,0,28554,27575,35,944
"2021-12-11","KALIMANTAN TENGAH",3,0,3,0,28557,27575,38,944
"2021-12-12","KALIMANTAN TENGAH",0,1,-1,0,28557,27576,37,944
"2021-12-13","KALIMANTAN TENGAH",0,0,0,0,28557,27576,37,944
"2021-12-14","KALIMANTAN TENGAH",2,0,1,1,28559,27576,38,945
"2021-12-15","KALIMANTAN TENGAH",1,5,-5,1,28560,27581,33,946
"2021-12-16","KALIMANTAN TENGAH",1,1,0,0,28561,27582,33,946
"2021-12-17","KALIMANTAN TENGAH",2,0,2,0,28563,27582,35,946
"2021-12-18","KALIMANTAN TENGAH",1,1,0,0,28564,27583,35,946
"2021-12-19","KALIMANTAN TENGAH",0,1,-1,0,28564,27584,34,946
"2021-12-20","KALIMANTAN TENGAH",0,0,0,0,28564,27584,34,946
"2021-12-21","KALIMANTAN TENGAH",0,1,-1,0,28564,27585,33,946
"2021-12-22","KALIMANTAN TENGAH",1,1,0,0,28565,27586,33,946
"2021-12-23","KALIMANTAN TENGAH",0,1,-1,0,28565,27587,32,946
"2021-12-24","KALIMANTAN TENGAH",0,0,0,0,28565,27587,32,946
"2021-12-25","KALIMANTAN TENGAH",0,0,0,0,28565,27587,32,946
"2021-12-26","KALIMANTAN TENGAH",1,0,1,0,28566,27587,33,946
"2021-12-27","KALIMANTAN TENGAH",2,1,1,0,28568,27588,34,946
"2021-12-28","KALIMANTAN TENGAH",3,1,2,0,28571,27589,36,946
"2021-12-29","KALIMANTAN TENGAH",0,0,0,0,28571,27589,36,946
"2021-12-30","KALIMANTAN TENGAH",2,1,1,0,28573,27590,37,946
"2021-12-31","KALIMANTAN TENGAH",1,3,-2,0,28574,27593,35,946
"2022-01-01","KALIMANTAN TENGAH",1,0,1,0,28575,27593,36,946
"2022-01-02","KALIMANTAN TENGAH",0,1,-1,0,28575,27594,35,946
"2022-01-03","KALIMANTAN TENGAH",0,2,-2,0,28575,27596,33,946
"2022-01-04","KALIMANTAN TENGAH",4,1,3,0,28579,27597,36,946
"2022-01-05","KALIMANTAN TENGAH",3,3,0,0,28582,27600,36,946
"2022-01-06","KALIMANTAN TENGAH",1,0,1,0,28583,27600,37,946
"2022-01-07","KALIMANTAN TENGAH",1,2,-2,1,28584,27602,35,947
"2022-01-08","KALIMANTAN TENGAH",0,1,-1,0,28584,27603,34,947
"2022-01-09","KALIMANTAN TENGAH",2,0,2,0,28586,27603,36,947
"2022-01-10","KALIMANTAN TENGAH",1,1,-1,1,28587,27604,35,948
"2022-01-11","KALIMANTAN TENGAH",0,1,-1,0,28587,27605,34,948
"2022-01-12","KALIMANTAN TENGAH",0,1,-1,0,28587,27606,33,948
"2022-01-13","KALIMANTAN TENGAH",0,1,-1,0,28587,27607,32,948
"2022-01-14","KALIMANTAN TENGAH",1,3,-2,0,28588,27610,30,948
"2022-01-15","KALIMANTAN TENGAH",1,1,0,0,28589,27611,30,948
"2022-01-16","KALIMANTAN TENGAH",1,2,-1,0,28590,27613,29,948
"2022-01-17","KALIMANTAN TENGAH",1,1,0,0,28591,27614,29,948
"2022-01-18","KALIMANTAN TENGAH",1,3,-2,0,28592,27617,27,948
"2022-01-19","KALIMANTAN TENGAH",0,0,0,0,28592,27617,27,948
"2022-01-20","KALIMANTAN TENGAH",0,1,-1,0,28592,27618,26,948
"2022-01-21","KALIMANTAN TENGAH",4,0,4,0,28596,27618,30,948
"2022-01-22","KALIMANTAN TENGAH",1,0,1,0,28597,27618,31,948
"2022-01-23","KALIMANTAN TENGAH",3,0,2,1,28600,27618,33,949
"2022-01-24","KALIMANTAN TENGAH",1,2,-1,0,28601,27620,32,949
"2022-01-25","KALIMANTAN TENGAH",1,0,1,0,28602,27620,33,949
"2022-01-26","KALIMANTAN TENGAH",4,3,1,0,28606,27623,34,949
"2022-01-27","KALIMANTAN TENGAH",2,0,2,0,28608,27623,36,949
"2022-01-28","KALIMANTAN TENGAH",4,2,2,0,28612,27625,38,949
"2022-01-29","KALIMANTAN TENGAH",2,0,2,0,28614,27625,40,949
"2022-01-30","KALIMANTAN TENGAH",10,0,10,0,28624,27625,50,949
"2022-01-31","KALIMANTAN TENGAH",7,2,5,0,28631,27627,55,949
"2022-02-01","KALIMANTAN TENGAH",26,1,25,0,28657,27628,80,949
"2022-02-02","KALIMANTAN TENGAH",12,0,12,0,28669,27628,92,949
"2022-02-03","KALIMANTAN TENGAH",24,1,23,0,28693,27629,115,949
"2022-02-04","KALIMANTAN TENGAH",23,3,20,0,28716,27632,135,949
"2022-02-05","KALIMANTAN TENGAH",40,0,40,0,28756,27632,175,949
"2022-02-06","KALIMANTAN TENGAH",58,5,52,1,28814,27637,227,950
"2022-02-07","KALIMANTAN TENGAH",41,7,34,0,28855,27644,261,950
"2022-02-08","KALIMANTAN TENGAH",93,5,86,2,28948,27649,347,952
"2022-02-09","KALIMANTAN TENGAH",122,12,110,0,29070,27661,457,952
"2022-02-10","KALIMANTAN TENGAH",157,5,151,1,29227,27666,608,953
"2022-02-11","KALIMANTAN TENGAH",172,7,165,0,29399,27673,773,953
"2022-02-12","KALIMANTAN TENGAH",235,17,218,0,29634,27690,991,953
"2022-02-13","KALIMANTAN TENGAH",261,16,245,0,29895,27706,1236,953
"2022-02-14","KALIMANTAN TENGAH",155,56,99,0,30050,27762,1335,953
"2022-02-15","KALIMANTAN TENGAH",309,57,252,0,30359,27819,1587,953
"2022-02-16","KALIMANTAN TENGAH",371,71,300,0,30730,27890,1887,953
"2022-02-17","KALIMANTAN TENGAH",459,99,360,0,31189,27989,2247,953
"2022-02-18","KALIMANTAN TENGAH",354,71,281,2,31543,28060,2528,955
"2022-02-19","KALIMANTAN TENGAH",541,114,427,0,32084,28174,2955,955
"2022-02-20","KALIMANTAN TENGAH",464,95,369,0,32548,28269,3324,955
"2022-02-21","KALIMANTAN TENGAH",199,157,42,0,32747,28426,3366,955
"2022-02-22","KALIMANTAN TENGAH",449,206,240,3,33196,28632,3606,958
"2022-02-23","KALIMANTAN TENGAH",438,184,254,0,33634,28816,3860,958
"2022-02-24","KALIMANTAN TENGAH",365,237,126,2,33999,29053,3986,960
"2022-02-25","KALIMANTAN TENGAH",394,256,133,5,34393,29309,4119,965
"2022-02-26","KALIMANTAN TENGAH",324,246,78,0,34717,29555,4197,965
"2022-02-27","KALIMANTAN TENGAH",303,314,-15,4,35020,29869,4182,969
"2022-02-28","KALIMANTAN TENGAH",156,247,-92,1,35176,30116,4090,970
"2022-03-01","KALIMANTAN TENGAH",181,275,-96,2,35357,30391,3994,972
"2022-03-02","KALIMANTAN TENGAH",320,276,41,3,35677,30667,4035,975
"2022-03-03","KALIMANTAN TENGAH",227,216,10,1,35904,30883,4045,976
"2022-03-04","KALIMANTAN TENGAH",184,203,-21,2,36088,31086,4024,978
"2022-03-05","KALIMANTAN TENGAH",248,284,-38,2,36336,31370,3986,980
"2022-03-06","KALIMANTAN TENGAH",149,225,-78,2,36485,31595,3908,982
"2022-03-07","KALIMANTAN TENGAH",147,411,-265,1,36632,32006,3643,983
"2022-03-08","KALIMANTAN TENGAH",1,30,-29,0,36633,32036,3614,983
"2020-08-06","KALIMANTAN SELATAN",67,0,67,0,67,0,67,0
"2020-08-07","KALIMANTAN SELATAN",57,7,47,3,124,7,114,3
"2020-08-08","KALIMANTAN SELATAN",82,0,80,2,206,7,194,5
"2020-08-09","KALIMANTAN SELATAN",98,10,87,1,304,17,281,6
"2020-08-10","KALIMANTAN SELATAN",50,1,49,0,354,18,330,6
"2020-08-11","KALIMANTAN SELATAN",71,24,46,1,425,42,376,7
"2020-08-12","KALIMANTAN SELATAN",53,6,45,2,478,48,421,9
"2020-08-13","KALIMANTAN SELATAN",45,5,37,3,523,53,458,12
"2020-08-14","KALIMANTAN SELATAN",55,10,44,1,578,63,502,13
"2020-08-15","KALIMANTAN SELATAN",62,19,40,3,640,82,542,16
"2020-08-16","KALIMANTAN SELATAN",100,25,75,0,740,107,617,16
"2020-08-17","KALIMANTAN SELATAN",90,37,50,3,830,144,667,19
"2020-08-18","KALIMANTAN SELATAN",40,10,30,0,870,154,697,19
"2020-08-19","KALIMANTAN SELATAN",82,47,34,1,952,201,731,20
"2020-08-20","KALIMANTAN SELATAN",181,17,164,0,1133,218,895,20
"2020-08-21","KALIMANTAN SELATAN",74,3,69,2,1207,221,964,22
"2020-08-22","KALIMANTAN SELATAN",78,12,63,3,1285,233,1027,25
"2020-08-23","KALIMANTAN SELATAN",81,45,35,1,1366,278,1062,26
"2020-08-24","KALIMANTAN SELATAN",61,27,32,2,1427,305,1094,28
"2020-08-25","KALIMANTAN SELATAN",82,38,40,4,1509,343,1134,32
"2020-08-26","KALIMANTAN SELATAN",54,126,-74,2,1563,469,1060,34
"2020-08-27","KALIMANTAN SELATAN",39,143,-106,2,1602,612,954,36
"2020-08-28","KALIMANTAN SELATAN",68,92,-27,3,1670,704,927,39
"2020-08-29","KALIMANTAN SELATAN",111,78,30,3,1781,782,957,42
"2020-08-30","KALIMANTAN SELATAN",64,84,-21,1,1845,866,936,43
"2020-08-31","KALIMANTAN SELATAN",32,31,0,1,1877,897,936,44
"2020-09-01","KALIMANTAN SELATAN",69,57,11,1,1946,954,947,45
"2020-09-02","KALIMANTAN SELATAN",59,74,-17,2,2005,1028,930,47
"2020-09-03","KALIMANTAN SELATAN",111,93,14,4,2116,1121,944,51
"2020-09-04","KALIMANTAN SELATAN",49,27,22,0,2165,1148,966,51
"2020-09-05","KALIMANTAN SELATAN",81,29,46,6,2246,1177,1012,57
"2020-09-06","KALIMANTAN SELATAN",103,81,21,1,2349,1258,1033,58
"2020-09-07","KALIMANTAN SELATAN",77,47,28,2,2426,1305,1061,60
"2020-09-08","KALIMANTAN SELATAN",66,35,30,1,2492,1340,1091,61
"2020-09-09","KALIMANTAN SELATAN",99,98,0,1,2591,1438,1091,62
"2020-09-10","KALIMANTAN SELATAN",77,93,-22,6,2668,1531,1069,68
"2020-09-11","KALIMANTAN SELATAN",73,90,-18,1,2741,1621,1051,69
"2020-09-12","KALIMANTAN SELATAN",96,65,27,4,2837,1686,1078,73
"2020-09-13","KALIMANTAN SELATAN",33,70,-37,0,2870,1756,1041,73
"2020-09-14","KALIMANTAN SELATAN",141,76,63,2,3011,1832,1104,75
"2020-09-15","KALIMANTAN SELATAN",77,53,23,1,3088,1885,1127,76
"2020-09-16","KALIMANTAN SELATAN",11,52,-43,2,3099,1937,1084,78
"2020-09-17","KALIMANTAN SELATAN",36,37,-1,0,3135,1974,1083,78
"2020-09-18","KALIMANTAN SELATAN",25,47,-24,2,3160,2021,1059,80
"2020-09-19","KALIMANTAN SELATAN",76,42,32,2,3236,2063,1091,82
"2020-09-20","KALIMANTAN SELATAN",87,58,26,3,3323,2121,1117,85
"2020-09-21","KALIMANTAN SELATAN",82,96,-16,2,3405,2217,1101,87
"2020-09-22","KALIMANTAN SELATAN",85,40,45,0,3490,2257,1146,87
"2020-09-23","KALIMANTAN SELATAN",82,101,-22,3,3572,2358,1124,90
"2020-09-24","KALIMANTAN SELATAN",63,81,-19,1,3635,2439,1105,91
"2020-09-25","KALIMANTAN SELATAN",33,51,-22,4,3668,2490,1083,95
"2020-09-26","KALIMANTAN SELATAN",40,15,23,2,3708,2505,1106,97
"2020-09-27","KALIMANTAN SELATAN",77,75,1,1,3785,2580,1107,98
"2020-09-28","KALIMANTAN SELATAN",40,89,-53,4,3825,2669,1054,102
"2020-09-29","KALIMANTAN SELATAN",53,64,-13,2,3878,2733,1041,104
"2020-09-30","KALIMANTAN SELATAN",59,37,21,1,3937,2770,1062,105
"2020-10-01","KALIMANTAN SELATAN",55,72,-17,0,3992,2842,1045,105
"2020-10-02","KALIMANTAN SELATAN",75,61,10,4,4067,2903,1055,109
"2020-10-03","KALIMANTAN SELATAN",1,51,-51,1,4068,2954,1004,110
"2020-10-04","KALIMANTAN SELATAN",3,92,-90,1,4071,3046,914,111
"2020-10-05","KALIMANTAN SELATAN",44,32,12,0,4115,3078,926,111
"2020-10-06","KALIMANTAN SELATAN",73,105,-34,2,4188,3183,892,113
"2020-10-07","KALIMANTAN SELATAN",40,60,-20,0,4228,3243,872,113
"2020-10-08","KALIMANTAN SELATAN",42,69,-28,1,4270,3312,844,114
"2020-10-09","KALIMANTAN SELATAN",81,118,-38,1,4351,3430,806,115
"2020-10-10","KALIMANTAN SELATAN",53,15,38,0,4404,3445,844,115
"2020-10-11","KALIMANTAN SELATAN",75,74,0,1,4479,3519,844,116
"2020-10-12","KALIMANTAN SELATAN",27,38,-12,1,4506,3557,832,117
"2020-10-13","KALIMANTAN SELATAN",77,100,-24,1,4583,3657,808,118
"2020-10-14","KALIMANTAN SELATAN",55,52,0,3,4638,3709,808,121
"2020-10-15","KALIMANTAN SELATAN",76,55,20,1,4714,3764,828,122
"2020-10-16","KALIMANTAN SELATAN",68,36,30,2,4782,3800,858,124
"2020-10-17","KALIMANTAN SELATAN",71,61,8,2,4853,3861,866,126
"2020-10-18","KALIMANTAN SELATAN",39,51,-14,2,4892,3912,852,128
"2020-10-19","KALIMANTAN SELATAN",8,27,-21,2,4900,3939,831,130
"2020-10-20","KALIMANTAN SELATAN",42,41,-1,2,4942,3980,830,132
"2020-10-21","KALIMANTAN SELATAN",19,35,-18,2,4961,4015,812,134
"2020-10-22","KALIMANTAN SELATAN",28,42,-17,3,4989,4057,795,137
"2020-10-23","KALIMANTAN SELATAN",0,70,-73,3,4989,4127,722,140
"2020-10-24","KALIMANTAN SELATAN",0,96,-99,3,4989,4223,623,143
"2020-10-25","KALIMANTAN SELATAN",19,39,-23,3,5008,4262,600,146
"2020-10-26","KALIMANTAN SELATAN",2,50,-49,1,5010,4312,551,147
"2020-10-27","KALIMANTAN SELATAN",12,32,-22,2,5022,4344,529,149
"2020-10-28","KALIMANTAN SELATAN",69,67,1,1,5091,4411,530,150
"2020-10-29","KALIMANTAN SELATAN",32,42,-12,2,5123,4453,518,152
"2020-10-30","KALIMANTAN SELATAN",44,59,-16,1,5167,4512,502,153
"2020-10-31","KALIMANTAN SELATAN",48,62,-17,3,5215,4574,485,156
"2020-11-01","KALIMANTAN SELATAN",25,65,-42,2,5240,4639,443,158
"2020-11-02","KALIMANTAN SELATAN",12,19,-7,0,5252,4658,436,158
"2020-11-03","KALIMANTAN SELATAN",16,42,-27,1,5268,4700,409,159
"2020-11-04","KALIMANTAN SELATAN",22,26,-4,0,5290,4726,405,159
"2020-11-05","KALIMANTAN SELATAN",94,25,68,1,5384,4751,473,160
"2020-11-06","KALIMANTAN SELATAN",59,43,14,2,5443,4794,487,162
"2020-11-07","KALIMANTAN SELATAN",43,15,26,2,5486,4809,513,164
"2020-11-08","KALIMANTAN SELATAN",46,15,29,2,5532,4824,542,166
"2020-11-09","KALIMANTAN SELATAN",12,8,4,0,5544,4832,546,166
"2020-11-10","KALIMANTAN SELATAN",59,42,17,0,5603,4874,563,166
"2020-11-11","KALIMANTAN SELATAN",68,54,12,2,5671,4928,575,168
"2020-11-12","KALIMANTAN SELATAN",50,27,21,2,5721,4955,596,170
"2020-11-13","KALIMANTAN SELATAN",31,28,2,1,5752,4983,598,171
"2020-11-14","KALIMANTAN SELATAN",51,86,-36,1,5803,5069,562,172
"2020-11-15","KALIMANTAN SELATAN",74,34,40,0,5877,5103,602,172
"2020-11-16","KALIMANTAN SELATAN",22,43,-23,2,5899,5146,579,174
"2020-11-17","KALIMANTAN SELATAN",14,133,-119,0,5913,5279,460,174
"2020-11-18","KALIMANTAN SELATAN",83,2,80,1,5996,5281,540,175
"2020-11-19","KALIMANTAN SELATAN",40,2,35,3,6036,5283,575,178
"2020-11-20","KALIMANTAN SELATAN",58,3,52,3,6094,5286,627,181
"2020-11-21","KALIMANTAN SELATAN",89,0,88,1,6183,5286,715,182
"2020-11-22","KALIMANTAN SELATAN",75,1,71,3,6258,5287,786,185
"2020-11-23","KALIMANTAN SELATAN",11,9,2,0,6269,5296,788,185
"2020-11-24","KALIMANTAN SELATAN",21,26,-7,2,6290,5322,781,187
"2020-11-25","KALIMANTAN SELATAN",64,29,34,1,6354,5351,815,188
"2020-11-26","KALIMANTAN SELATAN",49,16,30,3,6403,5367,845,191
"2020-11-27","KALIMANTAN SELATAN",44,39,3,2,6447,5406,848,193
"2020-11-28","KALIMANTAN SELATAN",56,18,37,1,6503,5424,885,194
"2020-11-29","KALIMANTAN SELATAN",40,14,25,1,6543,5438,910,195
"2020-11-30","KALIMANTAN SELATAN",12,32,-21,1,6555,5470,889,196
"2020-12-01","KALIMANTAN SELATAN",82,39,42,1,6637,5509,931,197
"2020-12-02","KALIMANTAN SELATAN",0,73,-74,1,6637,5582,857,198
"2020-12-03","KALIMANTAN SELATAN",0,10,-12,2,6637,5592,845,200
"2020-12-04","KALIMANTAN SELATAN",71,80,-9,0,6708,5672,836,200
"2020-12-05","KALIMANTAN SELATAN",96,13,83,0,6804,5685,919,200
"2020-12-06","KALIMANTAN SELATAN",70,26,43,1,6874,5711,962,201
"2020-12-07","KALIMANTAN SELATAN",28,10,17,1,6902,5721,979,202
"2020-12-08","KALIMANTAN SELATAN",62,31,30,1,6964,5752,1009,203
"2020-12-09","KALIMANTAN SELATAN",83,216,-136,3,7047,5968,873,206
"2020-12-10","KALIMANTAN SELATAN",46,102,-58,2,7093,6070,815,208
"2020-12-11","KALIMANTAN SELATAN",56,51,0,5,7149,6121,815,213
"2020-12-12","KALIMANTAN SELATAN",91,103,-14,2,7240,6224,801,215
"2020-12-13","KALIMANTAN SELATAN",104,52,51,1,7344,6276,852,216
"2020-12-14","KALIMANTAN SELATAN",48,45,2,1,7392,6321,854,217
"2020-12-15","KALIMANTAN SELATAN",48,67,-21,2,7440,6388,833,219
"2020-12-16","KALIMANTAN SELATAN",0,64,-64,0,7440,6452,769,219
"2020-12-17","KALIMANTAN SELATAN",0,85,-85,0,7440,6537,684,219
"2020-12-18","KALIMANTAN SELATAN",0,114,-115,1,7440,6651,569,220
"2020-12-19","KALIMANTAN SELATAN",0,91,-92,1,7440,6742,477,221
"2020-12-20","KALIMANTAN SELATAN",0,39,-39,0,7440,6781,438,221
"2020-12-21","KALIMANTAN SELATAN",0,24,-25,1,7440,6805,413,222
"2020-12-22","KALIMANTAN SELATAN",0,29,-30,1,7440,6834,383,223
"2020-12-23","KALIMANTAN SELATAN",0,38,-39,1,7440,6872,344,224
"2020-12-24","KALIMANTAN SELATAN",95,26,67,2,7535,6898,411,226
"2020-12-25","KALIMANTAN SELATAN",93,55,38,0,7628,6953,449,226
"2020-12-26","KALIMANTAN SELATAN",63,47,16,0,7691,7000,465,226
"2020-12-27","KALIMANTAN SELATAN",45,15,28,2,7736,7015,493,228
"2020-12-28","KALIMANTAN SELATAN",21,20,1,0,7757,7035,494,228
"2020-12-29","KALIMANTAN SELATAN",61,39,19,3,7818,7074,513,231
"2020-12-30","KALIMANTAN SELATAN",74,15,57,2,7892,7089,570,233
"2020-12-31","KALIMANTAN SELATAN",66,18,45,3,7958,7107,615,236
"2021-01-01","KALIMANTAN SELATAN",99,34,65,0,8057,7141,680,236
"2021-01-02","KALIMANTAN SELATAN",17,27,-11,1,8074,7168,669,237
"2021-01-03","KALIMANTAN SELATAN",0,31,-31,0,8074,7199,638,237
"2021-01-04","KALIMANTAN SELATAN",0,29,-29,0,8074,7228,609,237
"2021-01-05","KALIMANTAN SELATAN",0,23,-23,0,8074,7251,586,237
"2021-01-06","KALIMANTAN SELATAN",0,42,-42,0,8074,7293,544,237
"2021-01-07","KALIMANTAN SELATAN",0,39,-39,0,8074,7332,505,237
"2021-01-08","KALIMANTAN SELATAN",0,24,-24,0,8074,7356,481,237
"2021-01-09","KALIMANTAN SELATAN",0,44,-44,0,8074,7400,437,237
"2021-01-10","KALIMANTAN SELATAN",0,35,-36,1,8074,7435,401,238
"2021-01-11","KALIMANTAN SELATAN",0,46,-48,2,8074,7481,353,240
"2021-01-12","KALIMANTAN SELATAN",0,44,-44,0,8074,7525,309,240
"2021-01-13","KALIMANTAN SELATAN",69,14,55,0,8143,7539,364,240
"2021-01-14","KALIMANTAN SELATAN",101,43,57,1,8244,7582,421,241
"2021-01-15","KALIMANTAN SELATAN",107,32,74,1,8351,7614,495,242
"2021-01-16","KALIMANTAN SELATAN",108,17,88,3,8459,7631,583,245
"2021-01-17","KALIMANTAN SELATAN",112,14,97,1,8571,7645,680,246
"2021-01-18","KALIMANTAN SELATAN",13,30,-19,2,8584,7675,661,248
"2021-01-19","KALIMANTAN SELATAN",0,16,-17,1,8584,7691,644,249
"2021-01-20","KALIMANTAN SELATAN",0,5,-6,1,8584,7696,638,250
"2021-01-21","KALIMANTAN SELATAN",0,51,-52,1,8584,7747,586,251
"2021-01-22","KALIMANTAN SELATAN",0,49,-50,1,8584,7796,536,252
"2021-01-23","KALIMANTAN SELATAN",0,44,-44,0,8584,7840,492,252
"2021-01-24","KALIMANTAN SELATAN",0,33,-34,1,8584,7873,458,253
"2021-01-25","KALIMANTAN SELATAN",0,76,-76,0,8584,7949,382,253
"2021-01-26","KALIMANTAN SELATAN",0,33,-34,1,8584,7982,348,254
"2021-01-27","KALIMANTAN SELATAN",0,61,-62,1,8584,8043,286,255
"2021-01-28","KALIMANTAN SELATAN",0,24,-24,0,8584,8067,262,255
"2021-01-29","KALIMANTAN SELATAN",0,34,-35,1,8584,8101,227,256
"2021-01-30","KALIMANTAN SELATAN",0,5,-7,2,8584,8106,220,258
"2021-01-31","KALIMANTAN SELATAN",0,18,-18,0,8584,8124,202,258
"2021-02-01","KALIMANTAN SELATAN",0,10,-10,0,8584,8134,192,258
"2021-02-02","KALIMANTAN SELATAN",87,21,66,0,8671,8155,258,258
"2021-02-03","KALIMANTAN SELATAN",104,7,97,0,8775,8162,355,258
"2021-02-04","KALIMANTAN SELATAN",111,49,60,2,8886,8211,415,260
"2021-02-05","KALIMANTAN SELATAN",128,11,116,1,9014,8222,531,261
"2021-02-06","KALIMANTAN SELATAN",140,47,90,3,9154,8269,621,264
"2021-02-07","KALIMANTAN SELATAN",117,17,98,2,9271,8286,719,266
"2021-02-08","KALIMANTAN SELATAN",0,2,-3,1,9271,8288,716,267
"2021-02-09","KALIMANTAN SELATAN",0,54,-54,0,9271,8342,662,267
"2021-02-10","KALIMANTAN SELATAN",0,21,-21,0,9271,8363,641,267
"2021-02-11","KALIMANTAN SELATAN",0,23,-23,0,9271,8386,618,267
"2021-02-12","KALIMANTAN SELATAN",0,29,-31,2,9271,8415,587,269
"2021-02-13","KALIMANTAN SELATAN",0,41,-41,0,9271,8456,546,269
"2021-02-14","KALIMANTAN SELATAN",0,40,-41,1,9271,8496,505,270
"2021-02-15","KALIMANTAN SELATAN",0,10,-10,0,9271,8506,495,270
"2021-02-16","KALIMANTAN SELATAN",0,46,-46,0,9271,8552,449,270
"2021-02-17","KALIMANTAN SELATAN",0,2,-2,0,9271,8554,447,270
"2021-02-18","KALIMANTAN SELATAN",0,62,-62,0,9271,8616,385,270
"2021-02-19","KALIMANTAN SELATAN",0,118,-121,3,9271,8734,264,273
"2021-02-20","KALIMANTAN SELATAN",0,138,-138,0,9271,8872,126,273
"2021-02-21","KALIMANTAN SELATAN",0,9,-9,0,9271,8881,117,273
"2021-02-22","KALIMANTAN SELATAN",107,11,95,1,9378,8892,212,274
"2021-02-23","KALIMANTAN SELATAN",101,5,96,0,9479,8897,308,274
"2021-02-24","KALIMANTAN SELATAN",133,1,129,3,9612,8898,437,277
"2021-02-25","KALIMANTAN SELATAN",179,12,164,3,9791,8910,601,280
"2021-02-26","KALIMANTAN SELATAN",186,26,159,1,9977,8936,760,281
"2021-02-27","KALIMANTAN SELATAN",187,25,161,1,10164,8961,921,282
"2021-02-28","KALIMANTAN SELATAN",170,9,158,3,10334,8970,1079,285
"2021-03-01","KALIMANTAN SELATAN",206,3,202,1,10540,8973,1281,286
"2021-03-02","KALIMANTAN SELATAN",0,38,-41,3,10540,9011,1240,289
"2021-03-03","KALIMANTAN SELATAN",0,22,-24,2,10540,9033,1216,291
"2021-03-04","KALIMANTAN SELATAN",0,41,-43,2,10540,9074,1173,293
"2021-03-05","KALIMANTAN SELATAN",0,154,-154,0,10540,9228,1019,293
"2021-03-06","KALIMANTAN SELATAN",0,54,-54,0,10540,9282,965,293
"2021-03-07","KALIMANTAN SELATAN",0,22,-23,1,10540,9304,942,294
"2021-03-08","KALIMANTAN SELATAN",0,227,-229,2,10540,9531,713,296
"2021-03-09","KALIMANTAN SELATAN",0,81,-83,2,10540,9612,630,298
"2021-03-10","KALIMANTAN SELATAN",0,65,-66,1,10540,9677,564,299
"2021-03-11","KALIMANTAN SELATAN",0,79,-79,0,10540,9756,485,299
"2021-03-12","KALIMANTAN SELATAN",0,13,-13,0,10540,9769,472,299
"2021-03-13","KALIMANTAN SELATAN",0,83,-83,0,10540,9852,389,299
"2021-03-14","KALIMANTAN SELATAN",204,117,86,1,10744,9969,475,300
"2021-03-15","KALIMANTAN SELATAN",175,14,160,1,10919,9983,635,301
"2021-03-16","KALIMANTAN SELATAN",191,64,126,1,11110,10047,761,302
"2021-03-17","KALIMANTAN SELATAN",158,68,86,4,11268,10115,847,306
"2021-03-18","KALIMANTAN SELATAN",118,28,87,3,11386,10143,934,309
"2021-03-19","KALIMANTAN SELATAN",197,9,184,4,11583,10152,1118,313
"2021-03-20","KALIMANTAN SELATAN",215,28,184,3,11798,10180,1302,316
"2021-03-21","KALIMANTAN SELATAN",228,21,207,0,12026,10201,1509,316
"2021-03-22","KALIMANTAN SELATAN",207,34,170,3,12233,10235,1679,319
"2021-03-23","KALIMANTAN SELATAN",140,27,110,3,12373,10262,1789,322
"2021-03-24","KALIMANTAN SELATAN",190,104,82,4,12563,10366,1871,326
"2021-03-25","KALIMANTAN SELATAN",0,35,-36,1,12563,10401,1835,327
"2021-03-26","KALIMANTAN SELATAN",0,121,-122,1,12563,10522,1713,328
"2021-03-27","KALIMANTAN SELATAN",0,132,-132,0,12563,10654,1581,328
"2021-03-28","KALIMANTAN SELATAN",0,182,-185,3,12563,10836,1396,331
"2021-03-29","KALIMANTAN SELATAN",0,198,-200,2,12563,11034,1196,333
"2021-03-30","KALIMANTAN SELATAN",0,50,-51,1,12563,11084,1145,334
"2021-03-31","KALIMANTAN SELATAN",0,62,-65,3,12563,11146,1080,337
"2021-04-01","KALIMANTAN SELATAN",0,94,-96,2,12563,11240,984,339
"2021-04-02","KALIMANTAN SELATAN",0,105,-107,2,12563,11345,877,341
"2021-04-03","KALIMANTAN SELATAN",154,67,85,2,12717,11412,962,343
"2021-04-04","KALIMANTAN SELATAN",290,169,121,0,13007,11581,1083,343
"2021-04-05","KALIMANTAN SELATAN",153,154,-3,2,13160,11735,1080,345
"2021-04-06","KALIMANTAN SELATAN",153,100,50,3,13313,11835,1130,348
"2021-04-07","KALIMANTAN SELATAN",140,46,92,2,13453,11881,1222,350
"2021-04-08","KALIMANTAN SELATAN",301,161,135,5,13754,12042,1357,355
"2021-04-09","KALIMANTAN SELATAN",281,59,217,5,14035,12101,1574,360
"2021-04-10","KALIMANTAN SELATAN",257,22,232,3,14292,12123,1806,363
"2021-04-11","KALIMANTAN SELATAN",241,64,177,0,14533,12187,1983,363
"2021-04-12","KALIMANTAN SELATAN",82,55,24,3,14615,12242,2007,366
"2021-04-13","KALIMANTAN SELATAN",142,67,71,4,14757,12309,2078,370
"2021-04-14","KALIMANTAN SELATAN",256,53,202,1,15013,12362,2280,371
"2021-04-15","KALIMANTAN SELATAN",0,196,-201,5,15013,12558,2079,376
"2021-04-16","KALIMANTAN SELATAN",0,177,-180,3,15013,12735,1899,379
"2021-04-17","KALIMANTAN SELATAN",0,270,-272,2,15013,13005,1627,381
"2021-04-18","KALIMANTAN SELATAN",0,53,-54,1,15013,13058,1573,382
"2021-04-19","KALIMANTAN SELATAN",0,91,-91,0,15013,13149,1482,382
"2021-04-20","KALIMANTAN SELATAN",0,116,-116,0,15013,13265,1366,382
"2021-04-21","KALIMANTAN SELATAN",0,239,-242,3,15013,13504,1124,385
"2021-04-22","KALIMANTAN SELATAN",0,171,-172,1,15013,13675,952,386
"2021-04-23","KALIMANTAN SELATAN",197,207,-11,1,15210,13882,941,387
"2021-04-24","KALIMANTAN SELATAN",173,28,142,3,15383,13910,1083,390
"2021-04-25","KALIMANTAN SELATAN",56,40,14,2,15439,13950,1097,392
"2021-04-26","KALIMANTAN SELATAN",16,59,-44,1,15455,14009,1053,393
"2021-04-27","KALIMANTAN SELATAN",98,77,15,6,15553,14086,1068,399
"2021-04-28","KALIMANTAN SELATAN",74,39,35,0,15627,14125,1103,399
"2021-04-29","KALIMANTAN SELATAN",65,15,48,2,15692,14140,1151,401
"2021-04-30","KALIMANTAN SELATAN",207,26,181,0,15899,14166,1332,401
"2021-05-01","KALIMANTAN SELATAN",88,62,23,3,15987,14228,1355,404
"2021-05-02","KALIMANTAN SELATAN",12,27,-19,4,15999,14255,1336,408
"2021-05-03","KALIMANTAN SELATAN",34,14,19,1,16033,14269,1355,409
"2021-05-04","KALIMANTAN SELATAN",56,109,-56,3,16089,14378,1299,412
"2021-05-05","KALIMANTAN SELATAN",0,127,-129,2,16089,14505,1170,414
"2021-05-06","KALIMANTAN SELATAN",0,76,-77,1,16089,14581,1093,415
"2021-05-07","KALIMANTAN SELATAN",0,160,-160,0,16089,14741,933,415
"2021-05-08","KALIMANTAN SELATAN",0,63,-64,1,16089,14804,869,416
"2021-05-09","KALIMANTAN SELATAN",0,117,-117,0,16089,14921,752,416
"2021-05-10","KALIMANTAN SELATAN",0,49,-49,0,16089,14970,703,416
"2021-05-11","KALIMANTAN SELATAN",0,68,-69,1,16089,15038,634,417
"2021-05-12","KALIMANTAN SELATAN",0,160,-160,0,16089,15198,474,417
"2021-05-13","KALIMANTAN SELATAN",27,79,-52,0,16116,15277,422,417
"2021-05-14","KALIMANTAN SELATAN",19,26,-7,0,16135,15303,415,417
"2021-05-15","KALIMANTAN SELATAN",1,31,-30,0,16136,15334,385,417
"2021-05-16","KALIMANTAN SELATAN",37,36,-2,3,16173,15370,383,420
"2021-05-17","KALIMANTAN SELATAN",25,31,-9,3,16198,15401,374,423
"2021-05-18","KALIMANTAN SELATAN",42,24,14,4,16240,15425,388,427
"2021-05-19","KALIMANTAN SELATAN",55,22,30,3,16295,15447,418,430
"2021-05-20","KALIMANTAN SELATAN",81,13,66,2,16376,15460,484,432
"2021-05-21","KALIMANTAN SELATAN",85,15,69,1,16461,15475,553,433
"2021-05-22","KALIMANTAN SELATAN",48,4,43,1,16509,15479,596,434
"2021-05-23","KALIMANTAN SELATAN",73,9,62,2,16582,15488,658,436
"2021-05-24","KALIMANTAN SELATAN",29,114,-87,2,16611,15602,571,438
"2021-05-25","KALIMANTAN SELATAN",43,22,20,1,16654,15624,591,439
"2021-05-26","KALIMANTAN SELATAN",82,15,64,3,16736,15639,655,442
"2021-05-27","KALIMANTAN SELATAN",0,29,-30,1,16736,15668,625,443
"2021-05-28","KALIMANTAN SELATAN",0,34,-35,1,16736,15702,590,444
"2021-05-29","KALIMANTAN SELATAN",0,22,-24,2,16736,15724,566,446
"2021-05-30","KALIMANTAN SELATAN",0,44,-45,1,16736,15768,521,447
"2021-05-31","KALIMANTAN SELATAN",0,58,-58,0,16736,15826,463,447
"2021-06-01","KALIMANTAN SELATAN",0,33,-34,1,16736,15859,429,448
"2021-06-02","KALIMANTAN SELATAN",12,29,-19,2,16748,15888,410,450
"2021-06-03","KALIMANTAN SELATAN",56,28,27,1,16804,15916,437,451
"2021-06-04","KALIMANTAN SELATAN",53,45,6,2,16857,15961,443,453
"2021-06-05","KALIMANTAN SELATAN",48,30,18,0,16905,15991,461,453
"2021-06-06","KALIMANTAN SELATAN",72,71,-4,5,16977,16062,457,458
"2021-06-07","KALIMANTAN SELATAN",9,15,-6,0,16986,16077,451,458
"2021-06-08","KALIMANTAN SELATAN",17,26,-10,1,17003,16103,441,459
"2021-06-09","KALIMANTAN SELATAN",28,34,-9,3,17031,16137,432,462
"2021-06-10","KALIMANTAN SELATAN",102,50,52,0,17133,16187,484,462
"2021-06-11","KALIMANTAN SELATAN",0,20,-20,0,17133,16207,464,462
"2021-06-12","KALIMANTAN SELATAN",0,3,-3,0,17133,16210,461,462
"2021-06-13","KALIMANTAN SELATAN",0,6,-8,2,17133,16216,453,464
"2021-06-14","KALIMANTAN SELATAN",0,22,-23,1,17133,16238,430,465
"2021-06-15","KALIMANTAN SELATAN",0,41,-41,0,17133,16279,389,465
"2021-06-16","KALIMANTAN SELATAN",0,45,-46,1,17133,16324,343,466
"2021-06-17","KALIMANTAN SELATAN",0,31,-31,0,17133,16355,312,466
"2021-06-18","KALIMANTAN SELATAN",0,11,-11,0,17133,16366,301,466
"2021-06-19","KALIMANTAN SELATAN",0,21,-21,0,17133,16387,280,466
"2021-06-20","KALIMANTAN SELATAN",0,30,-30,0,17133,16417,250,466
"2021-06-21","KALIMANTAN SELATAN",0,22,-22,0,17133,16439,228,466
"2021-06-22","KALIMANTAN SELATAN",37,11,26,0,17170,16450,254,466
"2021-06-23","KALIMANTAN SELATAN",77,63,13,1,17247,16513,267,467
"2021-06-24","KALIMANTAN SELATAN",39,7,30,2,17286,16520,297,469
"2021-06-25","KALIMANTAN SELATAN",56,3,52,1,17342,16523,349,470
"2021-06-26","KALIMANTAN SELATAN",0,6,-6,0,17342,16529,343,470
"2021-06-27","KALIMANTAN SELATAN",0,11,-11,0,17342,16540,332,470
"2021-06-28","KALIMANTAN SELATAN",0,8,-8,0,17342,16548,324,470
"2021-06-29","KALIMANTAN SELATAN",0,14,-14,0,17342,16562,310,470
"2021-06-30","KALIMANTAN SELATAN",0,2,-2,0,17342,16564,308,470
"2021-07-01","KALIMANTAN SELATAN",0,21,-21,0,17342,16585,287,470
"2021-07-02","KALIMANTAN SELATAN",0,17,-17,0,17342,16602,270,470
"2021-07-03","KALIMANTAN SELATAN",0,13,-13,0,17342,16615,257,470
"2021-07-04","KALIMANTAN SELATAN",208,47,160,1,17550,16662,417,471
"2021-07-05","KALIMANTAN SELATAN",22,9,12,1,17572,16671,429,472
"2021-07-06","KALIMANTAN SELATAN",55,29,24,2,17627,16700,453,474
"2021-07-07","KALIMANTAN SELATAN",111,15,94,2,17738,16715,547,476
"2021-07-08","KALIMANTAN SELATAN",144,51,91,2,17882,16766,638,478
"2021-07-09","KALIMANTAN SELATAN",200,17,180,3,18082,16783,818,481
"2021-07-10","KALIMANTAN SELATAN",202,16,181,5,18284,16799,999,486
"2021-07-11","KALIMANTAN SELATAN",120,10,105,5,18404,16809,1104,491
"2021-07-12","KALIMANTAN SELATAN",49,5,39,5,18453,16814,1143,496
"2021-07-13","KALIMANTAN SELATAN",153,28,121,4,18606,16842,1264,500
"2021-07-14","KALIMANTAN SELATAN",111,20,90,1,18717,16862,1354,501
"2021-07-15","KALIMANTAN SELATAN",89,81,5,3,18806,16943,1359,504
"2021-07-16","KALIMANTAN SELATAN",86,74,10,2,18892,17017,1369,506
"2021-07-17","KALIMANTAN SELATAN",411,68,342,1,19303,17085,1711,507
"2021-07-18","KALIMANTAN SELATAN",294,77,213,4,19597,17162,1924,511
"2021-07-19","KALIMANTAN SELATAN",238,29,207,2,19835,17191,2131,513
"2021-07-20","KALIMANTAN SELATAN",479,73,401,5,20314,17264,2532,518
"2021-07-21","KALIMANTAN SELATAN",224,134,80,10,20538,17398,2612,528
"2021-07-22","KALIMANTAN SELATAN",633,117,512,4,21171,17515,3124,532
"2021-07-23","KALIMANTAN SELATAN",813,71,735,7,21984,17586,3859,539
"2021-07-24","KALIMANTAN SELATAN",635,55,580,0,22619,17641,4439,539
"2021-07-25","KALIMANTAN SELATAN",594,121,457,16,23213,17762,4896,555
"2021-07-26","KALIMANTAN SELATAN",166,149,12,5,23379,17911,4908,560
"2021-07-27","KALIMANTAN SELATAN",473,245,192,36,23852,18156,5100,596
"2021-07-28","KALIMANTAN SELATAN",804,155,638,11,24656,18311,5738,607
"2021-07-29","KALIMANTAN SELATAN",850,272,550,28,25506,18583,6288,635
"2021-07-30","KALIMANTAN SELATAN",898,156,729,13,26404,18739,7017,648
"2021-07-31","KALIMANTAN SELATAN",670,124,544,2,27074,18863,7561,650
"2021-08-01","KALIMANTAN SELATAN",609,388,194,27,27683,19251,7755,677
"2021-08-02","KALIMANTAN SELATAN",458,323,94,41,28141,19574,7849,718
"2021-08-03","KALIMANTAN SELATAN",371,283,49,39,28512,19857,7898,757
"2021-08-04","KALIMANTAN SELATAN",124,114,1,9,28636,19971,7899,766
"2021-08-05","KALIMANTAN SELATAN",95,246,-184,33,28731,20217,7715,799
"2021-08-06","KALIMANTAN SELATAN",106,652,-557,11,28837,20869,7158,810
"2021-08-07","KALIMANTAN SELATAN",106,427,-331,10,28943,21296,6827,820
"2021-08-08","KALIMANTAN SELATAN",141,337,-214,18,29084,21633,6613,838
"2021-08-09","KALIMANTAN SELATAN",537,598,-69,8,29621,22231,6544,846
"2021-08-10","KALIMANTAN SELATAN",531,478,37,16,30152,22709,6581,862
"2021-08-11","KALIMANTAN SELATAN",634,187,429,18,30786,22896,7010,880
"2021-08-12","KALIMANTAN SELATAN",433,294,115,24,31219,23190,7125,904
"2021-08-13","KALIMANTAN SELATAN",757,384,371,2,31976,23574,7496,906
"2021-08-14","KALIMANTAN SELATAN",762,252,473,37,32738,23826,7969,943
"2021-08-15","KALIMANTAN SELATAN",553,863,-341,31,33291,24689,7628,974
"2021-08-16","KALIMANTAN SELATAN",530,273,246,11,33821,24962,7874,985
"2021-08-17","KALIMANTAN SELATAN",593,454,122,17,34414,25416,7996,1002
"2021-08-18","KALIMANTAN SELATAN",401,667,-294,28,34815,26083,7702,1030
"2021-08-19","KALIMANTAN SELATAN",675,573,77,25,35490,26656,7779,1055
"2021-08-20","KALIMANTAN SELATAN",560,342,201,17,36050,26998,7980,1072
"2021-08-21","KALIMANTAN SELATAN",598,409,163,26,36648,27407,8143,1098
"2021-08-22","KALIMANTAN SELATAN",350,425,-101,26,36998,27832,8042,1124
"2021-08-23","KALIMANTAN SELATAN",127,616,-502,13,37125,28448,7540,1137
"2021-08-24","KALIMANTAN SELATAN",68,467,-410,11,37193,28915,7130,1148
"2021-08-25","KALIMANTAN SELATAN",84,413,-370,41,37277,29328,6760,1189
"2021-08-26","KALIMANTAN SELATAN",95,527,-435,3,37372,29855,6325,1192
"2021-08-27","KALIMANTAN SELATAN",57,563,-517,11,37429,30418,5808,1203
"2021-08-28","KALIMANTAN SELATAN",80,604,-530,6,37509,31022,5278,1209
"2021-08-29","KALIMANTAN SELATAN",36,657,-621,0,37545,31679,4657,1209
"2021-08-30","KALIMANTAN SELATAN",20,912,-893,1,37565,32591,3764,1210
"2021-08-31","KALIMANTAN SELATAN",100,684,-588,4,37665,33275,3176,1214
"2021-09-01","KALIMANTAN SELATAN",143,519,-380,4,37808,33794,2796,1218
"2021-09-02","KALIMANTAN SELATAN",292,190,97,5,38100,33984,2893,1223
"2021-09-03","KALIMANTAN SELATAN",285,884,-603,4,38385,34868,2290,1227
"2021-09-04","KALIMANTAN SELATAN",260,428,-180,12,38645,35296,2110,1239
"2021-09-05","KALIMANTAN SELATAN",178,250,-81,9,38823,35546,2029,1248
"2021-09-06","KALIMANTAN SELATAN",91,156,-72,7,38914,35702,1957,1255
"2021-09-07","KALIMANTAN SELATAN",230,343,-118,5,39144,36045,1839,1260
"2021-09-08","KALIMANTAN SELATAN",163,21,139,3,39307,36066,1978,1263
"2021-09-09","KALIMANTAN SELATAN",236,194,37,5,39543,36260,2015,1268
"2021-09-10","KALIMANTAN SELATAN",165,166,-17,16,39708,36426,1998,1284
"2021-09-11","KALIMANTAN SELATAN",144,155,-15,4,39852,36581,1983,1288
"2021-09-12","KALIMANTAN SELATAN",93,153,-64,4,39945,36734,1919,1292
"2021-09-13","KALIMANTAN SELATAN",22,251,-229,0,39967,36985,1690,1292
"2021-09-14","KALIMANTAN SELATAN",82,112,-38,8,40049,37097,1652,1300
"2021-09-15","KALIMANTAN SELATAN",92,154,-63,1,40141,37251,1589,1301
"2021-09-16","KALIMANTAN SELATAN",107,146,-41,2,40248,37397,1548,1303
"2021-09-17","KALIMANTAN SELATAN",106,157,-52,1,40354,37554,1496,1304
"2021-09-18","KALIMANTAN SELATAN",87,248,-165,4,40441,37802,1331,1308
"2021-09-19","KALIMANTAN SELATAN",32,125,-96,3,40473,37927,1235,1311
"2021-09-20","KALIMANTAN SELATAN",45,193,-149,1,40518,38120,1086,1312
"2021-09-21","KALIMANTAN SELATAN",60,105,-47,2,40578,38225,1039,1314
"2021-09-22","KALIMANTAN SELATAN",47,81,-36,2,40625,38306,1003,1316
"2021-09-23","KALIMANTAN SELATAN",74,225,-152,1,40699,38531,851,1317
"2021-09-24","KALIMANTAN SELATAN",56,50,6,0,40755,38581,857,1317
"2021-09-25","KALIMANTAN SELATAN",24,42,-19,1,40779,38623,838,1318
"2021-09-26","KALIMANTAN SELATAN",6,76,-73,3,40785,38699,765,1321
"2021-09-27","KALIMANTAN SELATAN",3,66,-68,5,40788,38765,697,1326
"2021-09-28","KALIMANTAN SELATAN",7,222,-219,4,40795,38987,478,1330
"2021-09-29","KALIMANTAN SELATAN",12,136,-128,4,40807,39123,350,1334
"2021-09-30","KALIMANTAN SELATAN",22,20,-3,5,40829,39143,347,1339
"2021-10-01","KALIMANTAN SELATAN",11,96,-85,0,40840,39239,262,1339
"2021-10-02","KALIMANTAN SELATAN",9,36,-29,2,40849,39275,233,1341
"2021-10-03","KALIMANTAN SELATAN",14,41,-27,0,40863,39316,206,1341
"2021-10-04","KALIMANTAN SELATAN",13,17,-4,0,40876,39333,202,1341
"2021-10-05","KALIMANTAN SELATAN",33,19,13,1,40909,39352,215,1342
"2021-10-06","KALIMANTAN SELATAN",18,19,-1,0,40927,39371,214,1342
"2021-10-07","KALIMANTAN SELATAN",27,25,1,1,40954,39396,215,1343
"2021-10-08","KALIMANTAN SELATAN",39,14,25,0,40993,39410,240,1343
"2021-10-09","KALIMANTAN SELATAN",17,11,5,1,41010,39421,245,1344
"2021-10-10","KALIMANTAN SELATAN",13,50,-37,0,41023,39471,208,1344
"2021-10-11","KALIMANTAN SELATAN",7,4,3,0,41030,39475,211,1344
"2021-10-12","KALIMANTAN SELATAN",13,34,-24,3,41043,39509,187,1347
"2021-10-13","KALIMANTAN SELATAN",11,17,-7,1,41054,39526,180,1348
"2021-10-14","KALIMANTAN SELATAN",13,16,-5,2,41067,39542,175,1350
"2021-10-15","KALIMANTAN SELATAN",8,23,-17,2,41075,39565,158,1352
"2021-10-16","KALIMANTAN SELATAN",11,26,-15,0,41086,39591,143,1352
"2021-10-17","KALIMANTAN SELATAN",7,15,-8,0,41093,39606,135,1352
"2021-10-18","KALIMANTAN SELATAN",1,12,-12,1,41094,39618,123,1353
"2021-10-19","KALIMANTAN SELATAN",14,32,-20,2,41108,39650,103,1355
"2021-10-20","KALIMANTAN SELATAN",8,6,2,0,41116,39656,105,1355
"2021-10-21","KALIMANTAN SELATAN",3,20,-18,1,41119,39676,87,1356
"2021-10-22","KALIMANTAN SELATAN",5,7,-2,0,41124,39683,85,1356
"2021-10-23","KALIMANTAN SELATAN",9,14,-5,0,41133,39697,80,1356
"2021-10-24","KALIMANTAN SELATAN",6,4,1,1,41139,39701,81,1357
"2021-10-25","KALIMANTAN SELATAN",2,0,2,0,41141,39701,83,1357
"2021-10-26","KALIMANTAN SELATAN",8,12,-4,0,41149,39713,79,1357
"2021-10-27","KALIMANTAN SELATAN",9,6,2,1,41158,39719,81,1358
"2021-10-28","KALIMANTAN SELATAN",8,16,-8,0,41166,39735,73,1358
"2021-10-29","KALIMANTAN SELATAN",8,11,-3,0,41174,39746,70,1358
"2021-10-30","KALIMANTAN SELATAN",7,2,5,0,41181,39748,75,1358
"2021-10-31","KALIMANTAN SELATAN",3,8,-5,0,41184,39756,70,1358
"2021-11-01","KALIMANTAN SELATAN",3,6,-4,1,41187,39762,66,1359
"2021-11-02","KALIMANTAN SELATAN",3,7,-4,0,41190,39769,62,1359
"2021-11-03","KALIMANTAN SELATAN",6,8,-2,0,41196,39777,60,1359
"2021-11-04","KALIMANTAN SELATAN",8,11,-3,0,41204,39788,57,1359
"2021-11-05","KALIMANTAN SELATAN",8,8,0,0,41212,39796,57,1359
"2021-11-06","KALIMANTAN SELATAN",4,6,-3,1,41216,39802,54,1360
"2021-11-07","KALIMANTAN SELATAN",2,5,-3,0,41218,39807,51,1360
"2021-11-08","KALIMANTAN SELATAN",1,9,-8,0,41219,39816,43,1360
"2021-11-09","KALIMANTAN SELATAN",0,3,-3,0,41219,39819,40,1360
"2021-11-10","KALIMANTAN SELATAN",2,2,0,0,41221,39821,40,1360
"2021-11-11","KALIMANTAN SELATAN",0,7,-7,0,41221,39828,33,1360
"2021-11-12","KALIMANTAN SELATAN",1,4,-4,1,41222,39832,29,1361
"2021-11-13","KALIMANTAN SELATAN",5,2,3,0,41227,39834,32,1361
"2021-11-14","KALIMANTAN SELATAN",1,9,-8,0,41228,39843,24,1361
"2021-11-15","KALIMANTAN SELATAN",1,6,-5,0,41229,39849,19,1361
"2021-11-16","KALIMANTAN SELATAN",3,0,3,0,41232,39849,22,1361
"2021-11-17","KALIMANTAN SELATAN",3,1,2,0,41235,39850,24,1361
"2021-11-18","KALIMANTAN SELATAN",4,3,1,0,41239,39853,25,1361
"2021-11-19","KALIMANTAN SELATAN",1,3,-2,0,41240,39856,23,1361
"2021-11-20","KALIMANTAN SELATAN",1,0,1,0,41241,39856,24,1361
"2021-11-21","KALIMANTAN SELATAN",0,1,-1,0,41241,39857,23,1361
"2021-11-22","KALIMANTAN SELATAN",1,3,-2,0,41242,39860,21,1361
"2021-11-23","KALIMANTAN SELATAN",0,0,0,0,41242,39860,21,1361
"2021-11-24","KALIMANTAN SELATAN",5,0,5,0,41247,39860,26,1361
"2021-11-25","KALIMANTAN SELATAN",10,12,-2,0,41257,39872,24,1361
"2021-11-26","KALIMANTAN SELATAN",4,3,1,0,41261,39875,25,1361
"2021-11-27","KALIMANTAN SELATAN",3,1,2,0,41264,39876,27,1361
"2021-11-28","KALIMANTAN SELATAN",3,1,2,0,41267,39877,29,1361
"2021-11-29","KALIMANTAN SELATAN",0,1,-1,0,41267,39878,28,1361
"2021-11-30","KALIMANTAN SELATAN",0,0,0,0,41267,39878,28,1361
"2021-12-01","KALIMANTAN SELATAN",9,5,4,0,41276,39883,32,1361
"2021-12-02","KALIMANTAN SELATAN",2,1,1,0,41278,39884,33,1361
"2021-12-03","KALIMANTAN SELATAN",0,0,0,0,41278,39884,33,1361
"2021-12-04","KALIMANTAN SELATAN",0,3,-3,0,41278,39887,30,1361
"2021-12-05","KALIMANTAN SELATAN",1,2,-1,0,41279,39889,29,1361
"2021-12-06","KALIMANTAN SELATAN",1,5,-5,1,41280,39894,24,1362
"2021-12-07","KALIMANTAN SELATAN",1,0,1,0,41281,39894,25,1362
"2021-12-08","KALIMANTAN SELATAN",0,1,-1,0,41281,39895,24,1362
"2021-12-09","KALIMANTAN SELATAN",2,14,-12,0,41283,39909,12,1362
"2021-12-10","KALIMANTAN SELATAN",4,2,2,0,41287,39911,14,1362
"2021-12-11","KALIMANTAN SELATAN",0,0,0,0,41287,39911,14,1362
"2021-12-12","KALIMANTAN SELATAN",0,1,-1,0,41287,39912,13,1362
"2021-12-13","KALIMANTAN SELATAN",0,2,-2,0,41287,39914,11,1362
"2021-12-14","KALIMANTAN SELATAN",0,0,0,0,41287,39914,11,1362
"2021-12-15","KALIMANTAN SELATAN",2,1,1,0,41289,39915,12,1362
"2021-12-16","KALIMANTAN SELATAN",1,0,1,0,41290,39915,13,1362
"2021-12-17","KALIMANTAN SELATAN",0,1,-1,0,41290,39916,12,1362
"2021-12-18","KALIMANTAN SELATAN",1,1,0,0,41291,39917,12,1362
"2021-12-19","KALIMANTAN SELATAN",2,3,-1,0,41293,39920,11,1362
"2021-12-20","KALIMANTAN SELATAN",2,2,0,0,41295,39922,11,1362
"2021-12-21","KALIMANTAN SELATAN",0,1,-1,0,41295,39923,10,1362
"2021-12-22","KALIMANTAN SELATAN",1,2,-1,0,41296,39925,9,1362
"2021-12-23","KALIMANTAN SELATAN",1,0,1,0,41297,39925,10,1362
"2021-12-24","KALIMANTAN SELATAN",0,0,0,0,41297,39925,10,1362
"2021-12-25","KALIMANTAN SELATAN",2,0,2,0,41299,39925,12,1362
"2021-12-26","KALIMANTAN SELATAN",0,0,0,0,41299,39925,12,1362
"2021-12-27","KALIMANTAN SELATAN",3,0,3,0,41302,39925,15,1362
"2021-12-28","KALIMANTAN SELATAN",2,0,2,0,41304,39925,17,1362
"2021-12-29","KALIMANTAN SELATAN",0,3,-3,0,41304,39928,14,1362
"2021-12-30","KALIMANTAN SELATAN",0,3,-3,0,41304,39931,11,1362
"2021-12-31","KALIMANTAN SELATAN",0,0,0,0,41304,39931,11,1362
"2022-01-01","KALIMANTAN SELATAN",3,0,3,0,41307,39931,14,1362
"2022-01-02","KALIMANTAN SELATAN",0,0,0,0,41307,39931,14,1362
"2022-01-03","KALIMANTAN SELATAN",0,0,-1,1,41307,39931,13,1363
"2022-01-04","KALIMANTAN SELATAN",1,1,0,0,41308,39932,13,1363
"2022-01-05","KALIMANTAN SELATAN",1,5,-4,0,41309,39937,9,1363
"2022-01-06","KALIMANTAN SELATAN",0,0,0,0,41309,39937,9,1363
"2022-01-07","KALIMANTAN SELATAN",0,3,-3,0,41309,39940,6,1363
"2022-01-08","KALIMANTAN SELATAN",2,1,1,0,41311,39941,7,1363
"2022-01-09","KALIMANTAN SELATAN",0,0,0,0,41311,39941,7,1363
"2022-01-10","KALIMANTAN SELATAN",0,0,0,0,41311,39941,7,1363
"2022-01-11","KALIMANTAN SELATAN",1,1,0,0,41312,39942,7,1363
"2022-01-12","KALIMANTAN SELATAN",0,0,0,0,41312,39942,7,1363
"2022-01-13","KALIMANTAN SELATAN",0,2,-2,0,41312,39944,5,1363
"2022-01-14","KALIMANTAN SELATAN",0,0,0,0,41312,39944,5,1363
"2022-01-15","KALIMANTAN SELATAN",1,1,0,0,41313,39945,5,1363
"2022-01-16","KALIMANTAN SELATAN",0,2,-2,0,41313,39947,3,1363
"2022-01-17","KALIMANTAN SELATAN",0,0,0,0,41313,39947,3,1363
"2022-01-18","KALIMANTAN SELATAN",1,0,1,0,41314,39947,4,1363
"2022-01-19","KALIMANTAN SELATAN",3,1,2,0,41317,39948,6,1363
"2022-01-20","KALIMANTAN SELATAN",7,0,7,0,41324,39948,13,1363
"2022-01-21","KALIMANTAN SELATAN",7,0,7,0,41331,39948,20,1363
"2022-01-22","KALIMANTAN SELATAN",3,0,3,0,41334,39948,23,1363
"2022-01-23","KALIMANTAN SELATAN",0,0,0,0,41334,39948,23,1363
"2022-01-24","KALIMANTAN SELATAN",4,2,2,0,41338,39950,25,1363
"2022-01-25","KALIMANTAN SELATAN",10,0,10,0,41348,39950,35,1363
"2022-01-26","KALIMANTAN SELATAN",11,0,11,0,41359,39950,46,1363
"2022-01-27","KALIMANTAN SELATAN",16,0,16,0,41375,39950,62,1363
"2022-01-28","KALIMANTAN SELATAN",18,1,17,0,41393,39951,79,1363
"2022-01-29","KALIMANTAN SELATAN",25,10,15,0,41418,39961,94,1363
"2022-01-30","KALIMANTAN SELATAN",50,0,50,0,41468,39961,144,1363
"2022-01-31","KALIMANTAN SELATAN",44,0,44,0,41512,39961,188,1363
"2022-02-01","KALIMANTAN SELATAN",81,7,74,0,41593,39968,262,1363
"2022-02-02","KALIMANTAN SELATAN",72,0,72,0,41665,39968,334,1363
"2022-02-03","KALIMANTAN SELATAN",150,2,148,0,41815,39970,482,1363
"2022-02-04","KALIMANTAN SELATAN",246,7,239,0,42061,39977,721,1363
"2022-02-05","KALIMANTAN SELATAN",250,0,249,1,42311,39977,970,1364
"2022-02-06","KALIMANTAN SELATAN",247,19,228,0,42558,39996,1198,1364
"2022-02-07","KALIMANTAN SELATAN",103,1,101,1,42661,39997,1299,1365
"2022-02-08","KALIMANTAN SELATAN",383,10,372,1,43044,40007,1671,1366
"2022-02-09","KALIMANTAN SELATAN",565,14,546,5,43609,40021,2217,1371
"2022-02-10","KALIMANTAN SELATAN",444,28,415,1,44053,40049,2632,1372
"2022-02-11","KALIMANTAN SELATAN",544,75,467,2,44597,40124,3099,1374
"2022-02-12","KALIMANTAN SELATAN",612,60,547,5,45209,40184,3646,1379
"2022-02-13","KALIMANTAN SELATAN",486,26,457,3,45695,40210,4103,1382
"2022-02-14","KALIMANTAN SELATAN",303,347,-48,4,45998,40557,4055,1386
"2022-02-15","KALIMANTAN SELATAN",713,76,633,4,46711,40633,4688,1390
"2022-02-16","KALIMANTAN SELATAN",811,170,639,2,47522,40803,5327,1392
"2022-02-17","KALIMANTAN SELATAN",737,258,474,5,48259,41061,5801,1397
"2022-02-18","KALIMANTAN SELATAN",561,649,-94,6,48820,41710,5707,1403
"2022-02-19","KALIMANTAN SELATAN",646,101,544,1,49466,41811,6251,1404
"2022-02-20","KALIMANTAN SELATAN",487,174,306,7,49953,41985,6557,1411
"2022-02-21","KALIMANTAN SELATAN",327,810,-486,3,50280,42795,6071,1414
"2022-02-22","KALIMANTAN SELATAN",643,221,420,2,50923,43016,6491,1416
"2022-02-23","KALIMANTAN SELATAN",621,342,273,6,51544,43358,6764,1422
"2022-02-24","KALIMANTAN SELATAN",562,223,339,0,52106,43581,7103,1422
"2022-02-25","KALIMANTAN SELATAN",404,897,-497,4,52510,44478,6606,1426
"2022-02-26","KALIMANTAN SELATAN",374,524,-152,2,52884,45002,6454,1428
"2022-02-27","KALIMANTAN SELATAN",289,471,-187,5,53173,45473,6267,1433
"2022-02-28","KALIMANTAN SELATAN",105,526,-423,2,53278,45999,5844,1435
"2022-03-01","KALIMANTAN SELATAN",182,459,-282,5,53460,46458,5562,1440
"2022-03-02","KALIMANTAN SELATAN",279,452,-180,7,53739,46910,5382,1447
"2022-03-03","KALIMANTAN SELATAN",264,732,-470,2,54003,47642,4912,1449
"2022-03-04","KALIMANTAN SELATAN",118,792,-679,5,54121,48434,4233,1454
"2022-03-05","KALIMANTAN SELATAN",195,614,-424,5,54316,49048,3809,1459
"2022-03-06","KALIMANTAN SELATAN",103,292,-190,1,54419,49340,3619,1460
"2022-03-07","KALIMANTAN SELATAN",40,317,-279,2,54459,49657,3340,1462
"2022-03-08","KALIMANTAN SELATAN",2,77,-76,1,54461,49734,3264,1463
"2020-08-06","KALIMANTAN TIMUR",36,0,36,0,36,0,36,0
"2020-08-07","KALIMANTAN TIMUR",98,0,95,3,134,0,131,3
"2020-08-08","KALIMANTAN TIMUR",35,1,33,1,169,1,164,4
"2020-08-09","KALIMANTAN TIMUR",53,0,51,2,222,1,215,6
"2020-08-10","KALIMANTAN TIMUR",45,4,37,4,267,5,252,10
"2020-08-11","KALIMANTAN TIMUR",128,7,118,3,395,12,370,13
"2020-08-12","KALIMANTAN TIMUR",46,2,42,2,441,14,412,15
"2020-08-13","KALIMANTAN TIMUR",23,18,4,1,464,32,416,16
"2020-08-14","KALIMANTAN TIMUR",98,20,74,4,562,52,490,20
"2020-08-15","KALIMANTAN TIMUR",56,4,51,1,618,56,541,21
"2020-08-16","KALIMANTAN TIMUR",85,52,15,18,703,108,556,39
"2020-08-17","KALIMANTAN TIMUR",116,39,73,4,819,147,629,43
"2020-08-18","KALIMANTAN TIMUR",93,31,62,0,912,178,691,43
"2020-08-19","KALIMANTAN TIMUR",91,50,38,3,1003,228,729,46
"2020-08-20","KALIMANTAN TIMUR",28,17,9,2,1031,245,738,48
"2020-08-21","KALIMANTAN TIMUR",195,49,141,5,1226,294,879,53
"2020-08-22","KALIMANTAN TIMUR",129,84,44,1,1355,378,923,54
"2020-08-23","KALIMANTAN TIMUR",80,46,19,15,1435,424,942,69
"2020-08-24","KALIMANTAN TIMUR",44,8,33,3,1479,432,975,72
"2020-08-25","KALIMANTAN TIMUR",141,157,-25,9,1620,589,950,81
"2020-08-26","KALIMANTAN TIMUR",134,76,56,2,1754,665,1006,83
"2020-08-27","KALIMANTAN TIMUR",206,50,147,9,1960,715,1153,92
"2020-08-28","KALIMANTAN TIMUR",97,43,51,3,2057,758,1204,95
"2020-08-29","KALIMANTAN TIMUR",200,42,150,8,2257,800,1354,103
"2020-08-30","KALIMANTAN TIMUR",197,17,176,4,2454,817,1530,107
"2020-08-31","KALIMANTAN TIMUR",124,71,52,1,2578,888,1582,108
"2020-09-01","KALIMANTAN TIMUR",61,17,41,3,2639,905,1623,111
"2020-09-02","KALIMANTAN TIMUR",72,67,4,1,2711,972,1627,112
"2020-09-03","KALIMANTAN TIMUR",157,72,58,27,2868,1044,1685,139
"2020-09-04","KALIMANTAN TIMUR",279,89,182,8,3147,1133,1867,147
"2020-09-05","KALIMANTAN TIMUR",128,110,10,8,3275,1243,1877,155
"2020-09-06","KALIMANTAN TIMUR",186,178,1,7,3461,1421,1878,162
"2020-09-07","KALIMANTAN TIMUR",62,10,49,3,3523,1431,1927,165
"2020-09-08","KALIMANTAN TIMUR",87,55,24,8,3610,1486,1951,173
"2020-09-09","KALIMANTAN TIMUR",80,97,-19,2,3690,1583,1932,175
"2020-09-10","KALIMANTAN TIMUR",90,132,-45,3,3780,1715,1887,178
"2020-09-11","KALIMANTAN TIMUR",153,98,52,3,3933,1813,1939,181
"2020-09-12","KALIMANTAN TIMUR",153,98,50,5,4086,1911,1989,186
"2020-09-13","KALIMANTAN TIMUR",174,143,29,2,4260,2054,2018,188
"2020-09-14","KALIMANTAN TIMUR",123,178,-57,2,4383,2232,1961,190
"2020-09-15","KALIMANTAN TIMUR",51,84,-36,3,4434,2316,1925,193
"2020-09-16","KALIMANTAN TIMUR",217,178,34,5,4651,2494,1959,198
"2020-09-17","KALIMANTAN TIMUR",169,102,62,5,4820,2596,2021,203
"2020-09-18","KALIMANTAN TIMUR",119,162,-50,7,4939,2758,1971,210
"2020-09-19","KALIMANTAN TIMUR",111,88,20,3,5050,2846,1991,213
"2020-09-20","KALIMANTAN TIMUR",60,60,-1,1,5110,2906,1990,214
"2020-09-21","KALIMANTAN TIMUR",178,75,97,6,5288,2981,2087,220
"2020-09-22","KALIMANTAN TIMUR",114,152,-43,5,5402,3133,2044,225
"2020-09-23","KALIMANTAN TIMUR",196,182,10,4,5598,3315,2054,229
"2020-09-24","KALIMANTAN TIMUR",195,107,83,5,5793,3422,2137,234
"2020-09-25","KALIMANTAN TIMUR",392,55,329,8,6185,3477,2466,242
"2020-09-26","KALIMANTAN TIMUR",219,98,119,2,6404,3575,2585,244
"2020-09-27","KALIMANTAN TIMUR",140,144,-7,3,6544,3719,2578,247
"2020-09-28","KALIMANTAN TIMUR",114,149,-37,2,6658,3868,2541,249
"2020-09-29","KALIMANTAN TIMUR",114,50,52,12,6772,3918,2593,261
"2020-09-30","KALIMANTAN TIMUR",213,253,-59,19,6985,4171,2534,280
"2020-10-01","KALIMANTAN TIMUR",131,106,5,20,7116,4277,2539,300
"2020-10-02","KALIMANTAN TIMUR",319,84,225,10,7435,4361,2764,310
"2020-10-03","KALIMANTAN TIMUR",0,150,-150,0,7435,4511,2614,310
"2020-10-04","KALIMANTAN TIMUR",0,232,-235,3,7435,4743,2379,313
"2020-10-05","KALIMANTAN TIMUR",117,193,-83,7,7552,4936,2296,320
"2020-10-06","KALIMANTAN TIMUR",200,148,49,3,7752,5084,2345,323
"2020-10-07","KALIMANTAN TIMUR",202,107,92,3,7954,5191,2437,326
"2020-10-08","KALIMANTAN TIMUR",238,233,-7,12,8192,5424,2430,338
"2020-10-09","KALIMANTAN TIMUR",135,178,-52,9,8327,5602,2378,347
"2020-10-10","KALIMANTAN TIMUR",131,127,-2,6,8458,5729,2376,353
"2020-10-11","KALIMANTAN TIMUR",194,208,-19,5,8652,5937,2357,358
"2020-10-12","KALIMANTAN TIMUR",66,48,16,2,8718,5985,2373,360
"2020-10-13","KALIMANTAN TIMUR",108,19,86,3,8826,6004,2459,363
"2020-10-14","KALIMANTAN TIMUR",210,235,-30,5,9036,6239,2429,368
"2020-10-15","KALIMANTAN TIMUR",164,125,32,7,9200,6364,2461,375
"2020-10-16","KALIMANTAN TIMUR",94,199,-108,3,9294,6563,2353,378
"2020-10-17","KALIMANTAN TIMUR",197,219,-23,1,9491,6782,2330,379
"2020-10-18","KALIMANTAN TIMUR",382,194,186,2,9873,6976,2516,381
"2020-10-19","KALIMANTAN TIMUR",85,65,18,2,9958,7041,2534,383
"2020-10-20","KALIMANTAN TIMUR",68,138,-70,0,10026,7179,2464,383
"2020-10-21","KALIMANTAN TIMUR",183,100,77,6,10209,7279,2541,389
"2020-10-22","KALIMANTAN TIMUR",259,176,77,6,10468,7455,2618,395
"2020-10-23","KALIMANTAN TIMUR",0,216,-218,2,10468,7671,2400,397
"2020-10-24","KALIMANTAN TIMUR",1,163,-162,0,10469,7834,2238,397
"2020-10-25","KALIMANTAN TIMUR",175,141,32,2,10644,7975,2270,399
"2020-10-26","KALIMANTAN TIMUR",106,125,-21,2,10750,8100,2249,401
"2020-10-27","KALIMANTAN TIMUR",123,213,-94,4,10873,8313,2155,405
"2020-10-28","KALIMANTAN TIMUR",214,90,123,1,11087,8403,2278,406
"2020-10-29","KALIMANTAN TIMUR",208,248,-45,5,11295,8651,2233,411
"2020-10-30","KALIMANTAN TIMUR",205,229,-24,0,11500,8880,2209,411
"2020-10-31","KALIMANTAN TIMUR",116,201,-94,9,11616,9081,2115,420
"2020-11-01","KALIMANTAN TIMUR",168,147,17,4,11784,9228,2132,424
"2020-11-02","KALIMANTAN TIMUR",86,215,-131,2,11870,9443,2001,426
"2020-11-03","KALIMANTAN TIMUR",152,218,-70,4,12022,9661,1931,430
"2020-11-04","KALIMANTAN TIMUR",146,102,43,1,12168,9763,1974,431
"2020-11-05","KALIMANTAN TIMUR",307,203,103,1,12475,9966,2077,432
"2020-11-06","KALIMANTAN TIMUR",190,115,74,1,12665,10081,2151,433
"2020-11-07","KALIMANTAN TIMUR",265,253,10,2,12930,10334,2161,435
"2020-11-08","KALIMANTAN TIMUR",201,175,20,6,13131,10509,2181,441
"2020-11-09","KALIMANTAN TIMUR",75,283,-212,4,13206,10792,1969,445
"2020-11-10","KALIMANTAN TIMUR",123,107,12,4,13329,10899,1981,449
"2020-11-11","KALIMANTAN TIMUR",345,115,227,3,13674,11014,2208,452
"2020-11-12","KALIMANTAN TIMUR",234,228,1,5,13908,11242,2209,457
"2020-11-13","KALIMANTAN TIMUR",277,332,-58,3,14185,11574,2151,460
"2020-11-14","KALIMANTAN TIMUR",147,144,-4,7,14332,11718,2147,467
"2020-11-15","KALIMANTAN TIMUR",206,294,-92,4,14538,12012,2055,471
"2020-11-16","KALIMANTAN TIMUR",158,213,-57,2,14696,12225,1998,473
"2020-11-17","KALIMANTAN TIMUR",171,218,-47,0,14867,12443,1951,473
"2020-11-18","KALIMANTAN TIMUR",254,85,167,2,15121,12528,2118,475
"2020-11-19","KALIMANTAN TIMUR",131,26,102,3,15252,12554,2220,478
"2020-11-20","KALIMANTAN TIMUR",165,42,118,5,15417,12596,2338,483
"2020-11-21","KALIMANTAN TIMUR",251,183,65,3,15668,12779,2403,486
"2020-11-22","KALIMANTAN TIMUR",137,189,-53,1,15805,12968,2350,487
"2020-11-23","KALIMANTAN TIMUR",132,64,66,2,15937,13032,2416,489
"2020-11-24","KALIMANTAN TIMUR",90,130,-45,5,16027,13162,2371,494
"2020-11-25","KALIMANTAN TIMUR",189,332,-144,1,16216,13494,2227,495
"2020-11-26","KALIMANTAN TIMUR",221,124,88,9,16437,13618,2315,504
"2020-11-27","KALIMANTAN TIMUR",165,175,-17,7,16602,13793,2298,511
"2020-11-28","KALIMANTAN TIMUR",220,166,50,4,16822,13959,2348,515
"2020-11-29","KALIMANTAN TIMUR",203,98,104,1,17025,14057,2452,516
"2020-11-30","KALIMANTAN TIMUR",117,482,-370,5,17142,14539,2082,521
"2020-12-01","KALIMANTAN TIMUR",127,159,-33,1,17269,14698,2049,522
"2020-12-02","KALIMANTAN TIMUR",0,142,-143,1,17269,14840,1906,523
"2020-12-03","KALIMANTAN TIMUR",1,181,-181,1,17270,15021,1725,524
"2020-12-04","KALIMANTAN TIMUR",231,127,99,5,17501,15148,1824,529
"2020-12-05","KALIMANTAN TIMUR",238,170,68,0,17739,15318,1892,529
"2020-12-06","KALIMANTAN TIMUR",185,158,26,1,17924,15476,1918,530
"2020-12-07","KALIMANTAN TIMUR",90,177,-92,5,18014,15653,1826,535
"2020-12-08","KALIMANTAN TIMUR",257,233,21,3,18271,15886,1847,538
"2020-12-09","KALIMANTAN TIMUR",279,151,122,6,18550,16037,1969,544
"2020-12-10","KALIMANTAN TIMUR",109,154,-51,6,18659,16191,1918,550
"2020-12-11","KALIMANTAN TIMUR",214,93,118,3,18873,16284,2036,553
"2020-12-12","KALIMANTAN TIMUR",161,105,52,4,19034,16389,2088,557
"2020-12-13","KALIMANTAN TIMUR",227,152,71,4,19261,16541,2159,561
"2020-12-14","KALIMANTAN TIMUR",116,110,3,3,19377,16651,2162,564
"2020-12-15","KALIMANTAN TIMUR",391,131,259,1,19768,16782,2421,565
"2020-12-16","KALIMANTAN TIMUR",0,169,-176,7,19768,16951,2245,572
"2020-12-17","KALIMANTAN TIMUR",1,173,-176,4,19769,17124,2069,576
"2020-12-18","KALIMANTAN TIMUR",2,147,-147,2,19771,17271,1922,578
"2020-12-19","KALIMANTAN TIMUR",0,183,-187,4,19771,17454,1735,582
"2020-12-20","KALIMANTAN TIMUR",0,110,-113,3,19771,17564,1622,585
"2020-12-21","KALIMANTAN TIMUR",0,228,-230,2,19771,17792,1392,587
"2020-12-22","KALIMANTAN TIMUR",0,81,-85,4,19771,17873,1307,591
"2020-12-23","KALIMANTAN TIMUR",0,123,-126,3,19771,17996,1181,594
"2020-12-24","KALIMANTAN TIMUR",372,153,216,3,20143,18149,1397,597
"2020-12-25","KALIMANTAN TIMUR",218,115,98,5,20361,18264,1495,602
"2020-12-26","KALIMANTAN TIMUR",287,118,163,6,20648,18382,1658,608
"2020-12-27","KALIMANTAN TIMUR",200,97,101,2,20848,18479,1759,610
"2020-12-28","KALIMANTAN TIMUR",109,81,24,4,20957,18560,1783,614
"2020-12-29","KALIMANTAN TIMUR",314,109,201,4,21271,18669,1984,618
"2020-12-30","KALIMANTAN TIMUR",319,100,215,4,21590,18769,2199,622
"2020-12-31","KALIMANTAN TIMUR",364,59,302,3,21954,18828,2501,625
"2021-01-01","KALIMANTAN TIMUR",299,79,209,11,22253,18907,2710,636
"2021-01-02","KALIMANTAN TIMUR",213,114,95,4,22466,19021,2805,640
"2021-01-03","KALIMANTAN TIMUR",0,130,-131,1,22466,19151,2674,641
"2021-01-04","KALIMANTAN TIMUR",0,129,-132,3,22466,19280,2542,644
"2021-01-05","KALIMANTAN TIMUR",0,173,-177,4,22466,19453,2365,648
"2021-01-06","KALIMANTAN TIMUR",0,133,-135,2,22466,19586,2230,650
"2021-01-07","KALIMANTAN TIMUR",1,232,-232,1,22467,19818,1998,651
"2021-01-08","KALIMANTAN TIMUR",1,210,-212,3,22468,20028,1786,654
"2021-01-09","KALIMANTAN TIMUR",0,151,-152,1,22468,20179,1634,655
"2021-01-10","KALIMANTAN TIMUR",0,208,-208,0,22468,20387,1426,655
"2021-01-11","KALIMANTAN TIMUR",0,158,-161,3,22468,20545,1265,658
"2021-01-12","KALIMANTAN TIMUR",0,213,-214,1,22468,20758,1051,659
"2021-01-13","KALIMANTAN TIMUR",507,135,370,2,22975,20893,1421,661
"2021-01-14","KALIMANTAN TIMUR",407,119,281,7,23382,21012,1702,668
"2021-01-15","KALIMANTAN TIMUR",597,112,478,7,23979,21124,2180,675
"2021-01-16","KALIMANTAN TIMUR",570,30,534,6,24549,21154,2714,681
"2021-01-17","KALIMANTAN TIMUR",455,120,322,13,25004,21274,3036,694
"2021-01-18","KALIMANTAN TIMUR",354,177,170,7,25358,21451,3206,701
"2021-01-19","KALIMANTAN TIMUR",0,72,-75,3,25358,21523,3131,704
"2021-01-20","KALIMANTAN TIMUR",0,28,-35,7,25358,21551,3096,711
"2021-01-21","KALIMANTAN TIMUR",0,53,-58,5,25358,21604,3038,716
"2021-01-22","KALIMANTAN TIMUR",1,125,-128,4,25359,21729,2910,720
"2021-01-23","KALIMANTAN TIMUR",1,189,-189,1,25360,21918,2721,721
"2021-01-24","KALIMANTAN TIMUR",1,260,-260,1,25361,22178,2461,722
"2021-01-25","KALIMANTAN TIMUR",0,235,-236,1,25361,22413,2225,723
"2021-01-26","KALIMANTAN TIMUR",1,221,-221,1,25362,22634,2004,724
"2021-01-27","KALIMANTAN TIMUR",4,245,-242,1,25366,22879,1762,725
"2021-01-28","KALIMANTAN TIMUR",0,154,-156,2,25366,23033,1606,727
"2021-01-29","KALIMANTAN TIMUR",1,238,-238,1,25367,23271,1368,728
"2021-01-30","KALIMANTAN TIMUR",2,151,-149,0,25369,23422,1219,728
"2021-01-31","KALIMANTAN TIMUR",1,130,-131,2,25370,23552,1088,730
"2021-02-01","KALIMANTAN TIMUR",1,35,-34,0,25371,23587,1054,730
"2021-02-02","KALIMANTAN TIMUR",443,101,341,1,25814,23688,1395,731
"2021-02-03","KALIMANTAN TIMUR",902,133,762,7,26716,23821,2157,738
"2021-02-04","KALIMANTAN TIMUR",730,198,522,10,27446,24019,2679,748
"2021-02-05","KALIMANTAN TIMUR",798,61,728,9,28244,24080,3407,757
"2021-02-06","KALIMANTAN TIMUR",607,84,507,16,28851,24164,3914,773
"2021-02-07","KALIMANTAN TIMUR",499,84,408,7,29350,24248,4322,780
"2021-02-08","KALIMANTAN TIMUR",0,73,-79,6,29350,24321,4243,786
"2021-02-09","KALIMANTAN TIMUR",2,99,-100,3,29352,24420,4143,789
"2021-02-10","KALIMANTAN TIMUR",3,147,-149,5,29355,24567,3994,794
"2021-02-11","KALIMANTAN TIMUR",2,341,-344,5,29357,24908,3650,799
"2021-02-12","KALIMANTAN TIMUR",1,266,-272,7,29358,25174,3378,806
"2021-02-13","KALIMANTAN TIMUR",4,229,-226,1,29362,25403,3152,807
"2021-02-14","KALIMANTAN TIMUR",5,262,-262,5,29367,25665,2890,812
"2021-02-15","KALIMANTAN TIMUR",0,266,-267,1,29367,25931,2623,813
"2021-02-16","KALIMANTAN TIMUR",0,129,-129,0,29367,26060,2494,813
"2021-02-17","KALIMANTAN TIMUR",1,186,-189,4,29368,26246,2305,817
"2021-02-18","KALIMANTAN TIMUR",1,289,-292,4,29369,26535,2013,821
"2021-02-19","KALIMANTAN TIMUR",1,191,-194,4,29370,26726,1819,825
"2021-02-20","KALIMANTAN TIMUR",3,223,-222,2,29373,26949,1597,827
"2021-02-21","KALIMANTAN TIMUR",2,84,-83,1,29375,27033,1514,828
"2021-02-22","KALIMANTAN TIMUR",399,34,362,3,29774,27067,1876,831
"2021-02-23","KALIMANTAN TIMUR",429,62,365,2,30203,27129,2241,833
"2021-02-24","KALIMANTAN TIMUR",421,83,331,7,30624,27212,2572,840
"2021-02-25","KALIMANTAN TIMUR",395,110,281,4,31019,27322,2853,844
"2021-02-26","KALIMANTAN TIMUR",484,109,370,5,31503,27431,3223,849
"2021-02-27","KALIMANTAN TIMUR",375,297,75,3,31878,27728,3298,852
"2021-02-28","KALIMANTAN TIMUR",370,135,234,1,32248,27863,3532,853
"2021-03-01","KALIMANTAN TIMUR",433,240,186,7,32681,28103,3718,860
"2021-03-02","KALIMANTAN TIMUR",4,260,-265,9,32685,28363,3453,869
"2021-03-03","KALIMANTAN TIMUR",7,182,-179,4,32692,28545,3274,873
"2021-03-04","KALIMANTAN TIMUR",8,195,-187,0,32700,28740,3087,873
"2021-03-05","KALIMANTAN TIMUR",15,226,-212,1,32715,28966,2875,874
"2021-03-06","KALIMANTAN TIMUR",2,202,-202,2,32717,29168,2673,876
"2021-03-07","KALIMANTAN TIMUR",4,183,-186,7,32721,29351,2487,883
"2021-03-08","KALIMANTAN TIMUR",7,220,-214,1,32728,29571,2273,884
"2021-03-09","KALIMANTAN TIMUR",4,221,-218,1,32732,29792,2055,885
"2021-03-10","KALIMANTAN TIMUR",6,242,-237,1,32738,30034,1818,886
"2021-03-11","KALIMANTAN TIMUR",22,221,-201,2,32760,30255,1617,888
"2021-03-12","KALIMANTAN TIMUR",15,180,-165,0,32775,30435,1452,888
"2021-03-13","KALIMANTAN TIMUR",13,119,-106,0,32788,30554,1346,888
"2021-03-14","KALIMANTAN TIMUR",194,101,93,0,32982,30655,1439,888
"2021-03-15","KALIMANTAN TIMUR",201,173,27,1,33183,30828,1466,889
"2021-03-16","KALIMANTAN TIMUR",236,49,185,2,33419,30877,1651,891
"2021-03-17","KALIMANTAN TIMUR",231,57,172,2,33650,30934,1823,893
"2021-03-18","KALIMANTAN TIMUR",315,99,212,4,33965,31033,2035,897
"2021-03-19","KALIMANTAN TIMUR",263,38,222,3,34228,31071,2257,900
"2021-03-20","KALIMANTAN TIMUR",210,46,159,5,34438,31117,2416,905
"2021-03-21","KALIMANTAN TIMUR",216,84,126,6,34654,31201,2542,911
"2021-03-22","KALIMANTAN TIMUR",70,271,-205,4,34724,31472,2337,915
"2021-03-23","KALIMANTAN TIMUR",224,142,81,1,34948,31614,2418,916
"2021-03-24","KALIMANTAN TIMUR",269,225,39,5,35217,31839,2457,921
"2021-03-25","KALIMANTAN TIMUR",125,242,-122,5,35342,32081,2335,926
"2021-03-26","KALIMANTAN TIMUR",0,119,-123,4,35342,32200,2212,930
"2021-03-27","KALIMANTAN TIMUR",0,124,-127,3,35342,32324,2085,933
"2021-03-28","KALIMANTAN TIMUR",0,175,-177,2,35342,32499,1908,935
"2021-03-29","KALIMANTAN TIMUR",0,193,-194,1,35342,32692,1714,936
"2021-03-30","KALIMANTAN TIMUR",0,180,-181,1,35342,32872,1533,937
"2021-03-31","KALIMANTAN TIMUR",0,114,-114,0,35342,32986,1419,937
"2021-04-01","KALIMANTAN TIMUR",0,172,-173,1,35342,33158,1246,938
"2021-04-02","KALIMANTAN TIMUR",0,119,-121,2,35342,33277,1125,940
"2021-04-03","KALIMANTAN TIMUR",138,86,46,6,35480,33363,1171,946
"2021-04-04","KALIMANTAN TIMUR",154,168,-18,4,35634,33531,1153,950
"2021-04-05","KALIMANTAN TIMUR",90,166,-81,5,35724,33697,1072,955
"2021-04-06","KALIMANTAN TIMUR",197,101,95,1,35921,33798,1167,956
"2021-04-07","KALIMANTAN TIMUR",163,209,-53,7,36084,34007,1114,963
"2021-04-08","KALIMANTAN TIMUR",153,91,61,1,36237,34098,1175,964
"2021-04-09","KALIMANTAN TIMUR",205,72,132,1,36442,34170,1307,965
"2021-04-10","KALIMANTAN TIMUR",187,38,147,2,36629,34208,1454,967
"2021-04-11","KALIMANTAN TIMUR",202,78,118,6,36831,34286,1572,973
"2021-04-12","KALIMANTAN TIMUR",96,45,46,5,36927,34331,1618,978
"2021-04-13","KALIMANTAN TIMUR",158,90,67,1,37085,34421,1685,979
"2021-04-14","KALIMANTAN TIMUR",196,98,95,3,37281,34519,1780,982
"2021-04-15","KALIMANTAN TIMUR",0,188,-190,2,37281,34707,1590,984
"2021-04-16","KALIMANTAN TIMUR",0,146,-147,1,37281,34853,1443,985
"2021-04-17","KALIMANTAN TIMUR",0,131,-131,0,37281,34984,1312,985
"2021-04-18","KALIMANTAN TIMUR",0,187,-188,1,37281,35171,1124,986
"2021-04-19","KALIMANTAN TIMUR",0,137,-139,2,37281,35308,985,988
"2021-04-20","KALIMANTAN TIMUR",0,148,-149,1,37281,35456,836,989
"2021-04-21","KALIMANTAN TIMUR",0,118,-118,0,37281,35574,718,989
"2021-04-22","KALIMANTAN TIMUR",1,80,-79,0,37282,35654,639,989
"2021-04-23","KALIMANTAN TIMUR",188,106,81,1,37470,35760,720,990
"2021-04-24","KALIMANTAN TIMUR",149,117,31,1,37619,35877,751,991
"2021-04-25","KALIMANTAN TIMUR",165,54,109,2,37784,35931,860,993
"2021-04-26","KALIMANTAN TIMUR",82,123,-45,4,37866,36054,815,997
"2021-04-27","KALIMANTAN TIMUR",158,56,98,4,38024,36110,913,1001
"2021-04-28","KALIMANTAN TIMUR",186,41,141,4,38210,36151,1054,1005
"2021-04-29","KALIMANTAN TIMUR",145,116,26,3,38355,36267,1080,1008
"2021-04-30","KALIMANTAN TIMUR",161,33,127,1,38516,36300,1207,1009
"2021-05-01","KALIMANTAN TIMUR",137,94,42,1,38653,36394,1249,1010
"2021-05-02","KALIMANTAN TIMUR",52,78,-29,3,38705,36472,1220,1013
"2021-05-03","KALIMANTAN TIMUR",84,108,-26,2,38789,36580,1194,1015
"2021-05-04","KALIMANTAN TIMUR",137,51,82,4,38926,36631,1276,1019
"2021-05-05","KALIMANTAN TIMUR",0,69,-72,3,38926,36700,1204,1022
"2021-05-06","KALIMANTAN TIMUR",0,93,-94,1,38926,36793,1110,1023
"2021-05-07","KALIMANTAN TIMUR",0,134,-138,4,38926,36927,972,1027
"2021-05-08","KALIMANTAN TIMUR",0,188,-188,0,38926,37115,784,1027
"2021-05-09","KALIMANTAN TIMUR",0,165,-166,1,38926,37280,618,1028
"2021-05-10","KALIMANTAN TIMUR",0,109,-109,0,38926,37389,509,1028
"2021-05-11","KALIMANTAN TIMUR",0,66,-66,0,38926,37455,443,1028
"2021-05-12","KALIMANTAN TIMUR",0,60,-60,0,38926,37515,383,1028
"2021-05-13","KALIMANTAN TIMUR",80,59,19,2,39006,37574,402,1030
"2021-05-14","KALIMANTAN TIMUR",13,58,-46,1,39019,37632,356,1031
"2021-05-15","KALIMANTAN TIMUR",52,40,11,1,39071,37672,367,1032
"2021-05-16","KALIMANTAN TIMUR",56,28,26,2,39127,37700,393,1034
"2021-05-17","KALIMANTAN TIMUR",59,40,17,2,39186,37740,410,1036
"2021-05-18","KALIMANTAN TIMUR",138,30,105,3,39324,37770,515,1039
"2021-05-19","KALIMANTAN TIMUR",128,14,112,2,39452,37784,627,1041
"2021-05-20","KALIMANTAN TIMUR",100,6,93,1,39552,37790,720,1042
"2021-05-21","KALIMANTAN TIMUR",87,64,19,4,39639,37854,739,1046
"2021-05-22","KALIMANTAN TIMUR",99,29,70,0,39738,37883,809,1046
"2021-05-23","KALIMANTAN TIMUR",103,33,69,1,39841,37916,878,1047
"2021-05-24","KALIMANTAN TIMUR",105,25,79,1,39946,37941,957,1048
"2021-05-25","KALIMANTAN TIMUR",112,41,66,5,40058,37982,1023,1053
"2021-05-26","KALIMANTAN TIMUR",82,47,33,2,40140,38029,1056,1055
"2021-05-27","KALIMANTAN TIMUR",0,104,-106,2,40140,38133,950,1057
"2021-05-28","KALIMANTAN TIMUR",0,71,-73,2,40140,38204,877,1059
"2021-05-29","KALIMANTAN TIMUR",0,98,-98,0,40140,38302,779,1059
"2021-05-30","KALIMANTAN TIMUR",0,120,-120,0,40140,38422,659,1059
"2021-05-31","KALIMANTAN TIMUR",0,152,-153,1,40140,38574,506,1060
"2021-06-01","KALIMANTAN TIMUR",0,67,-67,0,40140,38641,439,1060
"2021-06-02","KALIMANTAN TIMUR",64,63,-1,2,40204,38704,438,1062
"2021-06-03","KALIMANTAN TIMUR",94,47,47,0,40298,38751,485,1062
"2021-06-04","KALIMANTAN TIMUR",113,67,45,1,40411,38818,530,1063
"2021-06-05","KALIMANTAN TIMUR",79,53,26,0,40490,38871,556,1063
"2021-06-06","KALIMANTAN TIMUR",75,37,34,4,40565,38908,590,1067
"2021-06-07","KALIMANTAN TIMUR",40,49,-15,6,40605,38957,575,1073
"2021-06-08","KALIMANTAN TIMUR",90,38,50,2,40695,38995,625,1075
"2021-06-09","KALIMANTAN TIMUR",84,51,32,1,40779,39046,657,1076
"2021-06-10","KALIMANTAN TIMUR",108,20,85,3,40887,39066,742,1079
"2021-06-11","KALIMANTAN TIMUR",0,46,-49,3,40887,39112,693,1082
"2021-06-12","KALIMANTAN TIMUR",0,37,-38,1,40887,39149,655,1083
"2021-06-13","KALIMANTAN TIMUR",0,45,-45,0,40887,39194,610,1083
"2021-06-14","KALIMANTAN TIMUR",0,47,-49,2,40887,39241,561,1085
"2021-06-15","KALIMANTAN TIMUR",0,84,-84,0,40887,39325,477,1085
"2021-06-16","KALIMANTAN TIMUR",0,53,-53,0,40887,39378,424,1085
"2021-06-17","KALIMANTAN TIMUR",0,30,-30,0,40887,39408,394,1085
"2021-06-18","KALIMANTAN TIMUR",0,62,-62,0,40887,39470,332,1085
"2021-06-19","KALIMANTAN TIMUR",0,61,-63,2,40887,39531,269,1087
"2021-06-20","KALIMANTAN TIMUR",0,46,-48,2,40887,39577,221,1089
"2021-06-21","KALIMANTAN TIMUR",0,46,-46,0,40887,39623,175,1089
"2021-06-22","KALIMANTAN TIMUR",245,51,191,3,41132,39674,366,1092
"2021-06-23","KALIMANTAN TIMUR",227,11,213,3,41359,39685,579,1095
"2021-06-24","KALIMANTAN TIMUR",336,29,305,2,41695,39714,884,1097
"2021-06-25","KALIMANTAN TIMUR",352,28,321,3,42047,39742,1205,1100
"2021-06-26","KALIMANTAN TIMUR",0,14,-18,4,42047,39756,1187,1104
"2021-06-27","KALIMANTAN TIMUR",1,8,-11,4,42048,39764,1176,1108
"2021-06-28","KALIMANTAN TIMUR",0,3,-4,1,42048,39767,1172,1109
"2021-06-29","KALIMANTAN TIMUR",0,21,-27,6,42048,39788,1145,1115
"2021-06-30","KALIMANTAN TIMUR",0,6,-8,2,42048,39794,1137,1117
"2021-07-01","KALIMANTAN TIMUR",0,30,-32,2,42048,39824,1105,1119
"2021-07-02","KALIMANTAN TIMUR",0,55,-57,2,42048,39879,1048,1121
"2021-07-03","KALIMANTAN TIMUR",0,147,-149,2,42048,40026,899,1123
"2021-07-04","KALIMANTAN TIMUR",738,129,606,3,42786,40155,1505,1126
"2021-07-05","KALIMANTAN TIMUR",428,68,349,11,43214,40223,1854,1137
"2021-07-06","KALIMANTAN TIMUR",726,83,633,10,43940,40306,2487,1147
"2021-07-07","KALIMANTAN TIMUR",757,108,633,16,44697,40414,3120,1163
"2021-07-08","KALIMANTAN TIMUR",980,71,885,24,45677,40485,4005,1187
"2021-07-09","KALIMANTAN TIMUR",1020,128,880,12,46697,40613,4885,1199
"2021-07-10","KALIMANTAN TIMUR",1051,131,900,20,47748,40744,5785,1219
"2021-07-11","KALIMANTAN TIMUR",1134,87,1000,47,48882,40831,6785,1266
"2021-07-12","KALIMANTAN TIMUR",1002,68,913,21,49884,40899,7698,1287
"2021-07-13","KALIMANTAN TIMUR",502,204,267,31,50386,41103,7965,1318
"2021-07-14","KALIMANTAN TIMUR",146,167,-31,10,50532,41270,7934,1328
"2021-07-15","KALIMANTAN TIMUR",164,310,-162,16,50696,41580,7772,1344
"2021-07-16","KALIMANTAN TIMUR",138,489,-378,27,50834,42069,7394,1371
"2021-07-17","KALIMANTAN TIMUR",1207,463,725,19,52041,42532,8119,1390
"2021-07-18","KALIMANTAN TIMUR",1500,462,1011,27,53541,42994,9130,1417
"2021-07-19","KALIMANTAN TIMUR",949,544,347,58,54490,43538,9477,1475
"2021-07-20","KALIMANTAN TIMUR",1154,350,746,58,55644,43888,10223,1533
"2021-07-21","KALIMANTAN TIMUR",879,271,555,53,56523,44159,10778,1586
"2021-07-22","KALIMANTAN TIMUR",1889,483,1341,65,58412,44642,12119,1651
"2021-07-23","KALIMANTAN TIMUR",1434,450,930,54,59846,45092,13049,1705
"2021-07-24","KALIMANTAN TIMUR",2044,513,1471,60,61890,45605,14520,1765
"2021-07-25","KALIMANTAN TIMUR",1638,505,1065,68,63528,46110,15585,1833
"2021-07-26","KALIMANTAN TIMUR",902,586,249,67,64430,46696,15834,1900
"2021-07-27","KALIMANTAN TIMUR",1938,736,1150,52,66368,47432,16984,1952
"2021-07-28","KALIMANTAN TIMUR",2035,853,1097,85,68403,48285,18081,2037
"2021-07-29","KALIMANTAN TIMUR",1482,1080,314,88,69885,49365,18395,2125
"2021-07-30","KALIMANTAN TIMUR",2308,859,1384,65,72193,50224,19779,2190
"2021-07-31","KALIMANTAN TIMUR",1629,934,624,71,73822,51158,20403,2261
"2021-08-01","KALIMANTAN TIMUR",1678,1342,260,76,75500,52500,20663,2337
"2021-08-02","KALIMANTAN TIMUR",1080,1555,-525,50,76580,54055,20138,2387
"2021-08-03","KALIMANTAN TIMUR",411,1205,-835,41,76991,55260,19303,2428
"2021-08-04","KALIMANTAN TIMUR",142,1606,-1489,25,77133,56866,17814,2453
"2021-08-05","KALIMANTAN TIMUR",189,1814,-1664,39,77322,58680,16150,2492
"2021-08-06","KALIMANTAN TIMUR",157,2155,-2024,26,77479,60835,14126,2518
"2021-08-07","KALIMANTAN TIMUR",126,1549,-1439,16,77605,62384,12687,2534
"2021-08-08","KALIMANTAN TIMUR",113,1440,-1348,21,77718,63824,11339,2555
"2021-08-09","KALIMANTAN TIMUR",977,1711,-772,38,78695,65535,10567,2593
"2021-08-10","KALIMANTAN TIMUR",1531,1956,-486,61,80226,67491,10081,2654
"2021-08-11","KALIMANTAN TIMUR",1805,1556,206,43,82031,69047,10287,2697
"2021-08-12","KALIMANTAN TIMUR",1109,1575,-517,51,83140,70622,9770,2748
"2021-08-13","KALIMANTAN TIMUR",1344,1103,183,58,84484,71725,9953,2806
"2021-08-14","KALIMANTAN TIMUR",1067,842,175,50,85551,72567,10128,2856
"2021-08-15","KALIMANTAN TIMUR",686,755,-121,52,86237,73322,10007,2908
"2021-08-16","KALIMANTAN TIMUR",538,445,39,54,86775,73767,10046,2962
"2021-08-17","KALIMANTAN TIMUR",818,469,303,46,87593,74236,10349,3008
"2021-08-18","KALIMANTAN TIMUR",536,512,-42,66,88129,74748,10307,3074
"2021-08-19","KALIMANTAN TIMUR",970,959,-56,67,89099,75707,10251,3141
"2021-08-20","KALIMANTAN TIMUR",796,998,-243,41,89895,76705,10008,3182
"2021-08-21","KALIMANTAN TIMUR",559,922,-399,36,90454,77627,9609,3218
"2021-08-22","KALIMANTAN TIMUR",524,1448,-949,25,90978,79075,8660,3243
"2021-08-23","KALIMANTAN TIMUR",179,814,-661,26,91157,79889,7999,3269
"2021-08-24","KALIMANTAN TIMUR",93,1014,-946,25,91250,80903,7053,3294
"2021-08-25","KALIMANTAN TIMUR",120,1069,-971,22,91370,81972,6082,3316
"2021-08-26","KALIMANTAN TIMUR",85,755,-690,20,91455,82727,5392,3336
"2021-08-27","KALIMANTAN TIMUR",84,1024,-952,12,91539,83751,4440,3348
"2021-08-28","KALIMANTAN TIMUR",102,522,-428,8,91641,84273,4012,3356
"2021-08-29","KALIMANTAN TIMUR",70,564,-498,4,91711,84837,3514,3360
"2021-08-30","KALIMANTAN TIMUR",57,535,-484,6,91768,85372,3030,3366
"2021-08-31","KALIMANTAN TIMUR",118,589,-474,3,91886,85961,2556,3369
"2021-09-01","KALIMANTAN TIMUR",302,459,-166,9,92188,86420,2390,3378
"2021-09-02","KALIMANTAN TIMUR",503,245,250,8,92691,86665,2640,3386
"2021-09-03","KALIMANTAN TIMUR",364,357,-2,9,93055,87022,2638,3395
"2021-09-04","KALIMANTAN TIMUR",323,228,75,20,93378,87250,2713,3415
"2021-09-05","KALIMANTAN TIMUR",293,245,38,10,93671,87495,2751,3425
"2021-09-06","KALIMANTAN TIMUR",189,247,-69,11,93860,87742,2682,3436
"2021-09-07","KALIMANTAN TIMUR",399,207,181,11,94259,87949,2863,3447
"2021-09-08","KALIMANTAN TIMUR",353,114,228,11,94612,88063,3091,3458
"2021-09-09","KALIMANTAN TIMUR",272,155,106,11,94884,88218,3197,3469
"2021-09-10","KALIMANTAN TIMUR",238,234,-4,8,95122,88452,3193,3477
"2021-09-11","KALIMANTAN TIMUR",238,202,21,15,95360,88654,3214,3492
"2021-09-12","KALIMANTAN TIMUR",164,273,-120,11,95524,88927,3094,3503
"2021-09-13","KALIMANTAN TIMUR",89,255,-178,12,95613,89182,2916,3515
"2021-09-14","KALIMANTAN TIMUR",205,362,-169,12,95818,89544,2747,3527
"2021-09-15","KALIMANTAN TIMUR",157,292,-146,11,95975,89836,2601,3538
"2021-09-16","KALIMANTAN TIMUR",93,249,-163,7,96068,90085,2438,3545
"2021-09-17","KALIMANTAN TIMUR",212,338,-133,7,96280,90423,2305,3552
"2021-09-18","KALIMANTAN TIMUR",155,290,-142,7,96435,90713,2163,3559
"2021-09-19","KALIMANTAN TIMUR",62,191,-138,9,96497,90904,2025,3568
"2021-09-20","KALIMANTAN TIMUR",87,297,-213,3,96584,91201,1812,3571
"2021-09-21","KALIMANTAN TIMUR",172,257,-88,3,96756,91458,1724,3574
"2021-09-22","KALIMANTAN TIMUR",116,182,-71,5,96872,91640,1653,3579
"2021-09-23","KALIMANTAN TIMUR",117,202,-87,2,96989,91842,1566,3581
"2021-09-24","KALIMANTAN TIMUR",132,203,-74,3,97121,92045,1492,3584
"2021-09-25","KALIMANTAN TIMUR",41,186,-147,2,97162,92231,1345,3586
"2021-09-26","KALIMANTAN TIMUR",16,107,-91,0,97178,92338,1254,3586
"2021-09-27","KALIMANTAN TIMUR",11,218,-210,3,97189,92556,1044,3589
"2021-09-28","KALIMANTAN TIMUR",16,156,-140,0,97205,92712,904,3589
"2021-09-29","KALIMANTAN TIMUR",24,98,-77,3,97229,92810,827,3592
"2021-09-30","KALIMANTAN TIMUR",51,100,-50,1,97280,92910,777,3593
"2021-10-01","KALIMANTAN TIMUR",38,123,-85,0,97318,93033,692,3593
"2021-10-02","KALIMANTAN TIMUR",35,93,-59,1,97353,93126,633,3594
"2021-10-03","KALIMANTAN TIMUR",49,94,-46,1,97402,93220,587,3595
"2021-10-04","KALIMANTAN TIMUR",37,82,-50,5,97439,93302,537,3600
"2021-10-05","KALIMANTAN TIMUR",73,67,4,2,97512,93369,541,3602
"2021-10-06","KALIMANTAN TIMUR",54,78,-24,0,97566,93447,517,3602
"2021-10-07","KALIMANTAN TIMUR",81,50,26,5,97647,93497,543,3607
"2021-10-08","KALIMANTAN TIMUR",60,39,18,3,97707,93536,561,3610
"2021-10-09","KALIMANTAN TIMUR",35,28,4,3,97742,93564,565,3613
"2021-10-10","KALIMANTAN TIMUR",45,39,2,4,97787,93603,567,3617
"2021-10-11","KALIMANTAN TIMUR",28,46,-21,3,97815,93649,546,3620
"2021-10-12","KALIMANTAN TIMUR",47,27,19,1,97862,93676,565,3621
"2021-10-13","KALIMANTAN TIMUR",24,67,-48,5,97886,93743,517,3626
"2021-10-14","KALIMANTAN TIMUR",46,44,-2,4,97932,93787,515,3630
"2021-10-15","KALIMANTAN TIMUR",26,63,-39,2,97958,93850,476,3632
"2021-10-16","KALIMANTAN TIMUR",40,42,-2,0,97998,93892,474,3632
"2021-10-17","KALIMANTAN TIMUR",19,70,-55,4,98017,93962,419,3636
"2021-10-18","KALIMANTAN TIMUR",19,54,-39,4,98036,94016,380,3640
"2021-10-19","KALIMANTAN TIMUR",35,58,-27,4,98071,94074,353,3644
"2021-10-20","KALIMANTAN TIMUR",19,42,-25,2,98090,94116,328,3646
"2021-10-21","KALIMANTAN TIMUR",7,51,-44,0,98097,94167,284,3646
"2021-10-22","KALIMANTAN TIMUR",23,40,-20,3,98120,94207,264,3649
"2021-10-23","KALIMANTAN TIMUR",33,44,-11,0,98153,94251,253,3649
"2021-10-24","KALIMANTAN TIMUR",23,35,-15,3,98176,94286,238,3652
"2021-10-25","KALIMANTAN TIMUR",13,41,-30,2,98189,94327,208,3654
"2021-10-26","KALIMANTAN TIMUR",24,30,-7,1,98213,94357,201,3655
"2021-10-27","KALIMANTAN TIMUR",21,26,-6,1,98234,94383,195,3656
"2021-10-28","KALIMANTAN TIMUR",17,24,-9,2,98251,94407,186,3658
"2021-10-29","KALIMANTAN TIMUR",22,9,12,1,98273,94416,198,3659
"2021-10-30","KALIMANTAN TIMUR",12,26,-14,0,98285,94442,184,3659
"2021-10-31","KALIMANTAN TIMUR",11,14,-3,0,98296,94456,181,3659
"2021-11-01","KALIMANTAN TIMUR",16,26,-10,0,98312,94482,171,3659
"2021-11-02","KALIMANTAN TIMUR",21,22,-2,1,98333,94504,169,3660
"2021-11-03","KALIMANTAN TIMUR",18,20,-2,0,98351,94524,167,3660
"2021-11-04","KALIMANTAN TIMUR",18,15,3,0,98369,94539,170,3660
"2021-11-05","KALIMANTAN TIMUR",9,29,-20,0,98378,94568,150,3660
"2021-11-06","KALIMANTAN TIMUR",14,16,-2,0,98392,94584,148,3660
"2021-11-07","KALIMANTAN TIMUR",10,18,-8,0,98402,94602,140,3660
"2021-11-08","KALIMANTAN TIMUR",3,16,-13,0,98405,94618,127,3660
"2021-11-09","KALIMANTAN TIMUR",6,9,-3,0,98411,94627,124,3660
"2021-11-10","KALIMANTAN TIMUR",8,14,-6,0,98419,94641,118,3660
"2021-11-11","KALIMANTAN TIMUR",4,17,-13,0,98423,94658,105,3660
"2021-11-12","KALIMANTAN TIMUR",12,17,-5,0,98435,94675,100,3660
"2021-11-13","KALIMANTAN TIMUR",7,22,-15,0,98442,94697,85,3660
"2021-11-14","KALIMANTAN TIMUR",22,19,3,0,98464,94716,88,3660
"2021-11-15","KALIMANTAN TIMUR",11,21,-10,0,98475,94737,78,3660
"2021-11-16","KALIMANTAN TIMUR",10,12,-2,0,98485,94749,76,3660
"2021-11-17","KALIMANTAN TIMUR",7,8,-1,0,98492,94757,75,3660
"2021-11-18","KALIMANTAN TIMUR",6,1,5,0,98498,94758,80,3660
"2021-11-19","KALIMANTAN TIMUR",5,2,3,0,98503,94760,83,3660
"2021-11-20","KALIMANTAN TIMUR",7,5,2,0,98510,94765,85,3660
"2021-11-21","KALIMANTAN TIMUR",7,3,4,0,98517,94768,89,3660
"2021-11-22","KALIMANTAN TIMUR",9,14,-5,0,98526,94782,84,3660
"2021-11-23","KALIMANTAN TIMUR",7,6,1,0,98533,94788,85,3660
"2021-11-24","KALIMANTAN TIMUR",12,10,1,1,98545,94798,86,3661
"2021-11-25","KALIMANTAN TIMUR",4,7,-3,0,98549,94805,83,3661
"2021-11-26","KALIMANTAN TIMUR",3,5,-2,0,98552,94810,81,3661
"2021-11-27","KALIMANTAN TIMUR",5,11,-6,0,98557,94821,75,3661
"2021-11-28","KALIMANTAN TIMUR",6,6,0,0,98563,94827,75,3661
"2021-11-29","KALIMANTAN TIMUR",4,5,-1,0,98567,94832,74,3661
"2021-11-30","KALIMANTAN TIMUR",2,7,-5,0,98569,94839,69,3661
"2021-12-01","KALIMANTAN TIMUR",6,2,4,0,98575,94841,73,3661
"2021-12-02","KALIMANTAN TIMUR",7,17,-10,0,98582,94858,63,3661
"2021-12-03","KALIMANTAN TIMUR",1,13,-12,0,98583,94871,51,3661
"2021-12-04","KALIMANTAN TIMUR",2,7,-5,0,98585,94878,46,3661
"2021-12-05","KALIMANTAN TIMUR",2,7,-5,0,98587,94885,41,3661
"2021-12-06","KALIMANTAN TIMUR",2,6,-5,1,98589,94891,36,3662
"2021-12-07","KALIMANTAN TIMUR",5,0,5,0,98594,94891,41,3662
"2021-12-08","KALIMANTAN TIMUR",5,6,-1,0,98599,94897,40,3662
"2021-12-09","KALIMANTAN TIMUR",8,6,2,0,98607,94903,42,3662
"2021-12-10","KALIMANTAN TIMUR",1,8,-7,0,98608,94911,35,3662
"2021-12-11","KALIMANTAN TIMUR",2,1,1,0,98610,94912,36,3662
"2021-12-12","KALIMANTAN TIMUR",0,6,-6,0,98610,94918,30,3662
"2021-12-13","KALIMANTAN TIMUR",3,6,-3,0,98613,94924,27,3662
"2021-12-14","KALIMANTAN TIMUR",7,0,7,0,98620,94924,34,3662
"2021-12-15","KALIMANTAN TIMUR",5,1,4,0,98625,94925,38,3662
"2021-12-16","KALIMANTAN TIMUR",4,5,-1,0,98629,94930,37,3662
"2021-12-17","KALIMANTAN TIMUR",4,3,1,0,98633,94933,38,3662
"2021-12-18","KALIMANTAN TIMUR",1,7,-6,0,98634,94940,32,3662
"2021-12-19","KALIMANTAN TIMUR",5,2,3,0,98639,94942,35,3662
"2021-12-20","KALIMANTAN TIMUR",3,2,1,0,98642,94944,36,3662
"2021-12-21","KALIMANTAN TIMUR",4,1,3,0,98646,94945,39,3662
"2021-12-22","KALIMANTAN TIMUR",1,4,-3,0,98647,94949,36,3662
"2021-12-23","KALIMANTAN TIMUR",2,2,0,0,98649,94951,36,3662
"2021-12-24","KALIMANTAN TIMUR",1,2,-1,0,98650,94953,35,3662
"2021-12-25","KALIMANTAN TIMUR",3,8,-5,0,98653,94961,30,3662
"2021-12-26","KALIMANTAN TIMUR",1,2,-1,0,98654,94963,29,3662
"2021-12-27","KALIMANTAN TIMUR",3,4,-1,0,98657,94967,28,3662
"2021-12-28","KALIMANTAN TIMUR",3,1,2,0,98660,94968,30,3662
"2021-12-29","KALIMANTAN TIMUR",4,5,-1,0,98664,94973,29,3662
"2021-12-30","KALIMANTAN TIMUR",1,2,-1,0,98665,94975,28,3662
"2021-12-31","KALIMANTAN TIMUR",0,3,-3,0,98665,94978,25,3662
"2022-01-01","KALIMANTAN TIMUR",2,0,2,0,98667,94978,27,3662
"2022-01-02","KALIMANTAN TIMUR",0,2,-2,0,98667,94980,25,3662
"2022-01-03","KALIMANTAN TIMUR",5,6,-1,0,98672,94986,24,3662
"2022-01-04","KALIMANTAN TIMUR",2,6,-4,0,98674,94992,20,3662
"2022-01-05","KALIMANTAN TIMUR",2,1,1,0,98676,94993,21,3662
"2022-01-06","KALIMANTAN TIMUR",4,2,2,0,98680,94995,23,3662
"2022-01-07","KALIMANTAN TIMUR",0,3,-4,1,98680,94998,19,3663
"2022-01-08","KALIMANTAN TIMUR",2,3,-1,0,98682,95001,18,3663
"2022-01-09","KALIMANTAN TIMUR",1,1,0,0,98683,95002,18,3663
"2022-01-10","KALIMANTAN TIMUR",3,1,2,0,98686,95003,20,3663
"2022-01-11","KALIMANTAN TIMUR",4,2,2,0,98690,95005,22,3663
"2022-01-12","KALIMANTAN TIMUR",6,0,6,0,98696,95005,28,3663
"2022-01-13","KALIMANTAN TIMUR",13,2,10,1,98709,95007,38,3664
"2022-01-14","KALIMANTAN TIMUR",7,3,2,2,98716,95010,40,3666
"2022-01-15","KALIMANTAN TIMUR",9,1,8,0,98725,95011,48,3666
"2022-01-16","KALIMANTAN TIMUR",4,0,4,0,98729,95011,52,3666
"2022-01-17","KALIMANTAN TIMUR",4,2,2,0,98733,95013,54,3666
"2022-01-18","KALIMANTAN TIMUR",14,11,3,0,98747,95024,57,3666
"2022-01-19","KALIMANTAN TIMUR",13,0,13,0,98760,95024,70,3666
"2022-01-20","KALIMANTAN TIMUR",18,0,18,0,98778,95024,88,3666
"2022-01-21","KALIMANTAN TIMUR",13,1,12,0,98791,95025,100,3666
"2022-01-22","KALIMANTAN TIMUR",8,2,6,0,98799,95027,106,3666
"2022-01-23","KALIMANTAN TIMUR",7,35,-28,0,98806,95062,78,3666
"2022-01-24","KALIMANTAN TIMUR",10,7,2,1,98816,95069,80,3667
"2022-01-25","KALIMANTAN TIMUR",12,3,9,0,98828,95072,89,3667
"2022-01-26","KALIMANTAN TIMUR",25,16,9,0,98853,95088,98,3667
"2022-01-27","KALIMANTAN TIMUR",30,12,18,0,98883,95100,116,3667
"2022-01-28","KALIMANTAN TIMUR",16,16,0,0,98899,95116,116,3667
"2022-01-29","KALIMANTAN TIMUR",37,6,31,0,98936,95122,147,3667
"2022-01-30","KALIMANTAN TIMUR",40,19,21,0,98976,95141,168,3667
"2022-01-31","KALIMANTAN TIMUR",38,11,27,0,99014,95152,195,3667
"2022-02-01","KALIMANTAN TIMUR",76,8,68,0,99090,95160,263,3667
"2022-02-02","KALIMANTAN TIMUR",54,5,49,0,99144,95165,312,3667
"2022-02-03","KALIMANTAN TIMUR",107,19,87,1,99251,95184,399,3668
"2022-02-04","KALIMANTAN TIMUR",135,33,102,0,99386,95217,501,3668
"2022-02-05","KALIMANTAN TIMUR",160,23,137,0,99546,95240,638,3668
"2022-02-06","KALIMANTAN TIMUR",119,32,87,0,99665,95272,725,3668
"2022-02-07","KALIMANTAN TIMUR",106,50,56,0,99771,95322,781,3668
"2022-02-08","KALIMANTAN TIMUR",342,72,270,0,100113,95394,1051,3668
"2022-02-09","KALIMANTAN TIMUR",341,103,238,0,100454,95497,1289,3668
"2022-02-10","KALIMANTAN TIMUR",412,97,315,0,100866,95594,1604,3668
"2022-02-11","KALIMANTAN TIMUR",358,101,255,2,101224,95695,1859,3670
"2022-02-12","KALIMANTAN TIMUR",771,95,674,2,101995,95790,2533,3672
"2022-02-13","KALIMANTAN TIMUR",510,147,362,1,102505,95937,2895,3673
"2022-02-14","KALIMANTAN TIMUR",600,154,446,0,103105,96091,3341,3673
"2022-02-15","KALIMANTAN TIMUR",1333,169,1163,1,104438,96260,4504,3674
"2022-02-16","KALIMANTAN TIMUR",1284,209,1075,0,105722,96469,5579,3674
"2022-02-17","KALIMANTAN TIMUR",1788,283,1496,9,107510,96752,7075,3683
"2022-02-18","KALIMANTAN TIMUR",1608,280,1327,1,109118,97032,8402,3684
"2022-02-19","KALIMANTAN TIMUR",1978,350,1624,4,111096,97382,10026,3688
"2022-02-20","KALIMANTAN TIMUR",1537,438,1095,4,112633,97820,11121,3692
"2022-02-21","KALIMANTAN TIMUR",1416,662,751,3,114049,98482,11872,3695
"2022-02-22","KALIMANTAN TIMUR",2711,668,2037,6,116760,99150,13909,3701
"2022-02-23","KALIMANTAN TIMUR",2919,519,2396,4,119679,99669,16305,3705
"2022-02-24","KALIMANTAN TIMUR",2577,1067,1505,5,122256,100736,17810,3710
"2022-02-25","KALIMANTAN TIMUR",2225,1090,1128,7,124481,101826,18938,3717
"2022-02-26","KALIMANTAN TIMUR",2102,1452,641,9,126583,103278,19579,3726
"2022-02-27","KALIMANTAN TIMUR",1528,1692,-173,9,128111,104970,19406,3735
"2022-02-28","KALIMANTAN TIMUR",1068,1395,-331,4,129179,106365,19075,3739
"2022-03-01","KALIMANTAN TIMUR",1300,1516,-227,11,130479,107881,18848,3750
"2022-03-02","KALIMANTAN TIMUR",1980,1450,526,4,132459,109331,19374,3754
"2022-03-03","KALIMANTAN TIMUR",1629,1927,-304,6,134088,111258,19070,3760
"2022-03-04","KALIMANTAN TIMUR",1112,2182,-1076,6,135200,113440,17994,3766
"2022-03-05","KALIMANTAN TIMUR",1212,2273,-1068,7,136412,115713,16926,3773
"2022-03-06","KALIMANTAN TIMUR",902,2213,-1320,9,137314,117926,15606,3782
"2022-03-07","KALIMANTAN TIMUR",846,2012,-1172,6,138160,119938,14434,3788
"2022-03-08","KALIMANTAN TIMUR",20,229,-211,2,138180,120167,14223,3790
"2020-08-06","KALIMANTAN UTARA",4,0,4,0,4,0,4,0
"2020-08-07","KALIMANTAN UTARA",0,0,0,0,4,0,4,0
"2020-08-08","KALIMANTAN UTARA",1,0,1,0,5,0,5,0
"2020-08-09","KALIMANTAN UTARA",2,0,2,0,7,0,7,0
"2020-08-10","KALIMANTAN UTARA",2,0,2,0,9,0,9,0
"2020-08-11","KALIMANTAN UTARA",3,0,3,0,12,0,12,0
"2020-08-12","KALIMANTAN UTARA",4,0,4,0,16,0,16,0
"2020-08-13","KALIMANTAN UTARA",9,7,2,0,25,7,18,0
"2020-08-14","KALIMANTAN UTARA",0,0,0,0,25,7,18,0
"2020-08-15","KALIMANTAN UTARA",13,0,13,0,38,7,31,0
"2020-08-16","KALIMANTAN UTARA",3,0,3,0,41,7,34,0
"2020-08-17","KALIMANTAN UTARA",1,1,0,0,42,8,34,0
"2020-08-18","KALIMANTAN UTARA",0,6,-6,0,42,14,28,0
"2020-08-19","KALIMANTAN UTARA",3,1,2,0,45,15,30,0
"2020-08-20","KALIMANTAN UTARA",5,0,5,0,50,15,35,0
"2020-08-21","KALIMANTAN UTARA",2,0,2,0,52,15,37,0
"2020-08-22","KALIMANTAN UTARA",1,8,-7,0,53,23,30,0
"2020-08-23","KALIMANTAN UTARA",9,4,5,0,62,27,35,0
"2020-08-24","KALIMANTAN UTARA",8,3,5,0,70,30,40,0
"2020-08-25","KALIMANTAN UTARA",3,2,1,0,73,32,41,0
"2020-08-26","KALIMANTAN UTARA",1,1,0,0,74,33,41,0
"2020-08-27","KALIMANTAN UTARA",0,2,-2,0,74,35,39,0
"2020-08-28","KALIMANTAN UTARA",12,3,9,0,86,38,48,0
"2020-08-29","KALIMANTAN UTARA",6,1,5,0,92,39,53,0
"2020-08-30","KALIMANTAN UTARA",3,1,2,0,95,40,55,0
"2020-08-31","KALIMANTAN UTARA",2,4,-2,0,97,44,53,0
"2020-09-01","KALIMANTAN UTARA",8,6,2,0,105,50,55,0
"2020-09-02","KALIMANTAN UTARA",4,1,3,0,109,51,58,0
"2020-09-03","KALIMANTAN UTARA",26,15,11,0,135,66,69,0
"2020-09-04","KALIMANTAN UTARA",4,5,-1,0,139,71,68,0
"2020-09-05","KALIMANTAN UTARA",9,3,6,0,148,74,74,0
"2020-09-06","KALIMANTAN UTARA",8,0,8,0,156,74,82,0
"2020-09-07","KALIMANTAN UTARA",5,1,4,0,161,75,86,0
"2020-09-08","KALIMANTAN UTARA",7,7,0,0,168,82,86,0
"2020-09-09","KALIMANTAN UTARA",1,1,0,0,169,83,86,0
"2020-09-10","KALIMANTAN UTARA",2,6,-4,0,171,89,82,0
"2020-09-11","KALIMANTAN UTARA",2,4,-2,0,173,93,80,0
"2020-09-12","KALIMANTAN UTARA",5,1,3,1,178,94,83,1
"2020-09-13","KALIMANTAN UTARA",4,6,-2,0,182,100,81,1
"2020-09-14","KALIMANTAN UTARA",5,9,-4,0,187,109,77,1
"2020-09-15","KALIMANTAN UTARA",5,0,5,0,192,109,82,1
"2020-09-16","KALIMANTAN UTARA",2,10,-8,0,194,119,74,1
"2020-09-17","KALIMANTAN UTARA",2,8,-6,0,196,127,68,1
"2020-09-18","KALIMANTAN UTARA",2,4,-2,0,198,131,66,1
"2020-09-19","KALIMANTAN UTARA",3,5,-2,0,201,136,64,1
"2020-09-20","KALIMANTAN UTARA",1,0,1,0,202,136,65,1
"2020-09-21","KALIMANTAN UTARA",3,2,1,0,205,138,66,1
"2020-09-22","KALIMANTAN UTARA",11,6,5,0,216,144,71,1
"2020-09-23","KALIMANTAN UTARA",29,4,25,0,245,148,96,1
"2020-09-24","KALIMANTAN UTARA",18,1,17,0,263,149,113,1
"2020-09-25","KALIMANTAN UTARA",6,14,-9,1,269,163,104,2
"2020-09-26","KALIMANTAN UTARA",7,0,7,0,276,163,111,2
"2020-09-27","KALIMANTAN UTARA",6,2,4,0,282,165,115,2
"2020-09-28","KALIMANTAN UTARA",4,0,4,0,286,165,119,2
"2020-09-29","KALIMANTAN UTARA",2,1,1,0,288,166,120,2
"2020-09-30","KALIMANTAN UTARA",2,44,-42,0,290,210,78,2
"2020-10-01","KALIMANTAN UTARA",6,7,-1,0,296,217,77,2
"2020-10-02","KALIMANTAN UTARA",6,1,5,0,302,218,82,2
"2020-10-03","KALIMANTAN UTARA",0,21,-21,0,302,239,61,2
"2020-10-04","KALIMANTAN UTARA",1,4,-4,1,303,243,57,3
"2020-10-05","KALIMANTAN UTARA",2,3,-1,0,305,246,56,3
"2020-10-06","KALIMANTAN UTARA",5,19,-14,0,310,265,42,3
"2020-10-07","KALIMANTAN UTARA",13,3,10,0,323,268,52,3
"2020-10-08","KALIMANTAN UTARA",6,2,4,0,329,270,56,3
"2020-10-09","KALIMANTAN UTARA",3,4,-1,0,332,274,55,3
"2020-10-10","KALIMANTAN UTARA",5,5,0,0,337,279,55,3
"2020-10-11","KALIMANTAN UTARA",8,2,6,0,345,281,61,3
"2020-10-12","KALIMANTAN UTARA",4,0,4,0,349,281,65,3
"2020-10-13","KALIMANTAN UTARA",13,5,8,0,362,286,73,3
"2020-10-14","KALIMANTAN UTARA",11,6,5,0,373,292,78,3
"2020-10-15","KALIMANTAN UTARA",0,3,-3,0,373,295,75,3
"2020-10-16","KALIMANTAN UTARA",14,3,11,0,387,298,86,3
"2020-10-17","KALIMANTAN UTARA",4,4,0,0,391,302,86,3
"2020-10-18","KALIMANTAN UTARA",23,13,9,1,414,315,95,4
"2020-10-19","KALIMANTAN UTARA",1,8,-7,0,415,323,88,4
"2020-10-20","KALIMANTAN UTARA",0,0,0,0,415,323,88,4
"2020-10-21","KALIMANTAN UTARA",20,9,10,1,435,332,98,5
"2020-10-22","KALIMANTAN UTARA",17,4,13,0,452,336,111,5
"2020-10-23","KALIMANTAN UTARA",0,12,-12,0,452,348,99,5
"2020-10-24","KALIMANTAN UTARA",0,9,-9,0,452,357,90,5
"2020-10-25","KALIMANTAN UTARA",14,8,6,0,466,365,96,5
"2020-10-26","KALIMANTAN UTARA",2,2,0,0,468,367,96,5
"2020-10-27","KALIMANTAN UTARA",9,8,1,0,477,375,97,5
"2020-10-28","KALIMANTAN UTARA",14,7,7,0,491,382,104,5
"2020-10-29","KALIMANTAN UTARA",9,4,5,0,500,386,109,5
"2020-10-30","KALIMANTAN UTARA",7,0,7,0,507,386,116,5
"2020-10-31","KALIMANTAN UTARA",1,18,-17,0,508,404,99,5
"2020-11-01","KALIMANTAN UTARA",4,14,-10,0,512,418,89,5
"2020-11-02","KALIMANTAN UTARA",3,5,-3,1,515,423,86,6
"2020-11-03","KALIMANTAN UTARA",12,4,7,1,527,427,93,7
"2020-11-04","KALIMANTAN UTARA",15,3,12,0,542,430,105,7
"2020-11-05","KALIMANTAN UTARA",16,15,1,0,558,445,106,7
"2020-11-06","KALIMANTAN UTARA",7,6,0,1,565,451,106,8
"2020-11-07","KALIMANTAN UTARA",11,13,-2,0,576,464,104,8
"2020-11-08","KALIMANTAN UTARA",3,10,-7,0,579,474,97,8
"2020-11-09","KALIMANTAN UTARA",4,3,1,0,583,477,98,8
"2020-11-10","KALIMANTAN UTARA",6,7,-1,0,589,484,97,8
"2020-11-11","KALIMANTAN UTARA",12,9,3,0,601,493,100,8
"2020-11-12","KALIMANTAN UTARA",13,0,12,1,614,493,112,9
"2020-11-13","KALIMANTAN UTARA",6,7,-1,0,620,500,111,9
"2020-11-14","KALIMANTAN UTARA",24,20,4,0,644,520,115,9
"2020-11-15","KALIMANTAN UTARA",20,14,6,0,664,534,121,9
"2020-11-16","KALIMANTAN UTARA",2,0,2,0,666,534,123,9
"2020-11-17","KALIMANTAN UTARA",15,10,5,0,681,544,128,9
"2020-11-18","KALIMANTAN UTARA",14,0,14,0,695,544,142,9
"2020-11-19","KALIMANTAN UTARA",0,3,-3,0,695,547,139,9
"2020-11-20","KALIMANTAN UTARA",48,1,47,0,743,548,186,9
"2020-11-21","KALIMANTAN UTARA",31,0,31,0,774,548,217,9
"2020-11-22","KALIMANTAN UTARA",48,15,29,4,822,563,246,13
"2020-11-23","KALIMANTAN UTARA",10,22,-12,0,832,585,234,13
"2020-11-24","KALIMANTAN UTARA",89,14,75,0,921,599,309,13
"2020-11-25","KALIMANTAN UTARA",48,1,47,0,969,600,356,13
"2020-11-26","KALIMANTAN UTARA",37,12,24,1,1006,612,380,14
"2020-11-27","KALIMANTAN UTARA",57,10,46,1,1063,622,426,15
"2020-11-28","KALIMANTAN UTARA",33,6,27,0,1096,628,453,15
"2020-11-29","KALIMANTAN UTARA",31,12,19,0,1127,640,472,15
"2020-11-30","KALIMANTAN UTARA",24,32,-9,1,1151,672,463,16
"2020-12-01","KALIMANTAN UTARA",58,14,44,0,1209,686,507,16
"2020-12-02","KALIMANTAN UTARA",0,21,-21,0,1209,707,486,16
"2020-12-03","KALIMANTAN UTARA",0,6,-6,0,1209,713,480,16
"2020-12-04","KALIMANTAN UTARA",32,48,-16,0,1241,761,464,16
"2020-12-05","KALIMANTAN UTARA",61,0,61,0,1302,761,525,16
"2020-12-06","KALIMANTAN UTARA",120,27,92,1,1422,788,617,17
"2020-12-07","KALIMANTAN UTARA",46,1,45,0,1468,789,662,17
"2020-12-08","KALIMANTAN UTARA",36,0,33,3,1504,789,695,20
"2020-12-09","KALIMANTAN UTARA",31,72,-41,0,1535,861,654,20
"2020-12-10","KALIMANTAN UTARA",58,0,57,1,1593,861,711,21
"2020-12-11","KALIMANTAN UTARA",71,0,70,1,1664,861,781,22
"2020-12-12","KALIMANTAN UTARA",85,15,69,1,1749,876,850,23
"2020-12-13","KALIMANTAN UTARA",44,42,2,0,1793,918,852,23
"2020-12-14","KALIMANTAN UTARA",88,45,43,0,1881,963,895,23
"2020-12-15","KALIMANTAN UTARA",74,6,66,2,1955,969,961,25
"2020-12-16","KALIMANTAN UTARA",0,8,-8,0,1955,977,953,25
"2020-12-17","KALIMANTAN UTARA",0,0,0,0,1955,977,953,25
"2020-12-18","KALIMANTAN UTARA",0,72,-73,1,1955,1049,880,26
"2020-12-19","KALIMANTAN UTARA",0,100,-100,0,1955,1149,780,26
"2020-12-20","KALIMANTAN UTARA",0,36,-40,4,1955,1185,740,30
"2020-12-21","KALIMANTAN UTARA",0,0,0,0,1955,1185,740,30
"2020-12-22","KALIMANTAN UTARA",0,37,-37,0,1955,1222,703,30
"2020-12-23","KALIMANTAN UTARA",0,0,0,0,1955,1222,703,30
"2020-12-24","KALIMANTAN UTARA",43,68,-25,0,1998,1290,678,30
"2020-12-25","KALIMANTAN UTARA",90,37,53,0,2088,1327,731,30
"2020-12-26","KALIMANTAN UTARA",56,0,56,0,2144,1327,787,30
"2020-12-27","KALIMANTAN UTARA",91,0,91,0,2235,1327,878,30
"2020-12-28","KALIMANTAN UTARA",202,4,196,2,2437,1331,1074,32
"2020-12-29","KALIMANTAN UTARA",166,0,166,0,2603,1331,1240,32
"2020-12-30","KALIMANTAN UTARA",56,157,-112,11,2659,1488,1128,43
"2020-12-31","KALIMANTAN UTARA",54,6,48,0,2713,1494,1176,43
"2021-01-01","KALIMANTAN UTARA",35,29,5,1,2748,1523,1181,44
"2021-01-02","KALIMANTAN UTARA",50,18,32,0,2798,1541,1213,44
"2021-01-03","KALIMANTAN UTARA",0,0,0,0,2798,1541,1213,44
"2021-01-04","KALIMANTAN UTARA",0,1,-1,0,2798,1542,1212,44
"2021-01-05","KALIMANTAN UTARA",0,1,-4,3,2798,1543,1208,47
"2021-01-06","KALIMANTAN UTARA",0,75,-75,0,2798,1618,1133,47
"2021-01-07","KALIMANTAN UTARA",0,34,-34,0,2798,1652,1099,47
"2021-01-08","KALIMANTAN UTARA",0,0,0,0,2798,1652,1099,47
"2021-01-09","KALIMANTAN UTARA",0,2,-2,0,2798,1654,1097,47
"2021-01-10","KALIMANTAN UTARA",0,0,0,0,2798,1654,1097,47
"2021-01-11","KALIMANTAN UTARA",0,1,-1,0,2798,1655,1096,47
"2021-01-12","KALIMANTAN UTARA",0,0,0,0,2798,1655,1096,47
"2021-01-13","KALIMANTAN UTARA",134,0,134,0,2932,1655,1230,47
"2021-01-14","KALIMANTAN UTARA",79,0,79,0,3011,1655,1309,47
"2021-01-15","KALIMANTAN UTARA",62,0,62,0,3073,1655,1371,47
"2021-01-16","KALIMANTAN UTARA",191,0,191,0,3264,1655,1562,47
"2021-01-17","KALIMANTAN UTARA",25,1,24,0,3289,1656,1586,47
"2021-01-18","KALIMANTAN UTARA",40,0,40,0,3329,1656,1626,47
"2021-01-19","KALIMANTAN UTARA",0,1,-1,0,3329,1657,1625,47
"2021-01-20","KALIMANTAN UTARA",0,0,0,0,3329,1657,1625,47
"2021-01-21","KALIMANTAN UTARA",0,1,-1,0,3329,1658,1624,47
"2021-01-22","KALIMANTAN UTARA",0,7,-7,0,3329,1665,1617,47
"2021-01-23","KALIMANTAN UTARA",0,0,0,0,3329,1665,1617,47
"2021-01-24","KALIMANTAN UTARA",0,0,0,0,3329,1665,1617,47
"2021-01-25","KALIMANTAN UTARA",0,41,-41,0,3329,1706,1576,47
"2021-01-26","KALIMANTAN UTARA",0,184,-188,4,3329,1890,1388,51
"2021-01-27","KALIMANTAN UTARA",0,455,-457,2,3329,2345,931,53
"2021-01-28","KALIMANTAN UTARA",0,20,-21,1,3329,2365,910,54
"2021-01-29","KALIMANTAN UTARA",0,126,-126,0,3329,2491,784,54
"2021-01-30","KALIMANTAN UTARA",0,46,-46,0,3329,2537,738,54
"2021-01-31","KALIMANTAN UTARA",0,0,0,0,3329,2537,738,54
"2021-02-01","KALIMANTAN UTARA",0,13,-14,1,3329,2550,724,55
"2021-02-02","KALIMANTAN UTARA",114,14,100,0,3443,2564,824,55
"2021-02-03","KALIMANTAN UTARA",278,2,271,5,3721,2566,1095,60
"2021-02-04","KALIMANTAN UTARA",71,4,67,0,3792,2570,1162,60
"2021-02-05","KALIMANTAN UTARA",50,28,21,1,3842,2598,1183,61
"2021-02-06","KALIMANTAN UTARA",188,0,188,0,4030,2598,1371,61
"2021-02-07","KALIMANTAN UTARA",63,0,63,0,4093,2598,1434,61
"2021-02-08","KALIMANTAN UTARA",0,54,-54,0,4093,2652,1380,61
"2021-02-09","KALIMANTAN UTARA",0,0,0,0,4093,2652,1380,61
"2021-02-10","KALIMANTAN UTARA",0,4,-6,2,4093,2656,1374,63
"2021-02-11","KALIMANTAN UTARA",0,72,-72,0,4093,2728,1302,63
"2021-02-12","KALIMANTAN UTARA",0,16,-21,5,4093,2744,1281,68
"2021-02-13","KALIMANTAN UTARA",0,0,0,0,4093,2744,1281,68
"2021-02-14","KALIMANTAN UTARA",0,0,0,0,4093,2744,1281,68
"2021-02-15","KALIMANTAN UTARA",0,46,-46,0,4093,2790,1235,68
"2021-02-16","KALIMANTAN UTARA",0,0,0,0,4093,2790,1235,68
"2021-02-17","KALIMANTAN UTARA",0,1,-1,0,4093,2791,1234,68
"2021-02-18","KALIMANTAN UTARA",0,0,0,0,4093,2791,1234,68
"2021-02-19","KALIMANTAN UTARA",0,36,-36,0,4093,2827,1198,68
"2021-02-20","KALIMANTAN UTARA",0,11,-11,0,4093,2838,1187,68
"2021-02-21","KALIMANTAN UTARA",0,0,0,0,4093,2838,1187,68
"2021-02-22","KALIMANTAN UTARA",95,3,92,0,4188,2841,1279,68
"2021-02-23","KALIMANTAN UTARA",193,141,52,0,4381,2982,1331,68
"2021-02-24","KALIMANTAN UTARA",8,359,-352,1,4389,3341,979,69
"2021-02-25","KALIMANTAN UTARA",47,10,36,1,4436,3351,1015,70
"2021-02-26","KALIMANTAN UTARA",12,14,-3,1,4448,3365,1012,71
"2021-02-27","KALIMANTAN UTARA",185,1,184,0,4633,3366,1196,71
"2021-02-28","KALIMANTAN UTARA",72,0,72,0,4705,3366,1268,71
"2021-03-01","KALIMANTAN UTARA",112,18,94,0,4817,3384,1362,71
"2021-03-02","KALIMANTAN UTARA",0,68,-68,0,4817,3452,1294,71
"2021-03-03","KALIMANTAN UTARA",0,2,-3,1,4817,3454,1291,72
"2021-03-04","KALIMANTAN UTARA",0,49,-50,1,4817,3503,1241,73
"2021-03-05","KALIMANTAN UTARA",0,156,-156,0,4817,3659,1085,73
"2021-03-06","KALIMANTAN UTARA",0,30,-30,0,4817,3689,1055,73
"2021-03-07","KALIMANTAN UTARA",0,9,-9,0,4817,3698,1046,73
"2021-03-08","KALIMANTAN UTARA",0,114,-115,1,4817,3812,931,74
"2021-03-09","KALIMANTAN UTARA",0,64,-64,0,4817,3876,867,74
"2021-03-10","KALIMANTAN UTARA",0,98,-98,0,4817,3974,769,74
"2021-03-11","KALIMANTAN UTARA",0,24,-24,0,4817,3998,745,74
"2021-03-12","KALIMANTAN UTARA",0,125,-125,0,4817,4123,620,74
"2021-03-13","KALIMANTAN UTARA",0,35,-35,0,4817,4158,585,74
"2021-03-14","KALIMANTAN UTARA",32,0,31,1,4849,4158,616,75
"2021-03-15","KALIMANTAN UTARA",45,7,38,0,4894,4165,654,75
"2021-03-16","KALIMANTAN UTARA",37,7,29,1,4931,4172,683,76
"2021-03-17","KALIMANTAN UTARA",69,2,67,0,5000,4174,750,76
"2021-03-18","KALIMANTAN UTARA",29,11,17,1,5029,4185,767,77
"2021-03-19","KALIMANTAN UTARA",45,5,39,1,5074,4190,806,78
"2021-03-20","KALIMANTAN UTARA",45,1,44,0,5119,4191,850,78
"2021-03-21","KALIMANTAN UTARA",21,1,20,0,5140,4192,870,78
"2021-03-22","KALIMANTAN UTARA",106,2,104,0,5246,4194,974,78
"2021-03-23","KALIMANTAN UTARA",41,43,-4,2,5287,4237,970,80
"2021-03-24","KALIMANTAN UTARA",16,39,-23,0,5303,4276,947,80
"2021-03-25","KALIMANTAN UTARA",0,6,-6,0,5303,4282,941,80
"2021-03-26","KALIMANTAN UTARA",0,17,-18,1,5303,4299,923,81
"2021-03-27","KALIMANTAN UTARA",0,13,-13,0,5303,4312,910,81
"2021-03-28","KALIMANTAN UTARA",0,17,-17,0,5303,4329,893,81
"2021-03-29","KALIMANTAN UTARA",0,5,-6,1,5303,4334,887,82
"2021-03-30","KALIMANTAN UTARA",0,119,-119,0,5303,4453,768,82
"2021-03-31","KALIMANTAN UTARA",0,6,-7,1,5303,4459,761,83
"2021-04-01","KALIMANTAN UTARA",0,19,-20,1,5303,4478,741,84
"2021-04-02","KALIMANTAN UTARA",0,30,-30,0,5303,4508,711,84
"2021-04-03","KALIMANTAN UTARA",62,13,48,1,5365,4521,759,85
"2021-04-04","KALIMANTAN UTARA",43,6,37,0,5408,4527,796,85
"2021-04-05","KALIMANTAN UTARA",7,2,4,1,5415,4529,800,86
"2021-04-06","KALIMANTAN UTARA",14,43,-30,1,5429,4572,770,87
"2021-04-07","KALIMANTAN UTARA",6,3,3,0,5435,4575,773,87
"2021-04-08","KALIMANTAN UTARA",0,0,0,0,5435,4575,773,87
"2021-04-09","KALIMANTAN UTARA",42,25,17,0,5477,4600,790,87
"2021-04-10","KALIMANTAN UTARA",27,7,20,0,5504,4607,810,87
"2021-04-11","KALIMANTAN UTARA",10,7,3,0,5514,4614,813,87
"2021-04-12","KALIMANTAN UTARA",17,83,-66,0,5531,4697,747,87
"2021-04-13","KALIMANTAN UTARA",14,65,-52,1,5545,4762,695,88
"2021-04-14","KALIMANTAN UTARA",17,45,-28,0,5562,4807,667,88
"2021-04-15","KALIMANTAN UTARA",0,6,-6,0,5562,4813,661,88
"2021-04-16","KALIMANTAN UTARA",0,7,-8,1,5562,4820,653,89
"2021-04-17","KALIMANTAN UTARA",0,15,-15,0,5562,4835,638,89
"2021-04-18","KALIMANTAN UTARA",0,10,-10,0,5562,4845,628,89
"2021-04-19","KALIMANTAN UTARA",0,223,-224,1,5562,5068,404,90
"2021-04-20","KALIMANTAN UTARA",0,113,-114,1,5562,5181,290,91
"2021-04-21","KALIMANTAN UTARA",0,61,-61,0,5562,5242,229,91
"2021-04-22","KALIMANTAN UTARA",0,13,-13,0,5562,5255,216,91
"2021-04-23","KALIMANTAN UTARA",19,5,14,0,5581,5260,230,91
"2021-04-24","KALIMANTAN UTARA",11,1,10,0,5592,5261,240,91
"2021-04-25","KALIMANTAN UTARA",16,6,10,0,5608,5267,250,91
"2021-04-26","KALIMANTAN UTARA",23,9,14,0,5631,5276,264,91
"2021-04-27","KALIMANTAN UTARA",24,7,17,0,5655,5283,281,91
"2021-04-28","KALIMANTAN UTARA",21,3,18,0,5676,5286,299,91
"2021-04-29","KALIMANTAN UTARA",13,3,10,0,5689,5289,309,91
"2021-04-30","KALIMANTAN UTARA",9,9,0,0,5698,5298,309,91
"2021-05-01","KALIMANTAN UTARA",7,3,4,0,5705,5301,313,91
"2021-05-02","KALIMANTAN UTARA",34,0,34,0,5739,5301,347,91
"2021-05-03","KALIMANTAN UTARA",18,31,-13,0,5757,5332,334,91
"2021-05-04","KALIMANTAN UTARA",17,4,13,0,5774,5336,347,91
"2021-05-05","KALIMANTAN UTARA",0,11,-13,2,5774,5347,334,93
"2021-05-06","KALIMANTAN UTARA",0,10,-10,0,5774,5357,324,93
"2021-05-07","KALIMANTAN UTARA",1,13,-12,0,5775,5370,312,93
"2021-05-08","KALIMANTAN UTARA",1,5,-4,0,5776,5375,308,93
"2021-05-09","KALIMANTAN UTARA",0,8,-8,0,5776,5383,300,93
"2021-05-10","KALIMANTAN UTARA",0,26,-26,0,5776,5409,274,93
"2021-05-11","KALIMANTAN UTARA",0,39,-39,0,5776,5448,235,93
"2021-05-12","KALIMANTAN UTARA",0,4,-4,0,5776,5452,231,93
"2021-05-13","KALIMANTAN UTARA",0,9,-9,0,5776,5461,222,93
"2021-05-14","KALIMANTAN UTARA",9,0,9,0,5785,5461,231,93
"2021-05-15","KALIMANTAN UTARA",3,4,-1,0,5788,5465,230,93
"2021-05-16","KALIMANTAN UTARA",1,2,-1,0,5789,5467,229,93
"2021-05-17","KALIMANTAN UTARA",4,8,-4,0,5793,5475,225,93
"2021-05-18","KALIMANTAN UTARA",5,12,-7,0,5798,5487,218,93
"2021-05-19","KALIMANTAN UTARA",38,11,27,0,5836,5498,245,93
"2021-05-20","KALIMANTAN UTARA",33,1,32,0,5869,5499,277,93
"2021-05-21","KALIMANTAN UTARA",30,1,29,0,5899,5500,306,93
"2021-05-22","KALIMANTAN UTARA",33,2,31,0,5932,5502,337,93
"2021-05-23","KALIMANTAN UTARA",46,1,44,1,5978,5503,381,94
"2021-05-24","KALIMANTAN UTARA",52,0,52,0,6030,5503,433,94
"2021-05-25","KALIMANTAN UTARA",34,8,25,1,6064,5511,458,95
"2021-05-26","KALIMANTAN UTARA",13,1,12,0,6077,5512,470,95
"2021-05-27","KALIMANTAN UTARA",0,14,-14,0,6077,5526,456,95
"2021-05-28","KALIMANTAN UTARA",0,7,-7,0,6077,5533,449,95
"2021-05-29","KALIMANTAN UTARA",0,14,-15,1,6077,5547,434,96
"2021-05-30","KALIMANTAN UTARA",0,3,-3,0,6077,5550,431,96
"2021-05-31","KALIMANTAN UTARA",0,1,-1,0,6077,5551,430,96
"2021-06-01","KALIMANTAN UTARA",0,24,-24,0,6077,5575,406,96
"2021-06-02","KALIMANTAN UTARA",11,68,-57,0,6088,5643,349,96
"2021-06-03","KALIMANTAN UTARA",17,36,-19,0,6105,5679,330,96
"2021-06-04","KALIMANTAN UTARA",18,33,-15,0,6123,5712,315,96
"2021-06-05","KALIMANTAN UTARA",24,2,22,0,6147,5714,337,96
"2021-06-06","KALIMANTAN UTARA",11,42,-31,0,6158,5756,306,96
"2021-06-07","KALIMANTAN UTARA",5,12,-7,0,6163,5768,299,96
"2021-06-08","KALIMANTAN UTARA",9,1,8,0,6172,5769,307,96
"2021-06-09","KALIMANTAN UTARA",8,9,-1,0,6180,5778,306,96
"2021-06-10","KALIMANTAN UTARA",20,8,12,0,6200,5786,318,96
"2021-06-11","KALIMANTAN UTARA",0,4,-4,0,6200,5790,314,96
"2021-06-12","KALIMANTAN UTARA",0,0,0,0,6200,5790,314,96
"2021-06-13","KALIMANTAN UTARA",0,27,-27,0,6200,5817,287,96
"2021-06-14","KALIMANTAN UTARA",0,7,-7,0,6200,5824,280,96
"2021-06-15","KALIMANTAN UTARA",0,4,-5,1,6200,5828,275,97
"2021-06-16","KALIMANTAN UTARA",0,6,-6,0,6200,5834,269,97
"2021-06-17","KALIMANTAN UTARA",0,3,-3,0,6200,5837,266,97
"2021-06-18","KALIMANTAN UTARA",0,21,-21,0,6200,5858,245,97
"2021-06-19","KALIMANTAN UTARA",0,22,-22,0,6200,5880,223,97
"2021-06-20","KALIMANTAN UTARA",0,13,-13,0,6200,5893,210,97
"2021-06-21","KALIMANTAN UTARA",0,0,0,0,6200,5893,210,97
"2021-06-22","KALIMANTAN UTARA",40,0,40,0,6240,5893,250,97
"2021-06-23","KALIMANTAN UTARA",84,1,83,0,6324,5894,333,97
"2021-06-24","KALIMANTAN UTARA",27,2,25,0,6351,5896,358,97
"2021-06-25","KALIMANTAN UTARA",0,0,0,0,6351,5896,358,97
"2021-06-26","KALIMANTAN UTARA",0,0,0,0,6351,5896,358,97
"2021-06-27","KALIMANTAN UTARA",0,0,0,0,6351,5896,358,97
"2021-06-28","KALIMANTAN UTARA",0,0,0,0,6351,5896,358,97
"2021-06-29","KALIMANTAN UTARA",0,1,-1,0,6351,5897,357,97
"2021-06-30","KALIMANTAN UTARA",0,12,-13,1,6351,5909,344,98
"2021-07-01","KALIMANTAN UTARA",0,5,-6,1,6351,5914,338,99
"2021-07-02","KALIMANTAN UTARA",0,10,-10,0,6351,5924,328,99
"2021-07-03","KALIMANTAN UTARA",0,31,-31,0,6351,5955,297,99
"2021-07-04","KALIMANTAN UTARA",0,0,0,0,6351,5955,297,99
"2021-07-05","KALIMANTAN UTARA",147,24,123,0,6498,5979,420,99
"2021-07-06","KALIMANTAN UTARA",207,2,205,0,6705,5981,625,99
"2021-07-07","KALIMANTAN UTARA",162,7,154,1,6867,5988,779,100
"2021-07-08","KALIMANTAN UTARA",124,0,123,1,6991,5988,902,101
"2021-07-09","KALIMANTAN UTARA",168,1,166,1,7159,5989,1068,102
"2021-07-10","KALIMANTAN UTARA",253,8,243,2,7412,5997,1311,104
"2021-07-11","KALIMANTAN UTARA",282,2,276,4,7694,5999,1587,108
"2021-07-12","KALIMANTAN UTARA",100,9,87,4,7794,6008,1674,112
"2021-07-13","KALIMANTAN UTARA",83,19,62,2,7877,6027,1736,114
"2021-07-14","KALIMANTAN UTARA",0,45,-49,4,7877,6072,1687,118
"2021-07-15","KALIMANTAN UTARA",1,33,-32,0,7878,6105,1655,118
"2021-07-16","KALIMANTAN UTARA",4,40,-38,2,7882,6145,1617,120
"2021-07-17","KALIMANTAN UTARA",348,52,290,6,8230,6197,1907,126
"2021-07-18","KALIMANTAN UTARA",284,149,134,1,8514,6346,2041,127
"2021-07-19","KALIMANTAN UTARA",130,103,22,5,8644,6449,2063,132
"2021-07-20","KALIMANTAN UTARA",286,86,191,9,8930,6535,2254,141
"2021-07-21","KALIMANTAN UTARA",257,47,206,4,9187,6582,2460,145
"2021-07-22","KALIMANTAN UTARA",405,215,184,6,9592,6797,2644,151
"2021-07-23","KALIMANTAN UTARA",460,138,317,5,10052,6935,2961,156
"2021-07-24","KALIMANTAN UTARA",367,49,307,11,10419,6984,3268,167
"2021-07-25","KALIMANTAN UTARA",427,78,346,3,10846,7062,3614,170
"2021-07-26","KALIMANTAN UTARA",210,83,118,9,11056,7145,3732,179
"2021-07-27","KALIMANTAN UTARA",457,266,178,13,11513,7411,3910,192
"2021-07-28","KALIMANTAN UTARA",581,335,233,13,12094,7746,4143,205
"2021-07-29","KALIMANTAN UTARA",493,51,438,4,12587,7797,4581,209
"2021-07-30","KALIMANTAN UTARA",508,220,282,6,13095,8017,4863,215
"2021-07-31","KALIMANTAN UTARA",554,245,298,11,13649,8262,5161,226
"2021-08-01","KALIMANTAN UTARA",527,143,374,10,14176,8405,5535,236
"2021-08-02","KALIMANTAN UTARA",254,99,141,14,14430,8504,5676,250
"2021-08-03","KALIMANTAN UTARA",26,551,-528,3,14456,9055,5148,253
"2021-08-04","KALIMANTAN UTARA",10,291,-294,13,14466,9346,4854,266
"2021-08-05","KALIMANTAN UTARA",22,408,-396,10,14488,9754,4458,276
"2021-08-06","KALIMANTAN UTARA",12,198,-190,4,14500,9952,4268,280
"2021-08-07","KALIMANTAN UTARA",5,206,-203,2,14505,10158,4065,282
"2021-08-08","KALIMANTAN UTARA",2,366,-367,3,14507,10524,3698,285
"2021-08-09","KALIMANTAN UTARA",326,113,195,18,14833,10637,3893,303
"2021-08-10","KALIMANTAN UTARA",505,362,129,14,15338,10999,4022,317
"2021-08-11","KALIMANTAN UTARA",533,230,298,5,15871,11229,4320,322
"2021-08-12","KALIMANTAN UTARA",331,188,132,11,16202,11417,4452,333
"2021-08-13","KALIMANTAN UTARA",336,334,-6,8,16538,11751,4446,341
"2021-08-14","KALIMANTAN UTARA",364,486,-133,11,16902,12237,4313,352
"2021-08-15","KALIMANTAN UTARA",415,122,271,22,17317,12359,4584,374
"2021-08-16","KALIMANTAN UTARA",182,94,78,10,17499,12453,4662,384
"2021-08-17","KALIMANTAN UTARA",492,148,334,10,17991,12601,4996,394
"2021-08-18","KALIMANTAN UTARA",168,400,-240,8,18159,13001,4756,402
"2021-08-19","KALIMANTAN UTARA",409,80,323,6,18568,13081,5079,408
"2021-08-20","KALIMANTAN UTARA",350,116,226,8,18918,13197,5305,416
"2021-08-21","KALIMANTAN UTARA",239,243,-9,5,19157,13440,5296,421
"2021-08-22","KALIMANTAN UTARA",182,275,-101,8,19339,13715,5195,429
"2021-08-23","KALIMANTAN UTARA",3,361,-364,6,19342,14076,4831,435
"2021-08-24","KALIMANTAN UTARA",6,312,-309,3,19348,14388,4522,438
"2021-08-25","KALIMANTAN UTARA",8,632,-629,5,19356,15020,3893,443
"2021-08-26","KALIMANTAN UTARA",18,202,-184,0,19374,15222,3709,443
"2021-08-27","KALIMANTAN UTARA",25,222,-198,1,19399,15444,3511,444
"2021-08-28","KALIMANTAN UTARA",8,343,-336,1,19407,15787,3175,445
"2021-08-29","KALIMANTAN UTARA",1,273,-274,2,19408,16060,2901,447
"2021-08-30","KALIMANTAN UTARA",12,478,-469,3,19420,16538,2432,450
"2021-08-31","KALIMANTAN UTARA",23,347,-327,3,19443,16885,2105,453
"2021-09-01","KALIMANTAN UTARA",121,400,-280,1,19564,17285,1825,454
"2021-09-02","KALIMANTAN UTARA",184,199,-19,4,19748,17484,1806,458
"2021-09-03","KALIMANTAN UTARA",168,24,141,3,19916,17508,1947,461
"2021-09-04","KALIMANTAN UTARA",119,44,74,1,20035,17552,2021,462
"2021-09-05","KALIMANTAN UTARA",119,366,-250,3,20154,17918,1771,465
"2021-09-06","KALIMANTAN UTARA",78,285,-211,4,20232,18203,1560,469
"2021-09-07","KALIMANTAN UTARA",73,77,-4,0,20305,18280,1556,469
"2021-09-08","KALIMANTAN UTARA",157,161,-9,5,20462,18441,1547,474
"2021-09-09","KALIMANTAN UTARA",191,75,116,0,20653,18516,1663,474
"2021-09-10","KALIMANTAN UTARA",203,22,171,10,20856,18538,1834,484
"2021-09-11","KALIMANTAN UTARA",94,82,10,2,20950,18620,1844,486
"2021-09-12","KALIMANTAN UTARA",159,58,99,2,21109,18678,1943,488
"2021-09-13","KALIMANTAN UTARA",74,94,-25,5,21183,18772,1918,493
"2021-09-14","KALIMANTAN UTARA",14,83,-72,3,21197,18855,1846,496
"2021-09-15","KALIMANTAN UTARA",116,2,114,0,21313,18857,1960,496
"2021-09-16","KALIMANTAN UTARA",97,0,97,0,21410,18857,2057,496
"2021-09-17","KALIMANTAN UTARA",53,6,46,1,21463,18863,2103,497
"2021-09-18","KALIMANTAN UTARA",79,2,77,0,21542,18865,2180,497
"2021-09-19","KALIMANTAN UTARA",64,30,33,1,21606,18895,2213,498
"2021-09-20","KALIMANTAN UTARA",67,0,67,0,21673,18895,2280,498
"2021-09-21","KALIMANTAN UTARA",79,127,-59,11,21752,19022,2221,509
"2021-09-22","KALIMANTAN UTARA",18,40,-22,0,21770,19062,2199,509
"2021-09-23","KALIMANTAN UTARA",76,42,34,0,21846,19104,2233,509
"2021-09-24","KALIMANTAN UTARA",85,10,75,0,21931,19114,2308,509
"2021-09-25","KALIMANTAN UTARA",2,103,-103,2,21933,19217,2205,511
"2021-09-26","KALIMANTAN UTARA",3,12,-10,1,21936,19229,2195,512
"2021-09-27","KALIMANTAN UTARA",4,21,-17,0,21940,19250,2178,512
"2021-09-28","KALIMANTAN UTARA",8,24,-18,2,21948,19274,2160,514
"2021-09-29","KALIMANTAN UTARA",5,75,-70,0,21953,19349,2090,514
"2021-09-30","KALIMANTAN UTARA",36,60,-25,1,21989,19409,2065,515
"2021-10-01","KALIMANTAN UTARA",19,24,-6,1,22008,19433,2059,516
"2021-10-02","KALIMANTAN UTARA",15,7,8,0,22023,19440,2067,516
"2021-10-03","KALIMANTAN UTARA",40,6,34,0,22063,19446,2101,516
"2021-10-04","KALIMANTAN UTARA",14,2,12,0,22077,19448,2113,516
"2021-10-05","KALIMANTAN UTARA",54,15,39,0,22131,19463,2152,516
"2021-10-06","KALIMANTAN UTARA",13,670,-660,3,22144,20133,1492,519
"2021-10-07","KALIMANTAN UTARA",54,60,-10,4,22198,20193,1482,523
"2021-10-08","KALIMANTAN UTARA",47,589,-543,1,22245,20782,939,524
"2021-10-09","KALIMANTAN UTARA",48,42,6,0,22293,20824,945,524
"2021-10-10","KALIMANTAN UTARA",30,40,-10,0,22323,20864,935,524
"2021-10-11","KALIMANTAN UTARA",24,18,6,0,22347,20882,941,524
"2021-10-12","KALIMANTAN UTARA",35,29,5,1,22382,20911,946,525
"2021-10-13","KALIMANTAN UTARA",23,42,-19,0,22405,20953,927,525
"2021-10-14","KALIMANTAN UTARA",26,29,-3,0,22431,20982,924,525
"2021-10-15","KALIMANTAN UTARA",24,15,8,1,22455,20997,932,526
"2021-10-16","KALIMANTAN UTARA",31,10,21,0,22486,21007,953,526
"2021-10-17","KALIMANTAN UTARA",23,54,-31,0,22509,21061,922,526
"2021-10-18","KALIMANTAN UTARA",9,9,-5,5,22518,21070,917,531
"2021-10-19","KALIMANTAN UTARA",10,27,-22,5,22528,21097,895,536
"2021-10-20","KALIMANTAN UTARA",0,5,-6,1,22528,21102,889,537
"2021-10-21","KALIMANTAN UTARA",0,25,-25,0,22528,21127,864,537
"2021-10-22","KALIMANTAN UTARA",15,23,-8,0,22543,21150,856,537
"2021-10-23","KALIMANTAN UTARA",14,6,8,0,22557,21156,864,537
"2021-10-24","KALIMANTAN UTARA",18,15,3,0,22575,21171,867,537
"2021-10-25","KALIMANTAN UTARA",26,124,-98,0,22601,21295,769,537
"2021-10-26","KALIMANTAN UTARA",5,12,-9,2,22606,21307,760,539
"2021-10-27","KALIMANTAN UTARA",15,39,-24,0,22621,21346,736,539
"2021-10-28","KALIMANTAN UTARA",8,8,0,0,22629,21354,736,539
"2021-10-29","KALIMANTAN UTARA",5,1,4,0,22634,21355,740,539
"2021-10-30","KALIMANTAN UTARA",4,11,-7,0,22638,21366,733,539
"2021-10-31","KALIMANTAN UTARA",10,0,10,0,22648,21366,743,539
"2021-11-01","KALIMANTAN UTARA",10,42,-32,0,22658,21408,711,539
"2021-11-02","KALIMANTAN UTARA",30,4,25,1,22688,21412,736,540
"2021-11-03","KALIMANTAN UTARA",12,23,-11,0,22700,21435,725,540
"2021-11-04","KALIMANTAN UTARA",2,8,-6,0,22702,21443,719,540
"2021-11-05","KALIMANTAN UTARA",7,75,-69,1,22709,21518,650,541
"2021-11-06","KALIMANTAN UTARA",2,0,2,0,22711,21518,652,541
"2021-11-07","KALIMANTAN UTARA",3,18,-15,0,22714,21536,637,541
"2021-11-08","KALIMANTAN UTARA",9,530,-522,1,22723,22066,115,542
"2021-11-09","KALIMANTAN UTARA",0,1,-1,0,22723,22067,114,542
"2021-11-10","KALIMANTAN UTARA",4,9,-5,0,22727,22076,109,542
"2021-11-11","KALIMANTAN UTARA",4,5,-2,1,22731,22081,107,543
"2021-11-12","KALIMANTAN UTARA",0,10,-10,0,22731,22091,97,543
"2021-11-13","KALIMANTAN UTARA",8,12,-6,2,22739,22103,91,545
"2021-11-14","KALIMANTAN UTARA",2,12,-11,1,22741,22115,80,546
"2021-11-15","KALIMANTAN UTARA",1,6,-6,1,22742,22121,74,547
"2021-11-16","KALIMANTAN UTARA",1,0,1,0,22743,22121,75,547
"2021-11-17","KALIMANTAN UTARA",4,15,-11,0,22747,22136,64,547
"2021-11-18","KALIMANTAN UTARA",1,5,-4,0,22748,22141,60,547
"2021-11-19","KALIMANTAN UTARA",2,0,2,0,22750,22141,62,547
"2021-11-20","KALIMANTAN UTARA",1,0,1,0,22751,22141,63,547
"2021-11-21","KALIMANTAN UTARA",0,0,0,0,22751,22141,63,547
"2021-11-22","KALIMANTAN UTARA",0,1,-1,0,22751,22142,62,547
"2021-11-23","KALIMANTAN UTARA",0,8,-8,0,22751,22150,54,547
"2021-11-24","KALIMANTAN UTARA",1,1,0,0,22752,22151,54,547
"2021-11-25","KALIMANTAN UTARA",1,2,-1,0,22753,22153,53,547
"2021-11-26","KALIMANTAN UTARA",4,1,3,0,22757,22154,56,547
"2021-11-27","KALIMANTAN UTARA",2,0,2,0,22759,22154,58,547
"2021-11-28","KALIMANTAN UTARA",6,0,6,0,22765,22154,64,547
"2021-11-29","KALIMANTAN UTARA",0,32,-33,1,22765,22186,31,548
"2021-11-30","KALIMANTAN UTARA",0,0,0,0,22765,22186,31,548
"2021-12-01","KALIMANTAN UTARA",1,0,1,0,22766,22186,32,548
"2021-12-02","KALIMANTAN UTARA",0,15,-15,0,22766,22201,17,548
"2021-12-03","KALIMANTAN UTARA",2,0,2,0,22768,22201,19,548
"2021-12-04","KALIMANTAN UTARA",0,0,0,0,22768,22201,19,548
"2021-12-05","KALIMANTAN UTARA",0,0,0,0,22768,22201,19,548
"2021-12-06","KALIMANTAN UTARA",1,0,1,0,22769,22201,20,548
"2021-12-07","KALIMANTAN UTARA",0,6,-6,0,22769,22207,14,548
"2021-12-08","KALIMANTAN UTARA",0,0,0,0,22769,22207,14,548
"2021-12-09","KALIMANTAN UTARA",1,0,1,0,22770,22207,15,548
"2021-12-10","KALIMANTAN UTARA",1,5,-4,0,22771,22212,11,548
"2021-12-11","KALIMANTAN UTARA",1,0,1,0,22772,22212,12,548
"2021-12-12","KALIMANTAN UTARA",3,0,3,0,22775,22212,15,548
"2021-12-13","KALIMANTAN UTARA",0,3,-3,0,22775,22215,12,548
"2021-12-14","KALIMANTAN UTARA",2,0,2,0,22777,22215,14,548
"2021-12-15","KALIMANTAN UTARA",1,1,0,0,22778,22216,14,548
"2021-12-16","KALIMANTAN UTARA",7,0,7,0,22785,22216,21,548
"2021-12-17","KALIMANTAN UTARA",0,0,0,0,22785,22216,21,548
"2021-12-18","KALIMANTAN UTARA",0,0,0,0,22785,22216,21,548
"2021-12-19","KALIMANTAN UTARA",11,0,11,0,22796,22216,32,548
"2021-12-20","KALIMANTAN UTARA",0,0,0,0,22796,22216,32,548
"2021-12-21","KALIMANTAN UTARA",0,3,-3,0,22796,22219,29,548
"2021-12-22","KALIMANTAN UTARA",5,0,5,0,22801,22219,34,548
"2021-12-23","KALIMANTAN UTARA",4,0,4,0,22805,22219,38,548
"2021-12-24","KALIMANTAN UTARA",0,0,0,0,22805,22219,38,548
"2021-12-25","KALIMANTAN UTARA",0,8,-8,0,22805,22227,30,548
"2021-12-26","KALIMANTAN UTARA",2,0,2,0,22807,22227,32,548
"2021-12-27","KALIMANTAN UTARA",1,6,-5,0,22808,22233,27,548
"2021-12-28","KALIMANTAN UTARA",0,4,-4,0,22808,22237,23,548
"2021-12-29","KALIMANTAN UTARA",2,8,-6,0,22810,22245,17,548
"2021-12-30","KALIMANTAN UTARA",2,0,2,0,22812,22245,19,548
"2021-12-31","KALIMANTAN UTARA",0,1,-1,0,22812,22246,18,548
"2022-01-01","KALIMANTAN UTARA",6,0,6,0,22818,22246,24,548
"2022-01-02","KALIMANTAN UTARA",2,0,2,0,22820,22246,26,548
"2022-01-03","KALIMANTAN UTARA",0,3,-3,0,22820,22249,23,548
"2022-01-04","KALIMANTAN UTARA",4,5,-1,0,22824,22254,22,548
"2022-01-05","KALIMANTAN UTARA",1,0,1,0,22825,22254,23,548
"2022-01-06","KALIMANTAN UTARA",9,0,9,0,22834,22254,32,548
"2022-01-07","KALIMANTAN UTARA",0,0,0,0,22834,22254,32,548
"2022-01-08","KALIMANTAN UTARA",0,0,0,0,22834,22254,32,548
"2022-01-09","KALIMANTAN UTARA",0,0,0,0,22834,22254,32,548
"2022-01-10","KALIMANTAN UTARA",0,0,0,0,22834,22254,32,548
"2022-01-11","KALIMANTAN UTARA",0,12,-12,0,22834,22266,20,548
"2022-01-12","KALIMANTAN UTARA",1,2,-1,0,22835,22268,19,548
"2022-01-13","KALIMANTAN UTARA",1,0,1,0,22836,22268,20,548
"2022-01-14","KALIMANTAN UTARA",1,1,0,0,22837,22269,20,548
"2022-01-15","KALIMANTAN UTARA",5,0,5,0,22842,22269,25,548
"2022-01-16","KALIMANTAN UTARA",0,0,0,0,22842,22269,25,548
"2022-01-17","KALIMANTAN UTARA",0,4,-4,0,22842,22273,21,548
"2022-01-18","KALIMANTAN UTARA",11,0,11,0,22853,22273,32,548
"2022-01-19","KALIMANTAN UTARA",3,4,-1,0,22856,22277,31,548
"2022-01-20","KALIMANTAN UTARA",0,0,0,0,22856,22277,31,548
"2022-01-21","KALIMANTAN UTARA",0,2,-2,0,22856,22279,29,548
"2022-01-22","KALIMANTAN UTARA",0,0,0,0,22856,22279,29,548
"2022-01-23","KALIMANTAN UTARA",0,0,0,0,22856,22279,29,548
"2022-01-24","KALIMANTAN UTARA",0,0,0,0,22856,22279,29,548
"2022-01-25","KALIMANTAN UTARA",0,0,0,0,22856,22279,29,548
"2022-01-26","KALIMANTAN UTARA",8,3,5,0,22864,22282,34,548
"2022-01-27","KALIMANTAN UTARA",0,16,-16,0,22864,22298,18,548
"2022-01-28","KALIMANTAN UTARA",0,0,0,0,22864,22298,18,548
"2022-01-29","KALIMANTAN UTARA",0,0,0,0,22864,22298,18,548
"2022-01-30","KALIMANTAN UTARA",1,0,1,0,22865,22298,19,548
"2022-01-31","KALIMANTAN UTARA",0,0,0,0,22865,22298,19,548
"2022-02-01","KALIMANTAN UTARA",0,0,0,0,22865,22298,19,548
"2022-02-02","KALIMANTAN UTARA",0,0,0,0,22865,22298,19,548
"2022-02-03","KALIMANTAN UTARA",11,1,10,0,22876,22299,29,548
"2022-02-04","KALIMANTAN UTARA",4,7,-3,0,22880,22306,26,548
"2022-02-05","KALIMANTAN UTARA",2,4,-2,0,22882,22310,24,548
"2022-02-06","KALIMANTAN UTARA",4,0,4,0,22886,22310,28,548
"2022-02-07","KALIMANTAN UTARA",7,0,7,0,22893,22310,35,548
"2022-02-08","KALIMANTAN UTARA",10,1,9,0,22903,22311,44,548
"2022-02-09","KALIMANTAN UTARA",11,0,11,0,22914,22311,55,548
"2022-02-10","KALIMANTAN UTARA",14,2,12,0,22928,22313,67,548
"2022-02-11","KALIMANTAN UTARA",32,1,31,0,22960,22314,98,548
"2022-02-12","KALIMANTAN UTARA",37,0,37,0,22997,22314,135,548
"2022-02-13","KALIMANTAN UTARA",16,0,16,0,23013,22314,151,548
"2022-02-14","KALIMANTAN UTARA",31,4,27,0,23044,22318,178,548
"2022-02-15","KALIMANTAN UTARA",52,4,48,0,23096,22322,226,548
"2022-02-16","KALIMANTAN UTARA",57,0,57,0,23153,22322,283,548
"2022-02-17","KALIMANTAN UTARA",130,7,123,0,23283,22329,406,548
"2022-02-18","KALIMANTAN UTARA",102,5,97,0,23385,22334,503,548
"2022-02-19","KALIMANTAN UTARA",192,8,184,0,23577,22342,687,548
"2022-02-20","KALIMANTAN UTARA",125,16,109,0,23702,22358,796,548
"2022-02-21","KALIMANTAN UTARA",200,0,200,0,23902,22358,996,548
"2022-02-22","KALIMANTAN UTARA",82,8,74,0,23984,22366,1070,548
"2022-02-23","KALIMANTAN UTARA",365,7,358,0,24349,22373,1428,548
"2022-02-24","KALIMANTAN UTARA",183,4,178,1,24532,22377,1606,549
"2022-02-25","KALIMANTAN UTARA",599,30,569,0,25131,22407,2175,549
"2022-02-26","KALIMANTAN UTARA",234,57,176,1,25365,22464,2351,550
"2022-02-27","KALIMANTAN UTARA",256,10,246,0,25621,22474,2597,550
"2022-02-28","KALIMANTAN UTARA",346,49,295,2,25967,22523,2892,552
"2022-03-01","KALIMANTAN UTARA",185,7,174,4,26152,22530,3066,556
"2022-03-02","KALIMANTAN UTARA",343,65,278,0,26495,22595,3344,556
"2022-03-03","KALIMANTAN UTARA",460,207,253,0,26955,22802,3597,556
"2022-03-04","KALIMANTAN UTARA",442,280,159,3,27397,23082,3756,559
"2022-03-05","KALIMANTAN UTARA",432,140,292,0,27829,23222,4048,559
"2022-03-06","KALIMANTAN UTARA",371,172,199,0,28200,23394,4247,559
"2022-03-07","KALIMANTAN UTARA",477,309,164,4,28677,23703,4411,563
"2020-08-06","SULAWESI UTARA",28,0,28,0,28,0,28,0
"2020-08-07","SULAWESI UTARA",18,0,16,2,46,0,44,2
"2020-08-08","SULAWESI UTARA",20,0,20,0,66,0,64,2
"2020-08-09","SULAWESI UTARA",44,1,42,1,110,1,106,3
"2020-08-10","SULAWESI UTARA",72,0,72,0,182,1,178,3
"2020-08-11","SULAWESI UTARA",36,1,33,2,218,2,211,5
"2020-08-12","SULAWESI UTARA",12,0,12,0,230,2,223,5
"2020-08-13","SULAWESI UTARA",126,2,124,0,356,4,347,5
"2020-08-14","SULAWESI UTARA",61,2,59,0,417,6,406,5
"2020-08-15","SULAWESI UTARA",50,0,49,1,467,6,455,6
"2020-08-16","SULAWESI UTARA",21,2,17,2,488,8,472,8
"2020-08-17","SULAWESI UTARA",6,5,1,0,494,13,473,8
"2020-08-18","SULAWESI UTARA",27,11,15,1,521,24,488,9
"2020-08-19","SULAWESI UTARA",21,1,20,0,542,25,508,9
"2020-08-20","SULAWESI UTARA",65,5,59,1,607,30,567,10
"2020-08-21","SULAWESI UTARA",50,2,48,0,657,32,615,10
"2020-08-22","SULAWESI UTARA",70,23,47,0,727,55,662,10
"2020-08-23","SULAWESI UTARA",30,36,-6,0,757,91,656,10
"2020-08-24","SULAWESI UTARA",3,14,-16,5,760,105,640,15
"2020-08-25","SULAWESI UTARA",44,14,30,0,804,119,670,15
"2020-08-26","SULAWESI UTARA",15,17,-3,1,819,136,667,16
"2020-08-27","SULAWESI UTARA",38,16,22,0,857,152,689,16
"2020-08-28","SULAWESI UTARA",34,25,9,0,891,177,698,16
"2020-08-29","SULAWESI UTARA",66,21,45,0,957,198,743,16
"2020-08-30","SULAWESI UTARA",82,27,54,1,1039,225,797,17
"2020-08-31","SULAWESI UTARA",15,5,10,0,1054,230,807,17
"2020-09-01","SULAWESI UTARA",45,11,34,0,1099,241,841,17
"2020-09-02","SULAWESI UTARA",14,49,-36,1,1113,290,805,18
"2020-09-03","SULAWESI UTARA",34,23,10,1,1147,313,815,19
"2020-09-04","SULAWESI UTARA",30,7,23,0,1177,320,838,19
"2020-09-05","SULAWESI UTARA",18,43,-25,0,1195,363,813,19
"2020-09-06","SULAWESI UTARA",12,20,-9,1,1207,383,804,20
"2020-09-07","SULAWESI UTARA",1,26,-26,1,1208,409,778,21
"2020-09-08","SULAWESI UTARA",21,15,6,0,1229,424,784,21
"2020-09-09","SULAWESI UTARA",22,24,-2,0,1251,448,782,21
"2020-09-10","SULAWESI UTARA",18,36,-18,0,1269,484,764,21
"2020-09-11","SULAWESI UTARA",21,26,-5,0,1290,510,759,21
"2020-09-12","SULAWESI UTARA",21,40,-19,0,1311,550,740,21
"2020-09-13","SULAWESI UTARA",44,12,31,1,1355,562,771,22
"2020-09-14","SULAWESI UTARA",16,35,-20,1,1371,597,751,23
"2020-09-15","SULAWESI UTARA",6,25,-19,0,1377,622,732,23
"2020-09-16","SULAWESI UTARA",11,15,-6,2,1388,637,726,25
"2020-09-17","SULAWESI UTARA",30,21,8,1,1418,658,734,26
"2020-09-18","SULAWESI UTARA",20,23,-3,0,1438,681,731,26
"2020-09-19","SULAWESI UTARA",22,13,7,2,1460,694,738,28
"2020-09-20","SULAWESI UTARA",40,26,13,1,1500,720,751,29
"2020-09-21","SULAWESI UTARA",23,8,13,2,1523,728,764,31
"2020-09-22","SULAWESI UTARA",12,28,-17,1,1535,756,747,32
"2020-09-23","SULAWESI UTARA",6,16,-10,0,1541,772,737,32
"2020-09-24","SULAWESI UTARA",22,36,-15,1,1563,808,722,33
"2020-09-25","SULAWESI UTARA",33,12,21,0,1596,820,743,33
"2020-09-26","SULAWESI UTARA",21,34,-14,1,1617,854,729,34
"2020-09-27","SULAWESI UTARA",26,22,4,0,1643,876,733,34
"2020-09-28","SULAWESI UTARA",7,35,-28,0,1650,911,705,34
"2020-09-29","SULAWESI UTARA",12,18,-8,2,1662,929,697,36
"2020-09-30","SULAWESI UTARA",31,22,8,1,1693,951,705,37
"2020-10-01","SULAWESI UTARA",17,24,-7,0,1710,975,698,37
"2020-10-02","SULAWESI UTARA",25,38,-14,1,1735,1013,684,38
"2020-10-03","SULAWESI UTARA",0,25,-25,0,1735,1038,659,38
"2020-10-04","SULAWESI UTARA",0,27,-27,0,1735,1065,632,38
"2020-10-05","SULAWESI UTARA",19,41,-23,1,1754,1106,609,39
"2020-10-06","SULAWESI UTARA",35,15,20,0,1789,1121,629,39
"2020-10-07","SULAWESI UTARA",22,51,-30,1,1811,1172,599,40
"2020-10-08","SULAWESI UTARA",32,20,12,0,1843,1192,611,40
"2020-10-09","SULAWESI UTARA",18,32,-15,1,1861,1224,596,41
"2020-10-10","SULAWESI UTARA",41,28,13,0,1902,1252,609,41
"2020-10-11","SULAWESI UTARA",54,49,5,0,1956,1301,614,41
"2020-10-12","SULAWESI UTARA",6,48,-43,1,1962,1349,571,42
"2020-10-13","SULAWESI UTARA",8,19,-11,0,1970,1368,560,42
"2020-10-14","SULAWESI UTARA",44,22,21,1,2014,1390,581,43
"2020-10-15","SULAWESI UTARA",12,30,-19,1,2026,1420,562,44
"2020-10-16","SULAWESI UTARA",62,37,23,2,2088,1457,585,46
"2020-10-17","SULAWESI UTARA",30,32,-2,0,2118,1489,583,46
"2020-10-18","SULAWESI UTARA",26,38,-13,1,2144,1527,570,47
"2020-10-19","SULAWESI UTARA",41,21,18,2,2185,1548,588,49
"2020-10-20","SULAWESI UTARA",22,25,-5,2,2207,1573,583,51
"2020-10-21","SULAWESI UTARA",27,23,2,2,2234,1596,585,53
"2020-10-22","SULAWESI UTARA",13,23,-11,1,2247,1619,574,54
"2020-10-23","SULAWESI UTARA",0,23,-23,0,2247,1642,551,54
"2020-10-24","SULAWESI UTARA",0,24,-24,0,2247,1666,527,54
"2020-10-25","SULAWESI UTARA",33,30,3,0,2280,1696,530,54
"2020-10-26","SULAWESI UTARA",22,31,-9,0,2302,1727,521,54
"2020-10-27","SULAWESI UTARA",11,23,-14,2,2313,1750,507,56
"2020-10-28","SULAWESI UTARA",43,15,27,1,2356,1765,534,57
"2020-10-29","SULAWESI UTARA",65,36,28,1,2421,1801,562,58
"2020-10-30","SULAWESI UTARA",39,34,5,0,2460,1835,567,58
"2020-10-31","SULAWESI UTARA",19,20,-5,4,2479,1855,562,62
"2020-11-01","SULAWESI UTARA",21,16,5,0,2500,1871,567,62
"2020-11-02","SULAWESI UTARA",24,19,4,1,2524,1890,571,63
"2020-11-03","SULAWESI UTARA",22,48,-27,1,2546,1938,544,64
"2020-11-04","SULAWESI UTARA",8,22,-16,2,2554,1960,528,66
"2020-11-05","SULAWESI UTARA",44,17,27,0,2598,1977,555,66
"2020-11-06","SULAWESI UTARA",1,32,-33,2,2599,2009,522,68
"2020-11-07","SULAWESI UTARA",52,19,31,2,2651,2028,553,70
"2020-11-08","SULAWESI UTARA",58,10,47,1,2709,2038,600,71
"2020-11-09","SULAWESI UTARA",44,28,15,1,2753,2066,615,72
"2020-11-10","SULAWESI UTARA",30,16,12,2,2783,2082,627,74
"2020-11-11","SULAWESI UTARA",78,2,76,0,2861,2084,703,74
"2020-11-12","SULAWESI UTARA",37,52,-15,0,2898,2136,688,74
"2020-11-13","SULAWESI UTARA",19,13,1,5,2917,2149,689,79
"2020-11-14","SULAWESI UTARA",65,15,47,3,2982,2164,736,82
"2020-11-15","SULAWESI UTARA",49,24,25,0,3031,2188,761,82
"2020-11-16","SULAWESI UTARA",100,32,66,2,3131,2220,827,84
"2020-11-17","SULAWESI UTARA",44,24,20,0,3175,2244,847,84
"2020-11-18","SULAWESI UTARA",6,9,-3,0,3181,2253,844,84
"2020-11-19","SULAWESI UTARA",119,10,106,3,3300,2263,950,87
"2020-11-20","SULAWESI UTARA",145,38,107,0,3445,2301,1057,87
"2020-11-21","SULAWESI UTARA",20,15,5,0,3465,2316,1062,87
"2020-11-22","SULAWESI UTARA",23,19,2,2,3488,2335,1064,89
"2020-11-23","SULAWESI UTARA",25,32,-8,1,3513,2367,1056,90
"2020-11-24","SULAWESI UTARA",28,29,-4,3,3541,2396,1052,93
"2020-11-25","SULAWESI UTARA",79,26,53,0,3620,2422,1105,93
"2020-11-26","SULAWESI UTARA",44,19,23,2,3664,2441,1128,95
"2020-11-27","SULAWESI UTARA",152,37,115,0,3816,2478,1243,95
"2020-11-28","SULAWESI UTARA",47,21,26,0,3863,2499,1269,95
"2020-11-29","SULAWESI UTARA",18,23,-8,3,3881,2522,1261,98
"2020-11-30","SULAWESI UTARA",115,67,45,3,3996,2589,1306,101
"2020-12-01","SULAWESI UTARA",36,52,-16,0,4032,2641,1290,101
"2020-12-02","SULAWESI UTARA",0,44,-44,0,4032,2685,1246,101
"2020-12-03","SULAWESI UTARA",1,27,-26,0,4033,2712,1220,101
"2020-12-04","SULAWESI UTARA",61,56,3,2,4094,2768,1223,103
"2020-12-05","SULAWESI UTARA",29,39,-11,1,4123,2807,1212,104
"2020-12-06","SULAWESI UTARA",105,52,53,0,4228,2859,1265,104
"2020-12-07","SULAWESI UTARA",78,18,59,1,4306,2877,1324,105
"2020-12-08","SULAWESI UTARA",47,69,-24,2,4353,2946,1300,107
"2020-12-09","SULAWESI UTARA",57,69,-14,2,4410,3015,1286,109
"2020-12-10","SULAWESI UTARA",135,30,104,1,4545,3045,1390,110
"2020-12-11","SULAWESI UTARA",134,17,114,3,4679,3062,1504,113
"2020-12-12","SULAWESI UTARA",78,22,55,1,4757,3084,1559,114
"2020-12-13","SULAWESI UTARA",93,19,71,3,4850,3103,1630,117
"2020-12-14","SULAWESI UTARA",87,18,68,1,4937,3121,1698,118
"2020-12-15","SULAWESI UTARA",56,17,38,1,4993,3138,1736,119
"2020-12-16","SULAWESI UTARA",0,68,-69,1,4993,3206,1667,120
"2020-12-17","SULAWESI UTARA",0,17,-18,1,4993,3223,1649,121
"2020-12-18","SULAWESI UTARA",0,78,-78,0,4993,3301,1571,121
"2020-12-19","SULAWESI UTARA",0,47,-47,0,4993,3348,1524,121
"2020-12-20","SULAWESI UTARA",0,44,-45,1,4993,3392,1479,122
"2020-12-21","SULAWESI UTARA",0,81,-82,1,4993,3473,1397,123
"2020-12-22","SULAWESI UTARA",0,27,-27,0,4993,3500,1370,123
"2020-12-23","SULAWESI UTARA",1,93,-92,0,4994,3593,1278,123
"2020-12-24","SULAWESI UTARA",103,28,75,0,5097,3621,1353,123
"2020-12-25","SULAWESI UTARA",65,11,54,0,5162,3632,1407,123
"2020-12-26","SULAWESI UTARA",43,0,42,1,5205,3632,1449,124
"2020-12-27","SULAWESI UTARA",69,43,23,3,5274,3675,1472,127
"2020-12-28","SULAWESI UTARA",79,93,-17,3,5353,3768,1455,130
"2020-12-29","SULAWESI UTARA",56,31,21,4,5409,3799,1476,134
"2020-12-30","SULAWESI UTARA",34,54,-24,4,5443,3853,1452,138
"2020-12-31","SULAWESI UTARA",86,52,33,1,5529,3905,1485,139
"2021-01-01","SULAWESI UTARA",53,24,29,0,5582,3929,1514,139
"2021-01-02","SULAWESI UTARA",59,10,37,12,5641,3939,1551,151
"2021-01-03","SULAWESI UTARA",0,0,0,0,5641,3939,1551,151
"2021-01-04","SULAWESI UTARA",0,11,-11,0,5641,3950,1540,151
"2021-01-05","SULAWESI UTARA",0,6,-6,0,5641,3956,1534,151
"2021-01-06","SULAWESI UTARA",0,30,-30,0,5641,3986,1504,151
"2021-01-07","SULAWESI UTARA",0,25,-26,1,5641,4011,1478,152
"2021-01-08","SULAWESI UTARA",0,51,-54,3,5641,4062,1424,155
"2021-01-09","SULAWESI UTARA",0,7,-7,0,5641,4069,1417,155
"2021-01-10","SULAWESI UTARA",1,9,-8,0,5642,4078,1409,155
"2021-01-11","SULAWESI UTARA",4,116,-112,0,5646,4194,1297,155
"2021-01-12","SULAWESI UTARA",13,71,-59,1,5659,4265,1238,156
"2021-01-13","SULAWESI UTARA",94,21,73,0,5753,4286,1311,156
"2021-01-14","SULAWESI UTARA",100,46,52,2,5853,4332,1363,158
"2021-01-15","SULAWESI UTARA",125,17,108,0,5978,4349,1471,158
"2021-01-16","SULAWESI UTARA",170,95,74,1,6148,4444,1545,159
"2021-01-17","SULAWESI UTARA",139,13,123,3,6287,4457,1668,162
"2021-01-18","SULAWESI UTARA",134,116,18,0,6421,4573,1686,162
"2021-01-19","SULAWESI UTARA",0,21,-21,0,6421,4594,1665,162
"2021-01-20","SULAWESI UTARA",1,6,-6,1,6422,4600,1659,163
"2021-01-21","SULAWESI UTARA",0,46,-47,1,6422,4646,1612,164
"2021-01-22","SULAWESI UTARA",0,40,-45,5,6422,4686,1567,169
"2021-01-23","SULAWESI UTARA",0,30,-31,1,6422,4716,1536,170
"2021-01-24","SULAWESI UTARA",0,21,-22,1,6422,4737,1514,171
"2021-01-25","SULAWESI UTARA",0,125,-125,0,6422,4862,1389,171
"2021-01-26","SULAWESI UTARA",0,161,-161,0,6422,5023,1228,171
"2021-01-27","SULAWESI UTARA",0,19,-19,0,6422,5042,1209,171
"2021-01-28","SULAWESI UTARA",0,10,-13,3,6422,5052,1196,174
"2021-01-29","SULAWESI UTARA",0,9,-9,0,6422,5061,1187,174
"2021-01-30","SULAWESI UTARA",0,100,-100,0,6422,5161,1087,174
"2021-01-31","SULAWESI UTARA",1,44,-43,0,6423,5205,1044,174
"2021-02-01","SULAWESI UTARA",1,16,-15,0,6424,5221,1029,174
"2021-02-02","SULAWESI UTARA",103,5,98,0,6527,5226,1127,174
"2021-02-03","SULAWESI UTARA",72,97,-25,0,6599,5323,1102,174
"2021-02-04","SULAWESI UTARA",63,18,44,1,6662,5341,1146,175
"2021-02-05","SULAWESI UTARA",17,6,10,1,6679,5347,1156,176
"2021-02-06","SULAWESI UTARA",106,19,86,1,6785,5366,1242,177
"2021-02-07","SULAWESI UTARA",92,19,65,8,6877,5385,1307,185
"2021-02-08","SULAWESI UTARA",0,96,-102,6,6877,5481,1205,191
"2021-02-09","SULAWESI UTARA",0,14,-15,1,6877,5495,1190,192
"2021-02-10","SULAWESI UTARA",0,23,-23,0,6877,5518,1167,192
"2021-02-11","SULAWESI UTARA",2,12,-10,0,6879,5530,1157,192
"2021-02-12","SULAWESI UTARA",0,0,0,0,6879,5530,1157,192
"2021-02-13","SULAWESI UTARA",1,42,-41,0,6880,5572,1116,192
"2021-02-14","SULAWESI UTARA",0,9,-10,1,6880,5581,1106,193
"2021-02-15","SULAWESI UTARA",0,75,-75,0,6880,5656,1031,193
"2021-02-16","SULAWESI UTARA",0,7,-7,0,6880,5663,1024,193
"2021-02-17","SULAWESI UTARA",0,10,-10,0,6880,5673,1014,193
"2021-02-18","SULAWESI UTARA",0,46,-46,0,6880,5719,968,193
"2021-02-19","SULAWESI UTARA",0,6,-6,0,6880,5725,962,193
"2021-02-20","SULAWESI UTARA",0,74,-74,0,6880,5799,888,193
"2021-02-21","SULAWESI UTARA",1,8,-7,0,6881,5807,881,193
"2021-02-22","SULAWESI UTARA",23,65,-43,1,6904,5872,838,194
"2021-02-23","SULAWESI UTARA",11,6,5,0,6915,5878,843,194
"2021-02-24","SULAWESI UTARA",15,7,8,0,6930,5885,851,194
"2021-02-25","SULAWESI UTARA",18,2,15,1,6948,5887,866,195
"2021-02-26","SULAWESI UTARA",66,3,61,2,7014,5890,927,197
"2021-02-27","SULAWESI UTARA",42,6,36,0,7056,5896,963,197
"2021-02-28","SULAWESI UTARA",13,2,11,0,7069,5898,974,197
"2021-03-01","SULAWESI UTARA",19,10,7,2,7088,5908,981,199
"2021-03-02","SULAWESI UTARA",0,1,-1,0,7088,5909,980,199
"2021-03-03","SULAWESI UTARA",0,11,-11,0,7088,5920,969,199
"2021-03-04","SULAWESI UTARA",0,7,-7,0,7088,5927,962,199
"2021-03-05","SULAWESI UTARA",0,3,-3,0,7088,5930,959,199
"2021-03-06","SULAWESI UTARA",0,4,-6,2,7088,5934,953,201
"2021-03-07","SULAWESI UTARA",0,0,0,0,7088,5934,953,201
"2021-03-08","SULAWESI UTARA",0,31,-31,0,7088,5965,922,201
"2021-03-09","SULAWESI UTARA",0,36,-36,0,7088,6001,886,201
"2021-03-10","SULAWESI UTARA",0,2,-2,0,7088,6003,884,201
"2021-03-11","SULAWESI UTARA",0,8,-8,0,7088,6011,876,201
"2021-03-12","SULAWESI UTARA",0,6,-6,0,7088,6017,870,201
"2021-03-13","SULAWESI UTARA",0,12,-12,0,7088,6029,858,201
"2021-03-14","SULAWESI UTARA",14,7,7,0,7102,6036,865,201
"2021-03-15","SULAWESI UTARA",4,19,-15,0,7106,6055,850,201
"2021-03-16","SULAWESI UTARA",0,5,-5,0,7106,6060,845,201
"2021-03-17","SULAWESI UTARA",9,7,1,1,7115,6067,846,202
"2021-03-18","SULAWESI UTARA",10,11,-1,0,7125,6078,845,202
"2021-03-19","SULAWESI UTARA",14,2,12,0,7139,6080,857,202
"2021-03-20","SULAWESI UTARA",12,6,6,0,7151,6086,863,202
"2021-03-21","SULAWESI UTARA",4,3,1,0,7155,6089,864,202
"2021-03-22","SULAWESI UTARA",16,36,-20,0,7171,6125,844,202
"2021-03-23","SULAWESI UTARA",0,1,-1,0,7171,6126,843,202
"2021-03-24","SULAWESI UTARA",0,9,-9,0,7171,6135,834,202
"2021-03-25","SULAWESI UTARA",0,2,-2,0,7171,6137,832,202
"2021-03-26","SULAWESI UTARA",0,3,-3,0,7171,6140,829,202
"2021-03-27","SULAWESI UTARA",0,1,-1,0,7171,6141,828,202
"2021-03-28","SULAWESI UTARA",0,0,0,0,7171,6141,828,202
"2021-03-29","SULAWESI UTARA",0,3,-3,0,7171,6144,825,202
"2021-03-30","SULAWESI UTARA",0,12,-12,0,7171,6156,813,202
"2021-03-31","SULAWESI UTARA",0,7,-7,0,7171,6163,806,202
"2021-04-01","SULAWESI UTARA",0,10,-10,0,7171,6173,796,202
"2021-04-02","SULAWESI UTARA",0,3,-3,0,7171,6176,793,202
"2021-04-03","SULAWESI UTARA",11,0,11,0,7182,6176,804,202
"2021-04-04","SULAWESI UTARA",0,0,0,0,7182,6176,804,202
"2021-04-05","SULAWESI UTARA",1,0,1,0,7183,6176,805,202
"2021-04-06","SULAWESI UTARA",11,0,11,0,7194,6176,816,202
"2021-04-07","SULAWESI UTARA",6,9,-3,0,7200,6185,813,202
"2021-04-08","SULAWESI UTARA",11,0,10,1,7211,6185,823,203
"2021-04-09","SULAWESI UTARA",0,0,0,0,7211,6185,823,203
"2021-04-10","SULAWESI UTARA",1,0,1,0,7212,6185,824,203
"2021-04-11","SULAWESI UTARA",14,42,-28,0,7226,6227,796,203
"2021-04-12","SULAWESI UTARA",0,0,0,0,7226,6227,796,203
"2021-04-13","SULAWESI UTARA",15,0,15,0,7241,6227,811,203
"2021-04-14","SULAWESI UTARA",3,3,0,0,7244,6230,811,203
"2021-04-15","SULAWESI UTARA",0,4,-4,0,7244,6234,807,203
"2021-04-16","SULAWESI UTARA",0,1,-1,0,7244,6235,806,203
"2021-04-17","SULAWESI UTARA",0,1,-1,0,7244,6236,805,203
"2021-04-18","SULAWESI UTARA",0,6,-6,0,7244,6242,799,203
"2021-04-19","SULAWESI UTARA",0,19,-19,0,7244,6261,780,203
"2021-04-20","SULAWESI UTARA",0,0,0,0,7244,6261,780,203
"2021-04-21","SULAWESI UTARA",0,10,-10,0,7244,6271,770,203
"2021-04-22","SULAWESI UTARA",1,1,0,0,7245,6272,770,203
"2021-04-23","SULAWESI UTARA",65,3,62,0,7310,6275,832,203
"2021-04-24","SULAWESI UTARA",6,0,6,0,7316,6275,838,203
"2021-04-25","SULAWESI UTARA",45,0,45,0,7361,6275,883,203
"2021-04-26","SULAWESI UTARA",3,50,-48,1,7364,6325,835,204
"2021-04-27","SULAWESI UTARA",4,0,4,0,7368,6325,839,204
"2021-04-28","SULAWESI UTARA",4,0,4,0,7372,6325,843,204
"2021-04-29","SULAWESI UTARA",5,5,0,0,7377,6330,843,204
"2021-04-30","SULAWESI UTARA",3,61,-58,0,7380,6391,785,204
"2021-05-01","SULAWESI UTARA",6,6,0,0,7386,6397,785,204
"2021-05-02","SULAWESI UTARA",1,37,-39,3,7387,6434,746,207
"2021-05-03","SULAWESI UTARA",0,2,-3,1,7387,6436,743,208
"2021-05-04","SULAWESI UTARA",6,50,-44,0,7393,6486,699,208
"2021-05-05","SULAWESI UTARA",0,4,-4,0,7393,6490,695,208
"2021-05-06","SULAWESI UTARA",0,29,-29,0,7393,6519,666,208
"2021-05-07","SULAWESI UTARA",0,31,-31,0,7393,6550,635,208
"2021-05-08","SULAWESI UTARA",0,6,-6,0,7393,6556,629,208
"2021-05-09","SULAWESI UTARA",0,25,-25,0,7393,6581,604,208
"2021-05-10","SULAWESI UTARA",0,6,-6,0,7393,6587,598,208
"2021-05-11","SULAWESI UTARA",0,1,-1,0,7393,6588,597,208
"2021-05-12","SULAWESI UTARA",0,37,-40,3,7393,6625,557,211
"2021-05-13","SULAWESI UTARA",26,1,25,0,7419,6626,582,211
"2021-05-14","SULAWESI UTARA",0,142,-143,1,7419,6768,439,212
"2021-05-15","SULAWESI UTARA",0,215,-219,4,7419,6983,220,216
"2021-05-16","SULAWESI UTARA",0,11,-11,0,7419,6994,209,216
"2021-05-17","SULAWESI UTARA",1,33,-32,0,7420,7027,177,216
"2021-05-18","SULAWESI UTARA",0,1,-1,0,7420,7028,176,216
"2021-05-19","SULAWESI UTARA",3,1,2,0,7423,7029,178,216
"2021-05-20","SULAWESI UTARA",7,3,2,2,7430,7032,180,218
"2021-05-21","SULAWESI UTARA",2,0,2,0,7432,7032,182,218
"2021-05-22","SULAWESI UTARA",11,0,10,1,7443,7032,192,219
"2021-05-23","SULAWESI UTARA",8,18,-10,0,7451,7050,182,219
"2021-05-24","SULAWESI UTARA",0,9,-9,0,7451,7059,173,219
"2021-05-25","SULAWESI UTARA",1,11,-10,0,7452,7070,163,219
"2021-05-26","SULAWESI UTARA",4,1,3,0,7456,7071,166,219
"2021-05-27","SULAWESI UTARA",0,8,-12,4,7456,7079,154,223
"2021-05-28","SULAWESI UTARA",0,3,-3,0,7456,7082,151,223
"2021-05-29","SULAWESI UTARA",0,1,-1,0,7456,7083,150,223
"2021-05-30","SULAWESI UTARA",0,5,-5,0,7456,7088,145,223
"2021-05-31","SULAWESI UTARA",0,7,-7,0,7456,7095,138,223
"2021-06-01","SULAWESI UTARA",0,3,-3,0,7456,7098,135,223
"2021-06-02","SULAWESI UTARA",7,0,7,0,7463,7098,142,223
"2021-06-03","SULAWESI UTARA",5,6,-1,0,7468,7104,141,223
"2021-06-04","SULAWESI UTARA",8,0,8,0,7476,7104,149,223
"2021-06-05","SULAWESI UTARA",7,0,7,0,7483,7104,156,223
"2021-06-06","SULAWESI UTARA",13,3,10,0,7496,7107,166,223
"2021-06-07","SULAWESI UTARA",1,0,0,1,7497,7107,166,224
"2021-06-08","SULAWESI UTARA",7,4,3,0,7504,7111,169,224
"2021-06-09","SULAWESI UTARA",10,4,6,0,7514,7115,175,224
"2021-06-10","SULAWESI UTARA",10,6,4,0,7524,7121,179,224
"2021-06-11","SULAWESI UTARA",0,17,-17,0,7524,7138,162,224
"2021-06-12","SULAWESI UTARA",0,2,-2,0,7524,7140,160,224
"2021-06-13","SULAWESI UTARA",0,3,-3,0,7524,7143,157,224
"2021-06-14","SULAWESI UTARA",2,2,0,0,7526,7145,157,224
"2021-06-15","SULAWESI UTARA",0,4,-4,0,7526,7149,153,224
"2021-06-16","SULAWESI UTARA",0,6,-6,0,7526,7155,147,224
"2021-06-17","SULAWESI UTARA",0,0,0,0,7526,7155,147,224
"2021-06-18","SULAWESI UTARA",0,15,-15,0,7526,7170,132,224
"2021-06-19","SULAWESI UTARA",0,38,-38,0,7526,7208,94,224
"2021-06-20","SULAWESI UTARA",0,4,-5,1,7526,7212,89,225
"2021-06-21","SULAWESI UTARA",0,14,-14,0,7526,7226,75,225
"2021-06-22","SULAWESI UTARA",39,14,25,0,7565,7240,100,225
"2021-06-23","SULAWESI UTARA",47,2,45,0,7612,7242,145,225
"2021-06-24","SULAWESI UTARA",20,3,17,0,7632,7245,162,225
"2021-06-25","SULAWESI UTARA",36,5,31,0,7668,7250,193,225
"2021-06-26","SULAWESI UTARA",0,0,-1,1,7668,7250,192,226
"2021-06-27","SULAWESI UTARA",1,0,1,0,7669,7250,193,226
"2021-06-28","SULAWESI UTARA",0,2,-3,1,7669,7252,190,227
"2021-06-29","SULAWESI UTARA",1,4,-3,0,7670,7256,187,227
"2021-06-30","SULAWESI UTARA",1,5,-5,1,7671,7261,182,228
"2021-07-01","SULAWESI UTARA",0,0,0,0,7671,7261,182,228
"2021-07-02","SULAWESI UTARA",1,14,-13,0,7672,7275,169,228
"2021-07-03","SULAWESI UTARA",2,7,-5,0,7674,7282,164,228
"2021-07-04","SULAWESI UTARA",94,45,49,0,7768,7327,213,228
"2021-07-05","SULAWESI UTARA",1,20,-19,0,7769,7347,194,228
"2021-07-06","SULAWESI UTARA",164,8,154,2,7933,7355,348,230
"2021-07-07","SULAWESI UTARA",129,3,126,0,8062,7358,474,230
"2021-07-08","SULAWESI UTARA",225,17,208,0,8287,7375,682,230
"2021-07-09","SULAWESI UTARA",278,5,270,3,8565,7380,952,233
"2021-07-10","SULAWESI UTARA",222,20,200,2,8787,7400,1152,235
"2021-07-11","SULAWESI UTARA",135,3,132,0,8922,7403,1284,235
"2021-07-12","SULAWESI UTARA",109,2,104,3,9031,7405,1388,238
"2021-07-13","SULAWESI UTARA",216,11,203,2,9247,7416,1591,240
"2021-07-14","SULAWESI UTARA",30,35,-6,1,9277,7451,1585,241
"2021-07-15","SULAWESI UTARA",75,11,61,3,9352,7462,1646,244
"2021-07-16","SULAWESI UTARA",63,43,13,7,9415,7505,1659,251
"2021-07-17","SULAWESI UTARA",91,15,74,2,9506,7520,1733,253
"2021-07-18","SULAWESI UTARA",304,62,239,3,9810,7582,1972,256
"2021-07-19","SULAWESI UTARA",66,139,-75,2,9876,7721,1897,258
"2021-07-20","SULAWESI UTARA",306,73,229,4,10182,7794,2126,262
"2021-07-21","SULAWESI UTARA",249,77,169,3,10431,7871,2295,265
"2021-07-22","SULAWESI UTARA",359,74,284,1,10790,7945,2579,266
"2021-07-23","SULAWESI UTARA",320,72,247,1,11110,8017,2826,267
"2021-07-24","SULAWESI UTARA",238,109,124,5,11348,8126,2950,272
"2021-07-25","SULAWESI UTARA",486,120,360,6,11834,8246,3310,278
"2021-07-26","SULAWESI UTARA",183,107,66,10,12017,8353,3376,288
"2021-07-27","SULAWESI UTARA",459,137,312,10,12476,8490,3688,298
"2021-07-28","SULAWESI UTARA",328,222,96,10,12804,8712,3784,308
"2021-07-29","SULAWESI UTARA",551,167,379,5,13355,8879,4163,313
"2021-07-30","SULAWESI UTARA",437,204,221,12,13792,9083,4384,325
"2021-07-31","SULAWESI UTARA",677,130,527,20,14469,9213,4911,345
"2021-08-01","SULAWESI UTARA",265,250,-5,20,14734,9463,4906,365
"2021-08-02","SULAWESI UTARA",123,228,-112,7,14857,9691,4794,372
"2021-08-03","SULAWESI UTARA",239,201,32,6,15096,9892,4826,378
"2021-08-04","SULAWESI UTARA",30,160,-132,2,15126,10052,4694,380
"2021-08-05","SULAWESI UTARA",39,331,-296,4,15165,10383,4398,384
"2021-08-06","SULAWESI UTARA",57,166,-116,7,15222,10549,4282,391
"2021-08-07","SULAWESI UTARA",66,358,-293,1,15288,10907,3989,392
"2021-08-08","SULAWESI UTARA",44,327,-288,5,15332,11234,3701,397
"2021-08-09","SULAWESI UTARA",109,242,-137,4,15441,11476,3564,401
"2021-08-10","SULAWESI UTARA",162,183,-23,2,15603,11659,3541,403
"2021-08-11","SULAWESI UTARA",272,196,71,5,15875,11855,3612,408
"2021-08-12","SULAWESI UTARA",484,153,325,6,16359,12008,3937,414
"2021-08-13","SULAWESI UTARA",265,205,55,5,16624,12213,3992,419
"2021-08-14","SULAWESI UTARA",321,76,230,15,16945,12289,4222,434
"2021-08-15","SULAWESI UTARA",206,204,-3,5,17151,12493,4219,439
"2021-08-16","SULAWESI UTARA",173,273,-111,11,17324,12766,4108,450
"2021-08-17","SULAWESI UTARA",147,103,44,0,17471,12869,4152,450
"2021-08-18","SULAWESI UTARA",225,231,-13,7,17696,13100,4139,457
"2021-08-19","SULAWESI UTARA",149,175,-37,11,17845,13275,4102,468
"2021-08-20","SULAWESI UTARA",186,371,-187,2,18031,13646,3915,470
"2021-08-21","SULAWESI UTARA",194,273,-84,5,18225,13919,3831,475
"2021-08-22","SULAWESI UTARA",221,451,-234,4,18446,14370,3597,479
"2021-08-23","SULAWESI UTARA",30,393,-369,6,18476,14763,3228,485
"2021-08-24","SULAWESI UTARA",27,429,-405,3,18503,15192,2823,488
"2021-08-25","SULAWESI UTARA",25,253,-229,1,18528,15445,2594,489
"2021-08-26","SULAWESI UTARA",27,136,-118,9,18555,15581,2476,498
"2021-08-27","SULAWESI UTARA",28,285,-259,2,18583,15866,2217,500
"2021-08-28","SULAWESI UTARA",19,178,-161,2,18602,16044,2056,502
"2021-08-29","SULAWESI UTARA",16,192,-177,1,18618,16236,1879,503
"2021-08-30","SULAWESI UTARA",15,244,-229,0,18633,16480,1650,503
"2021-08-31","SULAWESI UTARA",56,314,-259,1,18689,16794,1391,504
"2021-09-01","SULAWESI UTARA",90,268,-185,7,18779,17062,1206,511
"2021-09-02","SULAWESI UTARA",112,84,28,0,18891,17146,1234,511
"2021-09-03","SULAWESI UTARA",80,51,27,2,18971,17197,1261,513
"2021-09-04","SULAWESI UTARA",92,118,-28,2,19063,17315,1233,515
"2021-09-05","SULAWESI UTARA",71,55,14,2,19134,17370,1247,517
"2021-09-06","SULAWESI UTARA",52,64,-15,3,19186,17434,1232,520
"2021-09-07","SULAWESI UTARA",105,84,16,5,19291,17518,1248,525
"2021-09-08","SULAWESI UTARA",155,19,136,0,19446,17537,1384,525
"2021-09-09","SULAWESI UTARA",114,159,-49,4,19560,17696,1335,529
"2021-09-10","SULAWESI UTARA",94,65,26,3,19654,17761,1361,532
"2021-09-11","SULAWESI UTARA",87,57,29,1,19741,17818,1390,533
"2021-09-12","SULAWESI UTARA",32,82,-51,1,19773,17900,1339,534
"2021-09-13","SULAWESI UTARA",11,109,-98,0,19784,18009,1241,534
"2021-09-14","SULAWESI UTARA",42,40,2,0,19826,18049,1243,534
"2021-09-15","SULAWESI UTARA",34,111,-78,1,19860,18160,1165,535
"2021-09-16","SULAWESI UTARA",52,78,-27,1,19912,18238,1138,536
"2021-09-17","SULAWESI UTARA",51,88,-40,3,19963,18326,1098,539
"2021-09-18","SULAWESI UTARA",49,70,-26,5,20012,18396,1072,544
"2021-09-19","SULAWESI UTARA",38,77,-41,2,20050,18473,1031,546
"2021-09-20","SULAWESI UTARA",14,12,2,0,20064,18485,1033,546
"2021-09-21","SULAWESI UTARA",41,104,-63,0,20105,18589,970,546
"2021-09-22","SULAWESI UTARA",27,132,-108,3,20132,18721,862,549
"2021-09-23","SULAWESI UTARA",45,24,21,0,20177,18745,883,549
"2021-09-24","SULAWESI UTARA",40,59,-19,0,20217,18804,864,549
"2021-09-25","SULAWESI UTARA",15,58,-44,1,20232,18862,820,550
"2021-09-26","SULAWESI UTARA",9,62,-53,0,20241,18924,767,550
"2021-09-27","SULAWESI UTARA",4,83,-80,1,20245,19007,687,551
"2021-09-28","SULAWESI UTARA",14,66,-52,0,20259,19073,635,551
"2021-09-29","SULAWESI UTARA",13,47,-36,2,20272,19120,599,553
"2021-09-30","SULAWESI UTARA",12,14,-2,0,20284,19134,597,553
"2021-10-01","SULAWESI UTARA",13,26,-13,0,20297,19160,584,553
"2021-10-02","SULAWESI UTARA",16,32,-17,1,20313,19192,567,554
"2021-10-03","SULAWESI UTARA",5,1,4,0,20318,19193,571,554
"2021-10-04","SULAWESI UTARA",10,28,-18,0,20328,19221,553,554
"2021-10-05","SULAWESI UTARA",23,39,-16,0,20351,19260,537,554
"2021-10-06","SULAWESI UTARA",36,16,19,1,20387,19276,556,555
"2021-10-07","SULAWESI UTARA",24,35,-12,1,20411,19311,544,556
"2021-10-08","SULAWESI UTARA",88,28,60,0,20499,19339,604,556
"2021-10-09","SULAWESI UTARA",12,11,1,0,20511,19350,605,556
"2021-10-10","SULAWESI UTARA",9,15,-6,0,20520,19365,599,556
"2021-10-11","SULAWESI UTARA",11,93,-83,1,20531,19458,516,557
"2021-10-12","SULAWESI UTARA",23,17,6,0,20554,19475,522,557
"2021-10-13","SULAWESI UTARA",13,34,-22,1,20567,19509,500,558
"2021-10-14","SULAWESI UTARA",14,70,-56,0,20581,19579,444,558
"2021-10-15","SULAWESI UTARA",13,19,-6,0,20594,19598,438,558
"2021-10-16","SULAWESI UTARA",9,5,4,0,20603,19603,442,558
"2021-10-17","SULAWESI UTARA",1,13,-13,1,20604,19616,429,559
"2021-10-18","SULAWESI UTARA",3,5,-2,0,20607,19621,427,559
"2021-10-19","SULAWESI UTARA",13,7,5,1,20620,19628,432,560
"2021-10-20","SULAWESI UTARA",15,5,10,0,20635,19633,442,560
"2021-10-21","SULAWESI UTARA",0,20,-20,0,20635,19653,422,560
"2021-10-22","SULAWESI UTARA",10,6,4,0,20645,19659,426,560
"2021-10-23","SULAWESI UTARA",1,28,-27,0,20646,19687,399,560
"2021-10-24","SULAWESI UTARA",4,21,-17,0,20650,19708,382,560
"2021-10-25","SULAWESI UTARA",5,12,-7,0,20655,19720,375,560
"2021-10-26","SULAWESI UTARA",3,10,-7,0,20658,19730,368,560
"2021-10-27","SULAWESI UTARA",6,22,-16,0,20664,19752,352,560
"2021-10-28","SULAWESI UTARA",8,1,7,0,20672,19753,359,560
"2021-10-29","SULAWESI UTARA",5,9,-4,0,20677,19762,355,560
"2021-10-30","SULAWESI UTARA",7,15,-8,0,20684,19777,347,560
"2021-10-31","SULAWESI UTARA",5,2,3,0,20689,19779,350,560
"2021-11-01","SULAWESI UTARA",4,6,-2,0,20693,19785,348,560
"2021-11-02","SULAWESI UTARA",2,102,-101,1,20695,19887,247,561
"2021-11-03","SULAWESI UTARA",6,21,-16,1,20701,19908,231,562
"2021-11-04","SULAWESI UTARA",2,10,-8,0,20703,19918,223,562
"2021-11-05","SULAWESI UTARA",3,4,-2,1,20706,19922,221,563
"2021-11-06","SULAWESI UTARA",7,0,7,0,20713,19922,228,563
"2021-11-07","SULAWESI UTARA",1,53,-54,2,20714,19975,174,565
"2021-11-08","SULAWESI UTARA",0,31,-31,0,20714,20006,143,565
"2021-11-09","SULAWESI UTARA",2,3,-2,1,20716,20009,141,566
"2021-11-10","SULAWESI UTARA",0,5,-5,0,20716,20014,136,566
"2021-11-11","SULAWESI UTARA",2,4,-2,0,20718,20018,134,566
"2021-11-12","SULAWESI UTARA",6,1,1,4,20724,20019,135,570
"2021-11-13","SULAWESI UTARA",3,10,-8,1,20727,20029,127,571
"2021-11-14","SULAWESI UTARA",2,28,-26,0,20729,20057,101,571
"2021-11-15","SULAWESI UTARA",1,13,-12,0,20730,20070,89,571
"2021-11-16","SULAWESI UTARA",3,5,-2,0,20733,20075,87,571
"2021-11-17","SULAWESI UTARA",1,0,1,0,20734,20075,88,571
"2021-11-18","SULAWESI UTARA",2,1,1,0,20736,20076,89,571
"2021-11-19","SULAWESI UTARA",0,8,-8,0,20736,20084,81,571
"2021-11-20","SULAWESI UTARA",7,5,2,0,20743,20089,83,571
"2021-11-21","SULAWESI UTARA",2,1,1,0,20745,20090,84,571
"2021-11-22","SULAWESI UTARA",3,3,0,0,20748,20093,84,571
"2021-11-23","SULAWESI UTARA",7,0,7,0,20755,20093,91,571
"2021-11-24","SULAWESI UTARA",2,0,2,0,20757,20093,93,571
"2021-11-25","SULAWESI UTARA",0,0,0,0,20757,20093,93,571
"2021-11-26","SULAWESI UTARA",5,18,-13,0,20762,20111,80,571
"2021-11-27","SULAWESI UTARA",0,0,0,0,20762,20111,80,571
"2021-11-28","SULAWESI UTARA",2,0,2,0,20764,20111,82,571
"2021-11-29","SULAWESI UTARA",2,1,1,0,20766,20112,83,571
"2021-11-30","SULAWESI UTARA",5,1,4,0,20771,20113,87,571
"2021-12-01","SULAWESI UTARA",0,10,-11,1,20771,20123,76,572
"2021-12-02","SULAWESI UTARA",3,0,2,1,20774,20123,78,573
"2021-12-03","SULAWESI UTARA",0,1,-1,0,20774,20124,77,573
"2021-12-04","SULAWESI UTARA",4,0,4,0,20778,20124,81,573
"2021-12-05","SULAWESI UTARA",2,6,-4,0,20780,20130,77,573
"2021-12-06","SULAWESI UTARA",0,0,0,0,20780,20130,77,573
"2021-12-07","SULAWESI UTARA",11,0,9,2,20791,20130,86,575
"2021-12-08","SULAWESI UTARA",6,0,6,0,20797,20130,92,575
"2021-12-09","SULAWESI UTARA",3,2,-1,2,20800,20132,91,577
"2021-12-10","SULAWESI UTARA",4,0,4,0,20804,20132,95,577
"2021-12-11","SULAWESI UTARA",8,1,7,0,20812,20133,102,577
"2021-12-12","SULAWESI UTARA",4,0,4,0,20816,20133,106,577
"2021-12-13","SULAWESI UTARA",1,3,-2,0,20817,20136,104,577
"2021-12-14","SULAWESI UTARA",3,4,-1,0,20820,20140,103,577
"2021-12-15","SULAWESI UTARA",2,0,2,0,20822,20140,105,577
"2021-12-16","SULAWESI UTARA",1,3,-2,0,20823,20143,103,577
"2021-12-17","SULAWESI UTARA",9,2,7,0,20832,20145,110,577
"2021-12-18","SULAWESI UTARA",4,1,3,0,20836,20146,113,577
"2021-12-19","SULAWESI UTARA",1,2,-1,0,20837,20148,112,577
"2021-12-20","SULAWESI UTARA",1,1,0,0,20838,20149,112,577
"2021-12-21","SULAWESI UTARA",8,0,8,0,20846,20149,120,577
"2021-12-22","SULAWESI UTARA",0,8,-8,0,20846,20157,112,577
"2021-12-23","SULAWESI UTARA",1,3,-2,0,20847,20160,110,577
"2021-12-24","SULAWESI UTARA",0,0,0,0,20847,20160,110,577
"2021-12-25","SULAWESI UTARA",1,2,-1,0,20848,20162,109,577
"2021-12-26","SULAWESI UTARA",0,0,0,0,20848,20162,109,577
"2021-12-27","SULAWESI UTARA",0,6,-6,0,20848,20168,103,577
"2021-12-28","SULAWESI UTARA",1,0,1,0,20849,20168,104,577
"2021-12-29","SULAWESI UTARA",2,4,-2,0,20851,20172,102,577
"2021-12-30","SULAWESI UTARA",3,1,2,0,20854,20173,104,577
"2021-12-31","SULAWESI UTARA",2,2,0,0,20856,20175,104,577
"2022-01-01","SULAWESI UTARA",3,0,3,0,20859,20175,107,577
"2022-01-02","SULAWESI UTARA",1,0,1,0,20860,20175,108,577
"2022-01-03","SULAWESI UTARA",0,0,0,0,20860,20175,108,577
"2022-01-04","SULAWESI UTARA",1,0,1,0,20861,20175,109,577
"2022-01-05","SULAWESI UTARA",5,0,5,0,20866,20175,114,577
"2022-01-06","SULAWESI UTARA",2,0,1,1,20868,20175,115,578
"2022-01-07","SULAWESI UTARA",5,0,5,0,20873,20175,120,578
"2022-01-08","SULAWESI UTARA",3,0,3,0,20876,20175,123,578
"2022-01-09","SULAWESI UTARA",0,0,0,0,20876,20175,123,578
"2022-01-10","SULAWESI UTARA",0,0,0,0,20876,20175,123,578
"2022-01-11","SULAWESI UTARA",4,1,3,0,20880,20176,126,578
"2022-01-12","SULAWESI UTARA",3,1,1,1,20883,20177,127,579
"2022-01-13","SULAWESI UTARA",5,2,3,0,20888,20179,130,579
"2022-01-14","SULAWESI UTARA",6,1,5,0,20894,20180,135,579
"2022-01-15","SULAWESI UTARA",0,0,0,0,20894,20180,135,579
"2022-01-16","SULAWESI UTARA",2,3,-1,0,20896,20183,134,579
"2022-01-17","SULAWESI UTARA",3,0,2,1,20899,20183,136,580
"2022-01-18","SULAWESI UTARA",2,0,2,0,20901,20183,138,580
"2022-01-19","SULAWESI UTARA",4,1,3,0,20905,20184,141,580
"2022-01-20","SULAWESI UTARA",5,0,5,0,20910,20184,146,580
"2022-01-21","SULAWESI UTARA",3,0,3,0,20913,20184,149,580
"2022-01-22","SULAWESI UTARA",3,2,1,0,20916,20186,150,580
"2022-01-23","SULAWESI UTARA",1,12,-13,2,20917,20198,137,582
"2022-01-24","SULAWESI UTARA",2,28,-26,0,20919,20226,111,582
"2022-01-25","SULAWESI UTARA",7,4,3,0,20926,20230,114,582
"2022-01-26","SULAWESI UTARA",10,0,10,0,20936,20230,124,582
"2022-01-27","SULAWESI UTARA",10,0,10,0,20946,20230,134,582
"2022-01-28","SULAWESI UTARA",19,5,14,0,20965,20235,148,582
"2022-01-29","SULAWESI UTARA",23,21,2,0,20988,20256,150,582
"2022-01-30","SULAWESI UTARA",9,3,6,0,20997,20259,156,582
"2022-01-31","SULAWESI UTARA",3,49,-46,0,21000,20308,110,582
"2022-02-01","SULAWESI UTARA",37,0,36,1,21037,20308,146,583
"2022-02-02","SULAWESI UTARA",9,0,9,0,21046,20308,155,583
"2022-02-03","SULAWESI UTARA",60,4,56,0,21106,20312,211,583
"2022-02-04","SULAWESI UTARA",91,4,87,0,21197,20316,298,583
"2022-02-05","SULAWESI UTARA",51,21,29,1,21248,20337,327,584
"2022-02-06","SULAWESI UTARA",54,3,51,0,21302,20340,378,584
"2022-02-07","SULAWESI UTARA",45,2,43,0,21347,20342,421,584
"2022-02-08","SULAWESI UTARA",130,8,122,0,21477,20350,543,584
"2022-02-09","SULAWESI UTARA",178,5,173,0,21655,20355,716,584
"2022-02-10","SULAWESI UTARA",262,5,257,0,21917,20360,973,584
"2022-02-11","SULAWESI UTARA",378,2,376,0,22295,20362,1349,584
"2022-02-12","SULAWESI UTARA",428,31,397,0,22723,20393,1746,584
"2022-02-13","SULAWESI UTARA",369,39,330,0,23092,20432,2076,584
"2022-02-14","SULAWESI UTARA",280,9,271,0,23372,20441,2347,584
"2022-02-15","SULAWESI UTARA",532,85,447,0,23904,20526,2794,584
"2022-02-16","SULAWESI UTARA",997,46,949,2,24901,20572,3743,586
"2022-02-17","SULAWESI UTARA",1031,44,986,1,25932,20616,4729,587
"2022-02-18","SULAWESI UTARA",963,29,934,0,26895,20645,5663,587
"2022-02-19","SULAWESI UTARA",983,226,756,1,27878,20871,6419,588
"2022-02-20","SULAWESI UTARA",1112,69,1040,3,28990,20940,7459,591
"2022-02-21","SULAWESI UTARA",564,25,536,3,29554,20965,7995,594
"2022-02-22","SULAWESI UTARA",1112,144,964,4,30666,21109,8959,598
"2022-02-23","SULAWESI UTARA",1115,407,706,2,31781,21516,9665,600
"2022-02-24","SULAWESI UTARA",857,297,556,4,32638,21813,10221,604
"2022-02-25","SULAWESI UTARA",823,359,463,1,33461,22172,10684,605
"2022-02-26","SULAWESI UTARA",552,898,-350,4,34013,23070,10334,609
"2022-02-27","SULAWESI UTARA",443,523,-89,9,34456,23593,10245,618
"2022-02-28","SULAWESI UTARA",219,247,-29,1,34675,23840,10216,619
"2022-03-01","SULAWESI UTARA",408,552,-145,1,35083,24392,10071,620
"2022-03-02","SULAWESI UTARA",382,727,-349,4,35465,25119,9722,624
"2022-03-03","SULAWESI UTARA",327,658,-335,4,35792,25777,9387,628
"2022-03-04","SULAWESI UTARA",180,723,-544,1,35972,26500,8843,629
"2022-03-05","SULAWESI UTARA",196,651,-463,8,36168,27151,8380,637
"2022-03-06","SULAWESI UTARA",158,321,-164,1,36326,27472,8216,638
"2022-03-07","SULAWESI UTARA",147,464,-320,3,36473,27936,7896,641
"2020-08-07","SULAWESI TENGAH",1,0,1,0,1,0,1,0
"2020-08-08","SULAWESI TENGAH",0,0,0,0,1,0,1,0
"2020-08-09","SULAWESI TENGAH",0,0,0,0,1,0,1,0
"2020-08-10","SULAWESI TENGAH",0,0,0,0,1,0,1,0
"2020-08-11","SULAWESI TENGAH",0,0,0,0,1,0,1,0
"2020-08-12","SULAWESI TENGAH",4,0,4,0,5,0,5,0
"2020-08-13","SULAWESI TENGAH",0,1,-1,0,5,1,4,0
"2020-08-14","SULAWESI TENGAH",3,0,3,0,8,1,7,0
"2020-08-15","SULAWESI TENGAH",0,0,0,0,8,1,7,0
"2020-08-16","SULAWESI TENGAH",0,0,0,0,8,1,7,0
"2020-08-17","SULAWESI TENGAH",4,0,4,0,12,1,11,0
"2020-08-18","SULAWESI TENGAH",1,0,1,0,13,1,12,0
"2020-08-19","SULAWESI TENGAH",5,0,5,0,18,1,17,0
"2020-08-20","SULAWESI TENGAH",0,0,0,0,18,1,17,0
"2020-08-21","SULAWESI TENGAH",2,0,2,0,20,1,19,0
"2020-08-22","SULAWESI TENGAH",1,0,1,0,21,1,20,0
"2020-08-23","SULAWESI TENGAH",2,0,1,1,23,1,21,1
"2020-08-24","SULAWESI TENGAH",1,1,0,0,24,2,21,1
"2020-08-25","SULAWESI TENGAH",0,2,-2,0,24,4,19,1
"2020-08-26","SULAWESI TENGAH",0,1,-1,0,24,5,18,1
"2020-08-27","SULAWESI TENGAH",0,1,-1,0,24,6,17,1
"2020-08-28","SULAWESI TENGAH",1,5,-4,0,25,11,13,1
"2020-08-29","SULAWESI TENGAH",1,0,1,0,26,11,14,1
"2020-08-30","SULAWESI TENGAH",0,1,-1,0,26,12,13,1
"2020-08-31","SULAWESI TENGAH",2,1,1,0,28,13,14,1
"2020-09-01","SULAWESI TENGAH",1,0,1,0,29,13,15,1
"2020-09-02","SULAWESI TENGAH",1,0,0,1,30,13,15,2
"2020-09-03","SULAWESI TENGAH",4,1,1,2,34,14,16,4
"2020-09-04","SULAWESI TENGAH",0,1,-1,0,34,15,15,4
"2020-09-05","SULAWESI TENGAH",3,1,2,0,37,16,17,4
"2020-09-06","SULAWESI TENGAH",0,0,0,0,37,16,17,4
"2020-09-07","SULAWESI TENGAH",0,2,-2,0,37,18,15,4
"2020-09-08","SULAWESI TENGAH",5,0,5,0,42,18,20,4
"2020-09-09","SULAWESI TENGAH",4,2,2,0,46,20,22,4
"2020-09-10","SULAWESI TENGAH",0,1,-1,0,46,21,21,4
"2020-09-11","SULAWESI TENGAH",7,0,7,0,53,21,28,4
"2020-09-12","SULAWESI TENGAH",1,0,1,0,54,21,29,4
"2020-09-13","SULAWESI TENGAH",2,2,0,0,56,23,29,4
"2020-09-14","SULAWESI TENGAH",0,0,0,0,56,23,29,4
"2020-09-15","SULAWESI TENGAH",1,1,0,0,57,24,29,4
"2020-09-16","SULAWESI TENGAH",4,0,4,0,61,24,33,4
"2020-09-17","SULAWESI TENGAH",2,0,2,0,63,24,35,4
"2020-09-18","SULAWESI TENGAH",11,1,10,0,74,25,45,4
"2020-09-19","SULAWESI TENGAH",8,0,7,1,82,25,52,5
"2020-09-20","SULAWESI TENGAH",23,0,23,0,105,25,75,5
"2020-09-21","SULAWESI TENGAH",1,1,0,0,106,26,75,5
"2020-09-22","SULAWESI TENGAH",9,4,4,1,115,30,79,6
"2020-09-23","SULAWESI TENGAH",14,2,11,1,129,32,90,7
"2020-09-24","SULAWESI TENGAH",4,3,0,1,133,35,90,8
"2020-09-25","SULAWESI TENGAH",6,0,6,0,139,35,96,8
"2020-09-26","SULAWESI TENGAH",21,4,17,0,160,39,113,8
"2020-09-27","SULAWESI TENGAH",0,0,0,0,160,39,113,8
"2020-09-28","SULAWESI TENGAH",18,3,15,0,178,42,128,8
"2020-09-29","SULAWESI TENGAH",9,6,3,0,187,48,131,8
"2020-09-30","SULAWESI TENGAH",8,11,-3,0,195,59,128,8
"2020-10-01","SULAWESI TENGAH",30,20,9,1,225,79,137,9
"2020-10-02","SULAWESI TENGAH",10,4,5,1,235,83,142,10
"2020-10-03","SULAWESI TENGAH",0,16,-16,0,235,99,126,10
"2020-10-04","SULAWESI TENGAH",0,3,-3,0,235,102,123,10
"2020-10-05","SULAWESI TENGAH",1,2,-2,1,236,104,121,11
"2020-10-06","SULAWESI TENGAH",24,12,11,1,260,116,132,12
"2020-10-07","SULAWESI TENGAH",23,4,18,1,283,120,150,13
"2020-10-08","SULAWESI TENGAH",14,5,8,1,297,125,158,14
"2020-10-09","SULAWESI TENGAH",11,17,-6,0,308,142,152,14
"2020-10-10","SULAWESI TENGAH",13,13,0,0,321,155,152,14
"2020-10-11","SULAWESI TENGAH",16,5,11,0,337,160,163,14
"2020-10-12","SULAWESI TENGAH",1,4,-6,3,338,164,157,17
"2020-10-13","SULAWESI TENGAH",17,26,-10,1,355,190,147,18
"2020-10-14","SULAWESI TENGAH",10,4,6,0,365,194,153,18
"2020-10-15","SULAWESI TENGAH",21,2,19,0,386,196,172,18
"2020-10-16","SULAWESI TENGAH",0,0,0,0,386,196,172,18
"2020-10-17","SULAWESI TENGAH",51,23,28,0,437,219,200,18
"2020-10-18","SULAWESI TENGAH",17,3,13,1,454,222,213,19
"2020-10-19","SULAWESI TENGAH",2,10,-9,1,456,232,204,20
"2020-10-20","SULAWESI TENGAH",39,13,25,1,495,245,229,21
"2020-10-21","SULAWESI TENGAH",36,17,17,2,531,262,246,23
"2020-10-22","SULAWESI TENGAH",13,13,0,0,544,275,246,23
"2020-10-23","SULAWESI TENGAH",0,18,-19,1,544,293,227,24
"2020-10-24","SULAWESI TENGAH",0,7,-8,1,544,300,219,25
"2020-10-25","SULAWESI TENGAH",18,39,-21,0,562,339,198,25
"2020-10-26","SULAWESI TENGAH",4,31,-27,0,566,370,171,25
"2020-10-27","SULAWESI TENGAH",17,13,4,0,583,383,175,25
"2020-10-28","SULAWESI TENGAH",10,9,0,1,593,392,175,26
"2020-10-29","SULAWESI TENGAH",7,10,-3,0,600,402,172,26
"2020-10-30","SULAWESI TENGAH",0,4,-4,0,600,406,168,26
"2020-10-31","SULAWESI TENGAH",2,15,-13,0,602,421,155,26
"2020-11-01","SULAWESI TENGAH",19,3,16,0,621,424,171,26
"2020-11-02","SULAWESI TENGAH",2,18,-18,2,623,442,153,28
"2020-11-03","SULAWESI TENGAH",11,7,2,2,634,449,155,30
"2020-11-04","SULAWESI TENGAH",17,4,13,0,651,453,168,30
"2020-11-05","SULAWESI TENGAH",32,13,18,1,683,466,186,31
"2020-11-06","SULAWESI TENGAH",25,11,12,2,708,477,198,33
"2020-11-07","SULAWESI TENGAH",25,25,0,0,733,502,198,33
"2020-11-08","SULAWESI TENGAH",59,7,52,0,792,509,250,33
"2020-11-09","SULAWESI TENGAH",0,22,-23,1,792,531,227,34
"2020-11-10","SULAWESI TENGAH",30,30,-1,1,822,561,226,35
"2020-11-11","SULAWESI TENGAH",37,10,26,1,859,571,252,36
"2020-11-12","SULAWESI TENGAH",12,22,-10,0,871,593,242,36
"2020-11-13","SULAWESI TENGAH",22,2,17,3,893,595,259,39
"2020-11-14","SULAWESI TENGAH",8,20,-13,1,901,615,246,40
"2020-11-15","SULAWESI TENGAH",2,1,1,0,903,616,247,40
"2020-11-16","SULAWESI TENGAH",74,13,59,2,977,629,306,42
"2020-11-17","SULAWESI TENGAH",33,15,17,1,1010,644,323,43
"2020-11-18","SULAWESI TENGAH",73,6,66,1,1083,650,389,44
"2020-11-19","SULAWESI TENGAH",52,15,35,2,1135,665,424,46
"2020-11-20","SULAWESI TENGAH",4,23,-19,0,1139,688,405,46
"2020-11-21","SULAWESI TENGAH",59,4,51,4,1198,692,456,50
"2020-11-22","SULAWESI TENGAH",61,19,41,1,1259,711,497,51
"2020-11-23","SULAWESI TENGAH",37,3,31,3,1296,714,528,54
"2020-11-24","SULAWESI TENGAH",81,10,71,0,1377,724,599,54
"2020-11-25","SULAWESI TENGAH",55,12,39,4,1432,736,638,58
"2020-11-26","SULAWESI TENGAH",13,35,-24,2,1445,771,614,60
"2020-11-27","SULAWESI TENGAH",39,35,2,2,1484,806,616,62
"2020-11-28","SULAWESI TENGAH",30,11,18,1,1514,817,634,63
"2020-11-29","SULAWESI TENGAH",31,9,21,1,1545,826,655,64
"2020-11-30","SULAWESI TENGAH",60,17,43,0,1605,843,698,64
"2020-12-01","SULAWESI TENGAH",12,38,-26,0,1617,881,672,64
"2020-12-02","SULAWESI TENGAH",0,55,-55,0,1617,936,617,64
"2020-12-03","SULAWESI TENGAH",1,24,-25,2,1618,960,592,66
"2020-12-04","SULAWESI TENGAH",55,44,11,0,1673,1004,603,66
"2020-12-05","SULAWESI TENGAH",57,17,40,0,1730,1021,643,66
"2020-12-06","SULAWESI TENGAH",54,57,-4,1,1784,1078,639,67
"2020-12-07","SULAWESI TENGAH",56,13,43,0,1840,1091,682,67
"2020-12-08","SULAWESI TENGAH",41,32,8,1,1881,1123,690,68
"2020-12-09","SULAWESI TENGAH",61,15,45,1,1942,1138,735,69
"2020-12-10","SULAWESI TENGAH",9,10,-3,2,1951,1148,732,71
"2020-12-11","SULAWESI TENGAH",65,43,19,3,2016,1191,751,74
"2020-12-12","SULAWESI TENGAH",44,15,28,1,2060,1206,779,75
"2020-12-13","SULAWESI TENGAH",11,20,-9,0,2071,1226,770,75
"2020-12-14","SULAWESI TENGAH",46,31,15,0,2117,1257,785,75
"2020-12-15","SULAWESI TENGAH",39,19,18,2,2156,1276,803,77
"2020-12-16","SULAWESI TENGAH",0,16,-16,0,2156,1292,787,77
"2020-12-17","SULAWESI TENGAH",0,9,-10,1,2156,1301,777,78
"2020-12-18","SULAWESI TENGAH",0,13,-13,0,2156,1314,764,78
"2020-12-19","SULAWESI TENGAH",0,1,-1,0,2156,1315,763,78
"2020-12-20","SULAWESI TENGAH",0,27,-27,0,2156,1342,736,78
"2020-12-21","SULAWESI TENGAH",0,2,-2,0,2156,1344,734,78
"2020-12-22","SULAWESI TENGAH",0,5,-5,0,2156,1349,729,78
"2020-12-23","SULAWESI TENGAH",0,21,-21,0,2156,1370,708,78
"2020-12-24","SULAWESI TENGAH",45,16,28,1,2201,1386,736,79
"2020-12-25","SULAWESI TENGAH",39,18,21,0,2240,1404,757,79
"2020-12-26","SULAWESI TENGAH",42,11,30,1,2282,1415,787,80
"2020-12-27","SULAWESI TENGAH",54,6,47,1,2336,1421,834,81
"2020-12-28","SULAWESI TENGAH",41,12,27,2,2377,1433,861,83
"2020-12-29","SULAWESI TENGAH",81,12,69,0,2458,1445,930,83
"2020-12-30","SULAWESI TENGAH",169,9,160,0,2627,1454,1090,83
"2020-12-31","SULAWESI TENGAH",195,44,151,0,2822,1498,1241,83
"2021-01-01","SULAWESI TENGAH",64,88,-25,1,2886,1586,1216,84
"2021-01-02","SULAWESI TENGAH",66,19,47,0,2952,1605,1263,84
"2021-01-03","SULAWESI TENGAH",0,14,-15,1,2952,1619,1248,85
"2021-01-04","SULAWESI TENGAH",1,43,-43,1,2953,1662,1205,86
"2021-01-05","SULAWESI TENGAH",0,22,-23,1,2953,1684,1182,87
"2021-01-06","SULAWESI TENGAH",1,104,-103,0,2954,1788,1079,87
"2021-01-07","SULAWESI TENGAH",0,14,-14,0,2954,1802,1065,87
"2021-01-08","SULAWESI TENGAH",0,40,-40,0,2954,1842,1025,87
"2021-01-09","SULAWESI TENGAH",0,43,-43,0,2954,1885,982,87
"2021-01-10","SULAWESI TENGAH",0,11,-11,0,2954,1896,971,87
"2021-01-11","SULAWESI TENGAH",1,89,-90,2,2955,1985,881,89
"2021-01-12","SULAWESI TENGAH",1,54,-53,0,2956,2039,828,89
"2021-01-13","SULAWESI TENGAH",113,48,65,0,3069,2087,893,89
"2021-01-14","SULAWESI TENGAH",107,83,22,2,3176,2170,915,91
"2021-01-15","SULAWESI TENGAH",248,73,174,1,3424,2243,1089,92
"2021-01-16","SULAWESI TENGAH",87,31,56,0,3511,2274,1145,92
"2021-01-17","SULAWESI TENGAH",63,58,2,3,3574,2332,1147,95
"2021-01-18","SULAWESI TENGAH",30,115,-86,1,3604,2447,1061,96
"2021-01-19","SULAWESI TENGAH",0,102,-103,1,3604,2549,958,97
"2021-01-20","SULAWESI TENGAH",1,24,-23,0,3605,2573,935,97
"2021-01-21","SULAWESI TENGAH",0,21,-21,0,3605,2594,914,97
"2021-01-22","SULAWESI TENGAH",0,113,-115,2,3605,2707,799,99
"2021-01-23","SULAWESI TENGAH",1,20,-20,1,3606,2727,779,100
"2021-01-24","SULAWESI TENGAH",0,22,-22,0,3606,2749,757,100
"2021-01-25","SULAWESI TENGAH",0,43,-43,0,3606,2792,714,100
"2021-01-26","SULAWESI TENGAH",1,45,-45,1,3607,2837,669,101
"2021-01-27","SULAWESI TENGAH",1,2,-1,0,3608,2839,668,101
"2021-01-28","SULAWESI TENGAH",0,40,-40,0,3608,2879,628,101
"2021-01-29","SULAWESI TENGAH",0,36,-36,0,3608,2915,592,101
"2021-01-30","SULAWESI TENGAH",1,24,-23,0,3609,2939,569,101
"2021-01-31","SULAWESI TENGAH",1,12,-11,0,3610,2951,558,101
"2021-02-01","SULAWESI TENGAH",0,15,-15,0,3610,2966,543,101
"2021-02-02","SULAWESI TENGAH",275,9,264,2,3885,2975,807,103
"2021-02-03","SULAWESI TENGAH",155,23,132,0,4040,2998,939,103
"2021-02-04","SULAWESI TENGAH",207,52,151,4,4247,3050,1090,107
"2021-02-05","SULAWESI TENGAH",173,14,158,1,4420,3064,1248,108
"2021-02-06","SULAWESI TENGAH",184,9,173,2,4604,3073,1421,110
"2021-02-07","SULAWESI TENGAH",37,63,-27,1,4641,3136,1394,111
"2021-02-08","SULAWESI TENGAH",0,115,-116,1,4641,3251,1278,112
"2021-02-09","SULAWESI TENGAH",0,36,-36,0,4641,3287,1242,112
"2021-02-10","SULAWESI TENGAH",0,77,-78,1,4641,3364,1164,113
"2021-02-11","SULAWESI TENGAH",0,49,-55,6,4641,3413,1109,119
"2021-02-12","SULAWESI TENGAH",0,22,-22,0,4641,3435,1087,119
"2021-02-13","SULAWESI TENGAH",0,45,-47,2,4641,3480,1040,121
"2021-02-14","SULAWESI TENGAH",0,93,-94,1,4641,3573,946,122
"2021-02-15","SULAWESI TENGAH",0,32,-32,0,4641,3605,914,122
"2021-02-16","SULAWESI TENGAH",0,3,-3,0,4641,3608,911,122
"2021-02-17","SULAWESI TENGAH",0,35,-35,0,4641,3643,876,122
"2021-02-18","SULAWESI TENGAH",0,90,-90,0,4641,3733,786,122
"2021-02-19","SULAWESI TENGAH",1,31,-31,1,4642,3764,755,123
"2021-02-20","SULAWESI TENGAH",0,62,-62,0,4642,3826,693,123
"2021-02-21","SULAWESI TENGAH",0,2,-2,0,4642,3828,691,123
"2021-02-22","SULAWESI TENGAH",62,68,-6,0,4704,3896,685,123
"2021-02-23","SULAWESI TENGAH",90,48,42,0,4794,3944,727,123
"2021-02-24","SULAWESI TENGAH",65,36,28,1,4859,3980,755,124
"2021-02-25","SULAWESI TENGAH",67,86,-20,1,4926,4066,735,125
"2021-02-26","SULAWESI TENGAH",85,7,77,1,5011,4073,812,126
"2021-02-27","SULAWESI TENGAH",46,43,0,3,5057,4116,812,129
"2021-02-28","SULAWESI TENGAH",12,1,10,1,5069,4117,822,130
"2021-03-01","SULAWESI TENGAH",74,10,64,0,5143,4127,886,130
"2021-03-02","SULAWESI TENGAH",0,46,-46,0,5143,4173,840,130
"2021-03-03","SULAWESI TENGAH",2,44,-43,1,5145,4217,797,131
"2021-03-04","SULAWESI TENGAH",2,35,-33,0,5147,4252,764,131
"2021-03-05","SULAWESI TENGAH",0,3,-3,0,5147,4255,761,131
"2021-03-06","SULAWESI TENGAH",1,3,-2,0,5148,4258,759,131
"2021-03-07","SULAWESI TENGAH",0,1,-1,0,5148,4259,758,131
"2021-03-08","SULAWESI TENGAH",1,63,-62,0,5149,4322,696,131
"2021-03-09","SULAWESI TENGAH",5,65,-60,0,5154,4387,636,131
"2021-03-10","SULAWESI TENGAH",4,46,-42,0,5158,4433,594,131
"2021-03-11","SULAWESI TENGAH",1,24,-23,0,5159,4457,571,131
"2021-03-12","SULAWESI TENGAH",3,3,0,0,5162,4460,571,131
"2021-03-13","SULAWESI TENGAH",0,9,-9,0,5162,4469,562,131
"2021-03-14","SULAWESI TENGAH",39,8,31,0,5201,4477,593,131
"2021-03-15","SULAWESI TENGAH",30,15,13,2,5231,4492,606,133
"2021-03-16","SULAWESI TENGAH",23,8,14,1,5254,4500,620,134
"2021-03-17","SULAWESI TENGAH",25,8,16,1,5279,4508,636,135
"2021-03-18","SULAWESI TENGAH",24,28,-4,0,5303,4536,632,135
"2021-03-19","SULAWESI TENGAH",55,18,36,1,5358,4554,668,136
"2021-03-20","SULAWESI TENGAH",39,63,-25,1,5397,4617,643,137
"2021-03-21","SULAWESI TENGAH",21,44,-25,2,5418,4661,618,139
"2021-03-22","SULAWESI TENGAH",82,90,-10,2,5500,4751,608,141
"2021-03-23","SULAWESI TENGAH",67,51,12,4,5567,4802,620,145
"2021-03-24","SULAWESI TENGAH",29,122,-98,5,5596,4924,522,150
"2021-03-25","SULAWESI TENGAH",0,17,-17,0,5596,4941,505,150
"2021-03-26","SULAWESI TENGAH",0,24,-26,2,5596,4965,479,152
"2021-03-27","SULAWESI TENGAH",0,17,-17,0,5596,4982,462,152
"2021-03-28","SULAWESI TENGAH",0,24,-24,0,5596,5006,438,152
"2021-03-29","SULAWESI TENGAH",0,19,-19,0,5596,5025,419,152
"2021-03-30","SULAWESI TENGAH",0,7,-7,0,5596,5032,412,152
"2021-03-31","SULAWESI TENGAH",0,45,-45,0,5596,5077,367,152
"2021-04-01","SULAWESI TENGAH",0,36,-36,0,5596,5113,331,152
"2021-04-02","SULAWESI TENGAH",0,28,-28,0,5596,5141,303,152
"2021-04-03","SULAWESI TENGAH",14,18,-6,2,5610,5159,297,154
"2021-04-04","SULAWESI TENGAH",18,10,8,0,5628,5169,305,154
"2021-04-05","SULAWESI TENGAH",48,18,30,0,5676,5187,335,154
"2021-04-06","SULAWESI TENGAH",16,23,-8,1,5692,5210,327,155
"2021-04-07","SULAWESI TENGAH",57,16,41,0,5749,5226,368,155
"2021-04-08","SULAWESI TENGAH",23,28,-6,1,5772,5254,362,156
"2021-04-09","SULAWESI TENGAH",55,11,43,1,5827,5265,405,157
"2021-04-10","SULAWESI TENGAH",20,12,7,1,5847,5277,412,158
"2021-04-11","SULAWESI TENGAH",8,19,-12,1,5855,5296,400,159
"2021-04-12","SULAWESI TENGAH",49,64,-15,0,5904,5360,385,159
"2021-04-13","SULAWESI TENGAH",55,33,21,1,5959,5393,406,160
"2021-04-14","SULAWESI TENGAH",61,11,50,0,6020,5404,456,160
"2021-04-15","SULAWESI TENGAH",0,40,-41,1,6020,5444,415,161
"2021-04-16","SULAWESI TENGAH",0,8,-10,2,6020,5452,405,163
"2021-04-17","SULAWESI TENGAH",0,0,0,0,6020,5452,405,163
"2021-04-18","SULAWESI TENGAH",0,3,-4,1,6020,5455,401,164
"2021-04-19","SULAWESI TENGAH",0,47,-47,0,6020,5502,354,164
"2021-04-20","SULAWESI TENGAH",0,34,-34,0,6020,5536,320,164
"2021-04-21","SULAWESI TENGAH",0,46,-47,1,6020,5582,273,165
"2021-04-22","SULAWESI TENGAH",0,14,-15,1,6020,5596,258,166
"2021-04-23","SULAWESI TENGAH",38,8,30,0,6058,5604,288,166
"2021-04-24","SULAWESI TENGAH",46,4,42,0,6104,5608,330,166
"2021-04-25","SULAWESI TENGAH",9,4,4,1,6113,5612,334,167
"2021-04-26","SULAWESI TENGAH",39,6,33,0,6152,5618,367,167
"2021-04-27","SULAWESI TENGAH",39,18,21,0,6191,5636,388,167
"2021-04-28","SULAWESI TENGAH",48,8,38,2,6239,5644,426,169
"2021-04-29","SULAWESI TENGAH",51,5,46,0,6290,5649,472,169
"2021-04-30","SULAWESI TENGAH",58,19,35,4,6348,5668,507,173
"2021-05-01","SULAWESI TENGAH",20,12,6,2,6368,5680,513,175
"2021-05-02","SULAWESI TENGAH",14,6,7,1,6382,5686,520,176
"2021-05-03","SULAWESI TENGAH",56,49,6,1,6438,5735,526,177
"2021-05-04","SULAWESI TENGAH",22,64,-43,1,6460,5799,483,178
"2021-05-05","SULAWESI TENGAH",0,69,-71,2,6460,5868,412,180
"2021-05-06","SULAWESI TENGAH",0,36,-36,0,6460,5904,376,180
"2021-05-07","SULAWESI TENGAH",0,12,-12,0,6460,5916,364,180
"2021-05-08","SULAWESI TENGAH",0,13,-13,0,6460,5929,351,180
"2021-05-09","SULAWESI TENGAH",0,9,-9,0,6460,5938,342,180
"2021-05-10","SULAWESI TENGAH",0,46,-49,3,6460,5984,293,183
"2021-05-11","SULAWESI TENGAH",0,20,-20,0,6460,6004,273,183
"2021-05-12","SULAWESI TENGAH",0,11,-11,0,6460,6015,262,183
"2021-05-13","SULAWESI TENGAH",2,3,-1,0,6462,6018,261,183
"2021-05-14","SULAWESI TENGAH",16,20,-4,0,6478,6038,257,183
"2021-05-15","SULAWESI TENGAH",4,15,-11,0,6482,6053,246,183
"2021-05-16","SULAWESI TENGAH",0,9,-10,1,6482,6062,236,184
"2021-05-17","SULAWESI TENGAH",14,54,-42,2,6496,6116,194,186
"2021-05-18","SULAWESI TENGAH",17,33,-18,2,6513,6149,176,188
"2021-05-19","SULAWESI TENGAH",8,5,3,0,6521,6154,179,188
"2021-05-20","SULAWESI TENGAH",8,51,-44,1,6529,6205,135,189
"2021-05-21","SULAWESI TENGAH",7,7,0,0,6536,6212,135,189
"2021-05-22","SULAWESI TENGAH",15,0,14,1,6551,6212,149,190
"2021-05-23","SULAWESI TENGAH",12,2,10,0,6563,6214,159,190
"2021-05-24","SULAWESI TENGAH",21,3,17,1,6584,6217,176,191
"2021-05-25","SULAWESI TENGAH",15,33,-18,0,6599,6250,158,191
"2021-05-26","SULAWESI TENGAH",17,4,11,2,6616,6254,169,193
"2021-05-27","SULAWESI TENGAH",0,11,-11,0,6616,6265,158,193
"2021-05-28","SULAWESI TENGAH",0,8,-9,1,6616,6273,149,194
"2021-05-29","SULAWESI TENGAH",0,4,-5,1,6616,6277,144,195
"2021-05-30","SULAWESI TENGAH",0,0,0,0,6616,6277,144,195
"2021-05-31","SULAWESI TENGAH",0,12,-12,0,6616,6289,132,195
"2021-06-01","SULAWESI TENGAH",0,10,-10,0,6616,6299,122,195
"2021-06-02","SULAWESI TENGAH",30,14,13,3,6646,6313,135,198
"2021-06-03","SULAWESI TENGAH",6,13,-8,1,6652,6326,127,199
"2021-06-04","SULAWESI TENGAH",21,2,19,0,6673,6328,146,199
"2021-06-05","SULAWESI TENGAH",6,8,-2,0,6679,6336,144,199
"2021-06-06","SULAWESI TENGAH",6,14,-10,2,6685,6350,134,201
"2021-06-07","SULAWESI TENGAH",8,2,5,1,6693,6352,139,202
"2021-06-08","SULAWESI TENGAH",53,44,7,2,6746,6396,146,204
"2021-06-09","SULAWESI TENGAH",7,0,6,1,6753,6396,152,205
"2021-06-10","SULAWESI TENGAH",14,3,11,0,6767,6399,163,205
"2021-06-11","SULAWESI TENGAH",0,11,-11,0,6767,6410,152,205
"2021-06-12","SULAWESI TENGAH",0,0,-2,2,6767,6410,150,207
"2021-06-13","SULAWESI TENGAH",0,2,-2,0,6767,6412,148,207
"2021-06-14","SULAWESI TENGAH",0,4,-4,0,6767,6416,144,207
"2021-06-15","SULAWESI TENGAH",0,0,-1,1,6767,6416,143,208
"2021-06-16","SULAWESI TENGAH",0,6,-6,0,6767,6422,137,208
"2021-06-17","SULAWESI TENGAH",0,1,-1,0,6767,6423,136,208
"2021-06-18","SULAWESI TENGAH",0,7,-7,0,6767,6430,129,208
"2021-06-19","SULAWESI TENGAH",0,35,-36,1,6767,6465,93,209
"2021-06-20","SULAWESI TENGAH",0,0,0,0,6767,6465,93,209
"2021-06-21","SULAWESI TENGAH",0,27,-27,0,6767,6492,66,209
"2021-06-22","SULAWESI TENGAH",23,10,13,0,6790,6502,79,209
"2021-06-23","SULAWESI TENGAH",33,7,26,0,6823,6509,105,209
"2021-06-24","SULAWESI TENGAH",39,2,36,1,6862,6511,141,210
"2021-06-25","SULAWESI TENGAH",56,6,47,3,6918,6517,188,213
"2021-06-26","SULAWESI TENGAH",0,0,-1,1,6918,6517,187,214
"2021-06-27","SULAWESI TENGAH",0,0,0,0,6918,6517,187,214
"2021-06-28","SULAWESI TENGAH",0,29,-30,1,6918,6546,157,215
"2021-06-29","SULAWESI TENGAH",0,6,-6,0,6918,6552,151,215
"2021-06-30","SULAWESI TENGAH",0,3,-3,0,6918,6555,148,215
"2021-07-01","SULAWESI TENGAH",0,1,-1,0,6918,6556,147,215
"2021-07-02","SULAWESI TENGAH",0,6,-7,1,6918,6562,140,216
"2021-07-03","SULAWESI TENGAH",0,2,-2,0,6918,6564,138,216
"2021-07-04","SULAWESI TENGAH",56,8,47,1,6974,6572,185,217
"2021-07-05","SULAWESI TENGAH",77,17,60,0,7051,6589,245,217
"2021-07-06","SULAWESI TENGAH",107,8,96,3,7158,6597,341,220
"2021-07-07","SULAWESI TENGAH",118,3,113,2,7276,6600,454,222
"2021-07-08","SULAWESI TENGAH",157,10,146,1,7433,6610,600,223
"2021-07-09","SULAWESI TENGAH",233,37,192,4,7666,6647,792,227
"2021-07-10","SULAWESI TENGAH",135,21,112,2,7801,6668,904,229
"2021-07-11","SULAWESI TENGAH",184,12,169,3,7985,6680,1073,232
"2021-07-12","SULAWESI TENGAH",81,51,23,7,8066,6731,1096,239
"2021-07-13","SULAWESI TENGAH",53,18,34,1,8119,6749,1130,240
"2021-07-14","SULAWESI TENGAH",30,28,-3,5,8149,6777,1127,245
"2021-07-15","SULAWESI TENGAH",5,32,-29,2,8154,6809,1098,247
"2021-07-16","SULAWESI TENGAH",21,49,-29,1,8175,6858,1069,248
"2021-07-17","SULAWESI TENGAH",304,52,251,1,8479,6910,1320,249
"2021-07-18","SULAWESI TENGAH",250,63,181,6,8729,6973,1501,255
"2021-07-19","SULAWESI TENGAH",272,35,233,4,9001,7008,1734,259
"2021-07-20","SULAWESI TENGAH",215,10,199,6,9216,7018,1933,265
"2021-07-21","SULAWESI TENGAH",280,84,192,4,9496,7102,2125,269
"2021-07-22","SULAWESI TENGAH",374,141,222,11,9870,7243,2347,280
"2021-07-23","SULAWESI TENGAH",489,119,366,4,10359,7362,2713,284
"2021-07-24","SULAWESI TENGAH",374,74,291,9,10733,7436,3004,293
"2021-07-25","SULAWESI TENGAH",275,22,244,9,11008,7458,3248,302
"2021-07-26","SULAWESI TENGAH",413,26,376,11,11421,7484,3624,313
"2021-07-27","SULAWESI TENGAH",596,90,484,22,12017,7574,4108,335
"2021-07-28","SULAWESI TENGAH",798,225,558,15,12815,7799,4666,350
"2021-07-29","SULAWESI TENGAH",801,187,598,16,13616,7986,5264,366
"2021-07-30","SULAWESI TENGAH",614,306,285,23,14230,8292,5549,389
"2021-07-31","SULAWESI TENGAH",412,264,126,22,14642,8556,5675,411
"2021-08-01","SULAWESI TENGAH",628,182,421,25,15270,8738,6096,436
"2021-08-02","SULAWESI TENGAH",537,279,241,17,15807,9017,6337,453
"2021-08-03","SULAWESI TENGAH",93,284,-204,13,15900,9301,6133,466
"2021-08-04","SULAWESI TENGAH",46,274,-241,13,15946,9575,5892,479
"2021-08-05","SULAWESI TENGAH",21,461,-450,10,15967,10036,5442,489
"2021-08-06","SULAWESI TENGAH",60,312,-260,8,16027,10348,5182,497
"2021-08-07","SULAWESI TENGAH",44,426,-392,10,16071,10774,4790,507
"2021-08-08","SULAWESI TENGAH",36,243,-215,8,16107,11017,4575,515
"2021-08-09","SULAWESI TENGAH",428,650,-233,11,16535,11667,4342,526
"2021-08-10","SULAWESI TENGAH",958,575,369,14,17493,12242,4711,540
"2021-08-11","SULAWESI TENGAH",909,357,527,25,18402,12599,5238,565
"2021-08-12","SULAWESI TENGAH",639,384,237,18,19041,12983,5475,583
"2021-08-13","SULAWESI TENGAH",960,459,477,24,20001,13442,5952,607
"2021-08-14","SULAWESI TENGAH",843,462,350,31,20844,13904,6302,638
"2021-08-15","SULAWESI TENGAH",650,371,258,21,21494,14275,6560,659
"2021-08-16","SULAWESI TENGAH",512,394,89,29,22006,14669,6649,688
"2021-08-17","SULAWESI TENGAH",856,135,704,17,22862,14804,7353,705
"2021-08-18","SULAWESI TENGAH",431,254,150,27,23293,15058,7503,732
"2021-08-19","SULAWESI TENGAH",791,356,416,19,24084,15414,7919,751
"2021-08-20","SULAWESI TENGAH",559,440,104,15,24643,15854,8023,766
"2021-08-21","SULAWESI TENGAH",518,420,72,26,25161,16274,8095,792
"2021-08-22","SULAWESI TENGAH",300,544,-261,17,25461,16818,7834,809
"2021-08-23","SULAWESI TENGAH",149,460,-318,7,25610,17278,7516,816
"2021-08-24","SULAWESI TENGAH",31,803,-783,11,25641,18081,6733,827
"2021-08-25","SULAWESI TENGAH",39,911,-884,12,25680,18992,5849,839
"2021-08-26","SULAWESI TENGAH",28,704,-686,10,25708,19696,5163,849
"2021-08-27","SULAWESI TENGAH",41,653,-616,4,25749,20349,4547,853
"2021-08-28","SULAWESI TENGAH",29,704,-681,6,25778,21053,3866,859
"2021-08-29","SULAWESI TENGAH",24,327,-309,6,25802,21380,3557,865
"2021-08-30","SULAWESI TENGAH",14,559,-551,6,25816,21939,3006,871
"2021-08-31","SULAWESI TENGAH",57,482,-426,1,25873,22421,2580,872
"2021-09-01","SULAWESI TENGAH",145,343,-205,7,26018,22764,2375,879
"2021-09-02","SULAWESI TENGAH",285,350,-74,9,26303,23114,2301,888
"2021-09-03","SULAWESI TENGAH",231,277,-59,13,26534,23391,2242,901
"2021-09-04","SULAWESI TENGAH",281,302,-30,9,26815,23693,2212,910
"2021-09-05","SULAWESI TENGAH",145,130,8,7,26960,23823,2220,917
"2021-09-06","SULAWESI TENGAH",182,147,30,5,27142,23970,2250,922
"2021-09-07","SULAWESI TENGAH",185,85,98,2,27327,24055,2348,924
"2021-09-08","SULAWESI TENGAH",170,271,-111,10,27497,24326,2237,934
"2021-09-09","SULAWESI TENGAH",159,214,-61,6,27656,24540,2176,940
"2021-09-10","SULAWESI TENGAH",163,227,-71,7,27819,24767,2105,947
"2021-09-11","SULAWESI TENGAH",157,199,-49,7,27976,24966,2056,954
"2021-09-12","SULAWESI TENGAH",81,142,-65,4,28057,25108,1991,958
"2021-09-13","SULAWESI TENGAH",83,212,-139,10,28140,25320,1852,968
"2021-09-14","SULAWESI TENGAH",135,151,-19,3,28275,25471,1833,971
"2021-09-15","SULAWESI TENGAH",82,184,-107,5,28357,25655,1726,976
"2021-09-16","SULAWESI TENGAH",66,221,-156,1,28423,25876,1570,977
"2021-09-17","SULAWESI TENGAH",120,189,-78,9,28543,26065,1492,986
"2021-09-18","SULAWESI TENGAH",141,160,-25,6,28684,26225,1467,992
"2021-09-19","SULAWESI TENGAH",59,108,-51,2,28743,26333,1416,994
"2021-09-20","SULAWESI TENGAH",52,158,-108,2,28795,26491,1308,996
"2021-09-21","SULAWESI TENGAH",98,93,2,3,28893,26584,1310,999
"2021-09-22","SULAWESI TENGAH",112,174,-69,7,29005,26758,1241,1006
"2021-09-23","SULAWESI TENGAH",109,138,-31,2,29114,26896,1210,1008
"2021-09-24","SULAWESI TENGAH",67,141,-77,3,29181,27037,1133,1011
"2021-09-25","SULAWESI TENGAH",16,78,-65,3,29197,27115,1068,1014
"2021-09-26","SULAWESI TENGAH",5,102,-98,1,29202,27217,970,1015
"2021-09-27","SULAWESI TENGAH",5,120,-117,2,29207,27337,853,1017
"2021-09-28","SULAWESI TENGAH",4,100,-97,1,29211,27437,756,1018
"2021-09-29","SULAWESI TENGAH",4,114,-111,1,29215,27551,645,1019
"2021-09-30","SULAWESI TENGAH",27,54,-29,2,29242,27605,616,1021
"2021-10-01","SULAWESI TENGAH",28,116,-90,2,29270,27721,526,1023
"2021-10-02","SULAWESI TENGAH",20,74,-54,0,29290,27795,472,1023
"2021-10-03","SULAWESI TENGAH",17,22,-5,0,29307,27817,467,1023
"2021-10-04","SULAWESI TENGAH",45,140,-98,3,29352,27957,369,1026
"2021-10-05","SULAWESI TENGAH",56,49,6,1,29408,28006,375,1027
"2021-10-06","SULAWESI TENGAH",47,34,12,1,29455,28040,387,1028
"2021-10-07","SULAWESI TENGAH",38,37,0,1,29493,28077,387,1029
"2021-10-08","SULAWESI TENGAH",21,32,-15,4,29514,28109,372,1033
"2021-10-09","SULAWESI TENGAH",29,31,-2,0,29543,28140,370,1033
"2021-10-10","SULAWESI TENGAH",19,29,-12,2,29562,28169,358,1035
"2021-10-11","SULAWESI TENGAH",12,19,-7,0,29574,28188,351,1035
"2021-10-12","SULAWESI TENGAH",31,24,5,2,29605,28212,356,1037
"2021-10-13","SULAWESI TENGAH",25,54,-30,1,29630,28266,326,1038
"2021-10-14","SULAWESI TENGAH",31,35,-4,0,29661,28301,322,1038
"2021-10-15","SULAWESI TENGAH",18,47,-29,0,29679,28348,293,1038
"2021-10-16","SULAWESI TENGAH",8,31,-24,1,29687,28379,269,1039
"2021-10-17","SULAWESI TENGAH",3,9,-7,1,29690,28388,262,1040
"2021-10-18","SULAWESI TENGAH",13,45,-32,0,29703,28433,230,1040
"2021-10-19","SULAWESI TENGAH",16,39,-25,2,29719,28472,205,1042
"2021-10-20","SULAWESI TENGAH",14,18,-4,0,29733,28490,201,1042
"2021-10-21","SULAWESI TENGAH",0,27,-28,1,29733,28517,173,1043
"2021-10-22","SULAWESI TENGAH",11,29,-20,2,29744,28546,153,1045
"2021-10-23","SULAWESI TENGAH",34,33,1,0,29778,28579,154,1045
"2021-10-24","SULAWESI TENGAH",9,13,-5,1,29787,28592,149,1046
"2021-10-25","SULAWESI TENGAH",15,31,-16,0,29802,28623,133,1046
"2021-10-26","SULAWESI TENGAH",12,3,8,1,29814,28626,141,1047
"2021-10-27","SULAWESI TENGAH",12,22,-10,0,29826,28648,131,1047
"2021-10-28","SULAWESI TENGAH",25,13,11,1,29851,28661,142,1048
"2021-10-29","SULAWESI TENGAH",3,17,-16,2,29854,28678,126,1050
"2021-10-30","SULAWESI TENGAH",5,7,-3,1,29859,28685,123,1051
"2021-10-31","SULAWESI TENGAH",9,4,5,0,29868,28689,128,1051
"2021-11-01","SULAWESI TENGAH",12,19,-8,1,29880,28708,120,1052
"2021-11-02","SULAWESI TENGAH",3,10,-7,0,29883,28718,113,1052
"2021-11-03","SULAWESI TENGAH",10,11,-1,0,29893,28729,112,1052
"2021-11-04","SULAWESI TENGAH",6,12,-7,1,29899,28741,105,1053
"2021-11-05","SULAWESI TENGAH",11,5,6,0,29910,28746,111,1053
"2021-11-06","SULAWESI TENGAH",2,6,-4,0,29912,28752,107,1053
"2021-11-07","SULAWESI TENGAH",6,23,-17,0,29918,28775,90,1053
"2021-11-08","SULAWESI TENGAH",3,27,-24,0,29921,28802,66,1053
"2021-11-09","SULAWESI TENGAH",0,8,-9,1,29921,28810,57,1054
"2021-11-10","SULAWESI TENGAH",5,7,-3,1,29926,28817,54,1055
"2021-11-11","SULAWESI TENGAH",3,5,-2,0,29929,28822,52,1055
"2021-11-12","SULAWESI TENGAH",3,6,-3,0,29932,28828,49,1055
"2021-11-13","SULAWESI TENGAH",2,0,2,0,29934,28828,51,1055
"2021-11-14","SULAWESI TENGAH",8,7,0,1,29942,28835,51,1056
"2021-11-15","SULAWESI TENGAH",3,5,-3,1,29945,28840,48,1057
"2021-11-16","SULAWESI TENGAH",2,2,0,0,29947,28842,48,1057
"2021-11-17","SULAWESI TENGAH",4,3,1,0,29951,28845,49,1057
"2021-11-18","SULAWESI TENGAH",7,4,3,0,29958,28849,52,1057
"2021-11-19","SULAWESI TENGAH",4,3,1,0,29962,28852,53,1057
"2021-11-20","SULAWESI TENGAH",7,3,4,0,29969,28855,57,1057
"2021-11-21","SULAWESI TENGAH",1,9,-8,0,29970,28864,49,1057
"2021-11-22","SULAWESI TENGAH",2,2,0,0,29972,28866,49,1057
"2021-11-23","SULAWESI TENGAH",2,8,-8,2,29974,28874,41,1059
"2021-11-24","SULAWESI TENGAH",1,7,-6,0,29975,28881,35,1059
"2021-11-25","SULAWESI TENGAH",1,1,0,0,29976,28882,35,1059
"2021-11-26","SULAWESI TENGAH",5,4,1,0,29981,28886,36,1059
"2021-11-27","SULAWESI TENGAH",3,2,0,1,29984,28888,36,1060
"2021-11-28","SULAWESI TENGAH",0,3,-3,0,29984,28891,33,1060
"2021-11-29","SULAWESI TENGAH",0,5,-5,0,29984,28896,28,1060
"2021-11-30","SULAWESI TENGAH",5,0,5,0,29989,28896,33,1060
"2021-12-01","SULAWESI TENGAH",5,1,4,0,29994,28897,37,1060
"2021-12-02","SULAWESI TENGAH",11,7,4,0,30005,28904,41,1060
"2021-12-03","SULAWESI TENGAH",1,6,-5,0,30006,28910,36,1060
"2021-12-04","SULAWESI TENGAH",4,3,1,0,30010,28913,37,1060
"2021-12-05","SULAWESI TENGAH",2,6,-4,0,30012,28919,33,1060
"2021-12-06","SULAWESI TENGAH",0,1,-1,0,30012,28920,32,1060
"2021-12-07","SULAWESI TENGAH",1,4,-3,0,30013,28924,29,1060
"2021-12-08","SULAWESI TENGAH",2,7,-5,0,30015,28931,24,1060
"2021-12-09","SULAWESI TENGAH",11,0,11,0,30026,28931,35,1060
"2021-12-10","SULAWESI TENGAH",7,2,5,0,30033,28933,40,1060
"2021-12-11","SULAWESI TENGAH",2,0,2,0,30035,28933,42,1060
"2021-12-12","SULAWESI TENGAH",6,4,2,0,30041,28937,44,1060
"2021-12-13","SULAWESI TENGAH",3,9,-6,0,30044,28946,38,1060
"2021-12-14","SULAWESI TENGAH",1,4,-3,0,30045,28950,35,1060
"2021-12-15","SULAWESI TENGAH",10,1,9,0,30055,28951,44,1060
"2021-12-16","SULAWESI TENGAH",2,5,-4,1,30057,28956,40,1061
"2021-12-17","SULAWESI TENGAH",15,4,10,1,30072,28960,50,1062
"2021-12-18","SULAWESI TENGAH",4,0,4,0,30076,28960,54,1062
"2021-12-19","SULAWESI TENGAH",0,3,-3,0,30076,28963,51,1062
"2021-12-20","SULAWESI TENGAH",0,5,-5,0,30076,28968,46,1062
"2021-12-21","SULAWESI TENGAH",1,2,-1,0,30077,28970,45,1062
"2021-12-22","SULAWESI TENGAH",5,2,3,0,30082,28972,48,1062
"2021-12-23","SULAWESI TENGAH",1,1,0,0,30083,28973,48,1062
"2021-12-24","SULAWESI TENGAH",1,4,-3,0,30084,28977,45,1062
"2021-12-25","SULAWESI TENGAH",1,4,-3,0,30085,28981,42,1062
"2021-12-26","SULAWESI TENGAH",0,2,-2,0,30085,28983,40,1062
"2021-12-27","SULAWESI TENGAH",4,2,2,0,30089,28985,42,1062
"2021-12-28","SULAWESI TENGAH",2,2,-1,1,30091,28987,41,1063
"2021-12-29","SULAWESI TENGAH",1,2,-1,0,30092,28989,40,1063
"2021-12-30","SULAWESI TENGAH",2,3,-1,0,30094,28992,39,1063
"2021-12-31","SULAWESI TENGAH",2,4,-2,0,30096,28996,37,1063
"2022-01-01","SULAWESI TENGAH",3,1,2,0,30099,28997,39,1063
"2022-01-02","SULAWESI TENGAH",1,0,1,0,30100,28997,40,1063
"2022-01-03","SULAWESI TENGAH",1,0,1,0,30101,28997,41,1063
"2022-01-04","SULAWESI TENGAH",2,7,-6,1,30103,29004,35,1064
"2022-01-05","SULAWESI TENGAH",3,1,2,0,30106,29005,37,1064
"2022-01-06","SULAWESI TENGAH",2,1,1,0,30108,29006,38,1064
"2022-01-07","SULAWESI TENGAH",7,20,-13,0,30115,29026,25,1064
"2022-01-08","SULAWESI TENGAH",0,0,0,0,30115,29026,25,1064
"2022-01-09","SULAWESI TENGAH",2,5,-3,0,30117,29031,22,1064
"2022-01-10","SULAWESI TENGAH",0,2,-2,0,30117,29033,20,1064
"2022-01-11","SULAWESI TENGAH",0,2,-3,1,30117,29035,17,1065
"2022-01-12","SULAWESI TENGAH",1,3,-2,0,30118,29038,15,1065
"2022-01-13","SULAWESI TENGAH",6,0,5,1,30124,29038,20,1066
"2022-01-14","SULAWESI TENGAH",3,1,2,0,30127,29039,22,1066
"2022-01-15","SULAWESI TENGAH",2,0,2,0,30129,29039,24,1066
"2022-01-16","SULAWESI TENGAH",0,3,-3,0,30129,29042,21,1066
"2022-01-17","SULAWESI TENGAH",2,8,-7,1,30131,29050,14,1067
"2022-01-18","SULAWESI TENGAH",8,0,8,0,30139,29050,22,1067
"2022-01-19","SULAWESI TENGAH",3,1,1,1,30142,29051,23,1068
"2022-01-20","SULAWESI TENGAH",2,1,1,0,30144,29052,24,1068
"2022-01-21","SULAWESI TENGAH",2,0,2,0,30146,29052,26,1068
"2022-01-22","SULAWESI TENGAH",1,0,1,0,30147,29052,27,1068
"2022-01-23","SULAWESI TENGAH",1,0,1,0,30148,29052,28,1068
"2022-01-24","SULAWESI TENGAH",4,0,4,0,30152,29052,32,1068
"2022-01-25","SULAWESI TENGAH",4,4,0,0,30156,29056,32,1068
"2022-01-26","SULAWESI TENGAH",3,1,2,0,30159,29057,34,1068
"2022-01-27","SULAWESI TENGAH",3,5,-3,1,30162,29062,31,1069
"2022-01-28","SULAWESI TENGAH",5,8,-3,0,30167,29070,28,1069
"2022-01-29","SULAWESI TENGAH",4,0,3,1,30171,29070,31,1070
"2022-01-30","SULAWESI TENGAH",5,6,-1,0,30176,29076,30,1070
"2022-01-31","SULAWESI TENGAH",5,5,0,0,30181,29081,30,1070
"2022-02-01","SULAWESI TENGAH",6,0,6,0,30187,29081,36,1070
"2022-02-02","SULAWESI TENGAH",2,0,1,1,30189,29081,37,1071
"2022-02-03","SULAWESI TENGAH",18,1,17,0,30207,29082,54,1071
"2022-02-04","SULAWESI TENGAH",8,0,8,0,30215,29082,62,1071
"2022-02-05","SULAWESI TENGAH",21,3,18,0,30236,29085,80,1071
"2022-02-06","SULAWESI TENGAH",9,7,2,0,30245,29092,82,1071
"2022-02-07","SULAWESI TENGAH",5,4,1,0,30250,29096,83,1071
"2022-02-08","SULAWESI TENGAH",26,0,26,0,30276,29096,109,1071
"2022-02-09","SULAWESI TENGAH",43,2,41,0,30319,29098,150,1071
"2022-02-10","SULAWESI TENGAH",51,5,45,1,30370,29103,195,1072
"2022-02-11","SULAWESI TENGAH",47,7,40,0,30417,29110,235,1072
"2022-02-12","SULAWESI TENGAH",149,20,129,0,30566,29130,364,1072
"2022-02-13","SULAWESI TENGAH",67,8,59,0,30633,29138,423,1072
"2022-02-14","SULAWESI TENGAH",81,13,68,0,30714,29151,491,1072
"2022-02-15","SULAWESI TENGAH",157,19,137,1,30871,29170,628,1073
"2022-02-16","SULAWESI TENGAH",215,12,202,1,31086,29182,830,1074
"2022-02-17","SULAWESI TENGAH",255,42,212,1,31341,29224,1042,1075
"2022-02-18","SULAWESI TENGAH",311,38,273,0,31652,29262,1315,1075
"2022-02-19","SULAWESI TENGAH",258,60,198,0,31910,29322,1513,1075
"2022-02-20","SULAWESI TENGAH",189,83,106,0,32099,29405,1619,1075
"2022-02-21","SULAWESI TENGAH",248,58,189,1,32347,29463,1808,1076
"2022-02-22","SULAWESI TENGAH",568,83,485,0,32915,29546,2293,1076
"2022-02-23","SULAWESI TENGAH",396,104,291,1,33311,29650,2584,1077
"2022-02-24","SULAWESI TENGAH",540,121,419,0,33851,29771,3003,1077
"2022-02-25","SULAWESI TENGAH",529,106,423,0,34380,29877,3426,1077
"2022-02-26","SULAWESI TENGAH",546,168,378,0,34926,30045,3804,1077
"2022-02-27","SULAWESI TENGAH",386,119,265,2,35312,30164,4069,1079
"2022-02-28","SULAWESI TENGAH",152,196,-46,2,35464,30360,4023,1081
"2022-03-01","SULAWESI TENGAH",400,396,2,2,35864,30756,4025,1083
"2022-03-02","SULAWESI TENGAH",594,227,364,3,36458,30983,4389,1086
"2022-03-03","SULAWESI TENGAH",533,186,344,3,36991,31169,4733,1089
"2022-03-04","SULAWESI TENGAH",426,345,79,2,37417,31514,4812,1091
"2022-03-05","SULAWESI TENGAH",594,283,309,2,38011,31797,5121,1093
"2022-03-06","SULAWESI TENGAH",339,715,-379,3,38350,32512,4742,1096
"2022-03-07","SULAWESI TENGAH",349,508,-162,3,38699,33020,4580,1099
"2022-03-08","SULAWESI TENGAH",1,23,-22,0,38700,33043,4558,1099
"2020-06-09","SULAWESI SELATAN",1,0,1,0,1,0,1,0
"2020-06-10","SULAWESI SELATAN",0,0,0,0,1,0,1,0
"2020-06-11","SULAWESI SELATAN",0,0,0,0,1,0,1,0
"2020-06-12","SULAWESI SELATAN",0,0,0,0,1,0,1,0
"2020-06-13","SULAWESI SELATAN",0,0,0,0,1,0,1,0
"2020-06-14","SULAWESI SELATAN",0,0,0,0,1,0,1,0
"2020-06-15","SULAWESI SELATAN",0,0,0,0,1,0,1,0
"2020-06-16","SULAWESI SELATAN",0,0,0,0,1,0,1,0
"2020-06-17","SULAWESI SELATAN",0,0,0,0,1,0,1,0
"2020-06-18","SULAWESI SELATAN",0,0,0,0,1,0,1,0
"2020-06-19","SULAWESI SELATAN",0,1,-1,0,1,1,0,0
"2020-06-20","SULAWESI SELATAN",0,0,0,0,1,1,0,0
"2020-06-21","SULAWESI SELATAN",0,0,0,0,1,1,0,0
"2020-06-22","SULAWESI SELATAN",0,0,0,0,1,1,0,0
"2020-06-23","SULAWESI SELATAN",0,0,0,0,1,1,0,0
"2020-06-24","SULAWESI SELATAN",0,1,-1,0,1,2,-1,0
"2020-06-25","SULAWESI SELATAN",0,0,0,0,1,2,-1,0
"2020-06-26","SULAWESI SELATAN",0,0,0,0,1,2,-1,0
"2020-06-27","SULAWESI SELATAN",0,0,0,0,1,2,-1,0
"2020-06-28","SULAWESI SELATAN",0,0,0,0,1,2,-1,0
"2020-06-29","SULAWESI SELATAN",0,0,0,0,1,2,-1,0
"2020-06-30","SULAWESI SELATAN",0,0,0,0,1,2,-1,0
"2020-07-01","SULAWESI SELATAN",0,0,0,0,1,2,-1,0
"2020-07-02","SULAWESI SELATAN",0,0,0,0,1,2,-1,0
"2020-07-03","SULAWESI SELATAN",0,0,0,0,1,2,-1,0
"2020-07-04","SULAWESI SELATAN",0,0,0,0,1,2,-1,0
"2020-07-05","SULAWESI SELATAN",0,0,0,0,1,2,-1,0
"2020-07-06","SULAWESI SELATAN",0,0,0,0,1,2,-1,0
"2020-07-07","SULAWESI SELATAN",0,0,0,0,1,2,-1,0
"2020-07-08","SULAWESI SELATAN",1,0,1,0,2,2,0,0
"2020-07-09","SULAWESI SELATAN",0,0,0,0,2,2,0,0
"2020-07-10","SULAWESI SELATAN",0,0,0,0,2,2,0,0
"2020-07-11","SULAWESI SELATAN",0,1,-1,0,2,3,-1,0
"2020-07-12","SULAWESI SELATAN",0,0,0,0,2,3,-1,0
"2020-07-13","SULAWESI SELATAN",0,1,-1,0,2,4,-2,0
"2020-07-14","SULAWESI SELATAN",0,0,0,0,2,4,-2,0
"2020-07-15","SULAWESI SELATAN",0,0,0,0,2,4,-2,0
"2020-07-16","SULAWESI SELATAN",0,0,0,0,2,4,-2,0
"2020-07-17","SULAWESI SELATAN",0,0,0,0,2,4,-2,0
"2020-07-18","SULAWESI SELATAN",0,0,0,0,2,4,-2,0
"2020-07-19","SULAWESI SELATAN",0,0,0,0,2,4,-2,0
"2020-07-20","SULAWESI SELATAN",0,0,0,0,2,4,-2,0
"2020-07-21","SULAWESI SELATAN",0,3,-4,1,2,7,-6,1
"2020-07-22","SULAWESI SELATAN",1,2,-1,0,3,9,-7,1
"2020-07-23","SULAWESI SELATAN",0,0,0,0,3,9,-7,1
"2020-07-24","SULAWESI SELATAN",0,1,-1,0,3,10,-8,1
"2020-07-25","SULAWESI SELATAN",1,0,1,0,4,10,-7,1
"2020-07-26","SULAWESI SELATAN",0,0,0,0,4,10,-7,1
"2020-07-27","SULAWESI SELATAN",0,0,0,0,4,10,-7,1
"2020-07-28","SULAWESI SELATAN",0,0,0,0,4,10,-7,1
"2020-07-29","SULAWESI SELATAN",0,0,0,0,4,10,-7,1
"2020-07-30","SULAWESI SELATAN",1,0,1,0,5,10,-6,1
"2020-07-31","SULAWESI SELATAN",0,0,0,0,5,10,-6,1
"2020-08-01","SULAWESI SELATAN",0,0,0,0,5,10,-6,1
"2020-08-02","SULAWESI SELATAN",1,0,1,0,6,10,-5,1
"2020-08-03","SULAWESI SELATAN",0,0,0,0,6,10,-5,1
"2020-08-04","SULAWESI SELATAN",0,0,0,0,6,10,-5,1
"2020-08-05","SULAWESI SELATAN",1,0,1,0,7,10,-4,1
"2020-08-06","SULAWESI SELATAN",179,0,179,0,186,10,175,1
"2020-08-07","SULAWESI SELATAN",88,0,88,0,274,10,263,1
"2020-08-08","SULAWESI SELATAN",104,0,104,0,378,10,367,1
"2020-08-09","SULAWESI SELATAN",89,0,89,0,467,10,456,1
"2020-08-10","SULAWESI SELATAN",60,0,60,0,527,10,516,1
"2020-08-11","SULAWESI SELATAN",54,0,54,0,581,10,570,1
"2020-08-12","SULAWESI SELATAN",90,0,89,1,671,10,659,2
"2020-08-13","SULAWESI SELATAN",71,1,69,1,742,11,728,3
"2020-08-14","SULAWESI SELATAN",35,19,13,3,777,30,741,6
"2020-08-15","SULAWESI SELATAN",78,0,78,0,855,30,819,6
"2020-08-16","SULAWESI SELATAN",101,3,98,0,956,33,917,6
"2020-08-17","SULAWESI SELATAN",85,7,75,3,1041,40,992,9
"2020-08-18","SULAWESI SELATAN",25,3,22,0,1066,43,1014,9
"2020-08-19","SULAWESI SELATAN",25,7,18,0,1091,50,1032,9
"2020-08-20","SULAWESI SELATAN",73,2,71,0,1164,52,1103,9
"2020-08-21","SULAWESI SELATAN",112,5,106,1,1276,57,1209,10
"2020-08-22","SULAWESI SELATAN",49,5,43,1,1325,62,1252,11
"2020-08-23","SULAWESI SELATAN",28,4,23,1,1353,66,1275,12
"2020-08-24","SULAWESI SELATAN",48,5,42,1,1401,71,1317,13
"2020-08-25","SULAWESI SELATAN",60,1,59,0,1461,72,1376,13
"2020-08-26","SULAWESI SELATAN",62,35,27,0,1523,107,1403,13
"2020-08-27","SULAWESI SELATAN",34,1,29,4,1557,108,1432,17
"2020-08-28","SULAWESI SELATAN",89,9,78,2,1646,117,1510,19
"2020-08-29","SULAWESI SELATAN",99,72,25,2,1745,189,1535,21
"2020-08-30","SULAWESI SELATAN",60,79,-19,0,1805,268,1516,21
"2020-08-31","SULAWESI SELATAN",105,57,48,0,1910,325,1564,21
"2020-09-01","SULAWESI SELATAN",79,33,46,0,1989,358,1610,21
"2020-09-02","SULAWESI SELATAN",130,1,125,4,2119,359,1735,25
"2020-09-03","SULAWESI SELATAN",57,6,49,2,2176,365,1784,27
"2020-09-04","SULAWESI SELATAN",84,24,59,1,2260,389,1843,28
"2020-09-05","SULAWESI SELATAN",151,16,133,2,2411,405,1976,30
"2020-09-06","SULAWESI SELATAN",211,12,198,1,2622,417,2174,31
"2020-09-07","SULAWESI SELATAN",11,1,9,1,2633,418,2183,32
"2020-09-08","SULAWESI SELATAN",49,18,30,1,2682,436,2213,33
"2020-09-09","SULAWESI SELATAN",146,11,134,1,2828,447,2347,34
"2020-09-10","SULAWESI SELATAN",133,0,133,0,2961,447,2480,34
"2020-09-11","SULAWESI SELATAN",161,27,133,1,3122,474,2613,35
"2020-09-12","SULAWESI SELATAN",52,50,1,1,3174,524,2614,36
"2020-09-13","SULAWESI SELATAN",80,46,30,4,3254,570,2644,40
"2020-09-14","SULAWESI SELATAN",179,51,125,3,3433,621,2769,43
"2020-09-15","SULAWESI SELATAN",105,0,105,0,3538,621,2874,43
"2020-09-16","SULAWESI SELATAN",146,101,42,3,3684,722,2916,46
"2020-09-17","SULAWESI SELATAN",120,13,107,0,3804,735,3023,46
"2020-09-18","SULAWESI SELATAN",173,71,101,1,3977,806,3124,47
"2020-09-19","SULAWESI SELATAN",176,55,119,2,4153,861,3243,49
"2020-09-20","SULAWESI SELATAN",171,77,86,8,4324,938,3329,57
"2020-09-21","SULAWESI SELATAN",44,96,-55,3,4368,1034,3274,60
"2020-09-22","SULAWESI SELATAN",129,89,39,1,4497,1123,3313,61
"2020-09-23","SULAWESI SELATAN",123,78,44,1,4620,1201,3357,62
"2020-09-24","SULAWESI SELATAN",162,72,87,3,4782,1273,3444,65
"2020-09-25","SULAWESI SELATAN",170,84,85,1,4952,1357,3529,66
"2020-09-26","SULAWESI SELATAN",161,148,9,4,5113,1505,3538,70
"2020-09-27","SULAWESI SELATAN",154,221,-70,3,5267,1726,3468,73
"2020-09-28","SULAWESI SELATAN",78,169,-91,0,5345,1895,3377,73
"2020-09-29","SULAWESI SELATAN",141,454,-316,3,5486,2349,3061,76
"2020-09-30","SULAWESI SELATAN",73,374,-305,4,5559,2723,2756,80
"2020-10-01","SULAWESI SELATAN",109,232,-123,0,5668,2955,2633,80
"2020-10-02","SULAWESI SELATAN",66,196,-130,0,5734,3151,2503,80
"2020-10-03","SULAWESI SELATAN",0,120,-124,4,5734,3271,2379,84
"2020-10-04","SULAWESI SELATAN",1,118,-120,3,5735,3389,2259,87
"2020-10-05","SULAWESI SELATAN",15,152,-137,0,5750,3541,2122,87
"2020-10-06","SULAWESI SELATAN",58,197,-139,0,5808,3738,1983,87
"2020-10-07","SULAWESI SELATAN",129,83,46,0,5937,3821,2029,87
"2020-10-08","SULAWESI SELATAN",199,122,75,2,6136,3943,2104,89
"2020-10-09","SULAWESI SELATAN",106,124,-20,2,6242,4067,2084,91
"2020-10-10","SULAWESI SELATAN",147,106,39,2,6389,4173,2123,93
"2020-10-11","SULAWESI SELATAN",135,89,45,1,6524,4262,2168,94
"2020-10-12","SULAWESI SELATAN",89,157,-70,2,6613,4419,2098,96
"2020-10-13","SULAWESI SELATAN",135,213,-81,3,6748,4632,2017,99
"2020-10-14","SULAWESI SELATAN",135,86,47,2,6883,4718,2064,101
"2020-10-15","SULAWESI SELATAN",114,118,-4,0,6997,4836,2060,101
"2020-10-16","SULAWESI SELATAN",119,166,-47,0,7116,5002,2013,101
"2020-10-17","SULAWESI SELATAN",64,182,-120,2,7180,5184,1893,103
"2020-10-18","SULAWESI SELATAN",136,117,18,1,7316,5301,1911,104
"2020-10-19","SULAWESI SELATAN",42,88,-46,0,7358,5389,1865,104
"2020-10-20","SULAWESI SELATAN",88,99,-11,0,7446,5488,1854,104
"2020-10-21","SULAWESI SELATAN",114,186,-72,0,7560,5674,1782,104
"2020-10-22","SULAWESI SELATAN",73,18,55,0,7633,5692,1837,104
"2020-10-23","SULAWESI SELATAN",1,54,-55,2,7634,5746,1782,106
"2020-10-24","SULAWESI SELATAN",0,57,-57,0,7634,5803,1725,106
"2020-10-25","SULAWESI SELATAN",46,96,-53,3,7680,5899,1672,109
"2020-10-26","SULAWESI SELATAN",14,80,-66,0,7694,5979,1606,109
"2020-10-27","SULAWESI SELATAN",188,365,-177,0,7882,6344,1429,109
"2020-10-28","SULAWESI SELATAN",115,108,6,1,7997,6452,1435,110
"2020-10-29","SULAWESI SELATAN",33,74,-51,10,8030,6526,1384,120
"2020-10-30","SULAWESI SELATAN",43,99,-57,1,8073,6625,1327,121
"2020-10-31","SULAWESI SELATAN",9,62,-56,3,8082,6687,1271,124
"2020-11-01","SULAWESI SELATAN",29,101,-72,0,8111,6788,1199,124
"2020-11-02","SULAWESI SELATAN",2,57,-55,0,8113,6845,1144,124
"2020-11-03","SULAWESI SELATAN",26,42,-16,0,8139,6887,1128,124
"2020-11-04","SULAWESI SELATAN",75,68,5,2,8214,6955,1133,126
"2020-11-05","SULAWESI SELATAN",75,45,30,0,8289,7000,1163,126
"2020-11-06","SULAWESI SELATAN",28,8,20,0,8317,7008,1183,126
"2020-11-07","SULAWESI SELATAN",135,4,131,0,8452,7012,1314,126
"2020-11-08","SULAWESI SELATAN",77,42,35,0,8529,7054,1349,126
"2020-11-09","SULAWESI SELATAN",58,15,42,1,8587,7069,1391,127
"2020-11-10","SULAWESI SELATAN",48,83,-36,1,8635,7152,1355,128
"2020-11-11","SULAWESI SELATAN",167,84,83,0,8802,7236,1438,128
"2020-11-12","SULAWESI SELATAN",26,31,-5,0,8828,7267,1433,128
"2020-11-13","SULAWESI SELATAN",131,44,87,0,8959,7311,1520,128
"2020-11-14","SULAWESI SELATAN",68,35,31,2,9027,7346,1551,130
"2020-11-15","SULAWESI SELATAN",75,10,65,0,9102,7356,1616,130
"2020-11-16","SULAWESI SELATAN",46,103,-57,0,9148,7459,1559,130
"2020-11-17","SULAWESI SELATAN",62,33,28,1,9210,7492,1587,131
"2020-11-18","SULAWESI SELATAN",45,10,35,0,9255,7502,1622,131
"2020-11-19","SULAWESI SELATAN",117,109,6,2,9372,7611,1628,133
"2020-11-20","SULAWESI SELATAN",105,69,36,0,9477,7680,1664,133
"2020-11-21","SULAWESI SELATAN",86,262,-181,5,9563,7942,1483,138
"2020-11-22","SULAWESI SELATAN",97,172,-78,3,9660,8114,1405,141
"2020-11-23","SULAWESI SELATAN",100,41,57,2,9760,8155,1462,143
"2020-11-24","SULAWESI SELATAN",95,87,8,0,9855,8242,1470,143
"2020-11-25","SULAWESI SELATAN",37,34,1,2,9892,8276,1471,145
"2020-11-26","SULAWESI SELATAN",77,45,32,0,9969,8321,1503,145
"2020-11-27","SULAWESI SELATAN",135,64,70,1,10104,8385,1573,146
"2020-11-28","SULAWESI SELATAN",91,67,24,0,10195,8452,1597,146
"2020-11-29","SULAWESI SELATAN",111,59,51,1,10306,8511,1648,147
"2020-11-30","SULAWESI SELATAN",104,107,-5,2,10410,8618,1643,149
"2020-12-01","SULAWESI SELATAN",146,76,67,3,10556,8694,1710,152
"2020-12-02","SULAWESI SELATAN",0,72,-74,2,10556,8766,1636,154
"2020-12-03","SULAWESI SELATAN",0,47,-47,0,10556,8813,1589,154
"2020-12-04","SULAWESI SELATAN",180,71,107,2,10736,8884,1696,156
"2020-12-05","SULAWESI SELATAN",160,57,101,2,10896,8941,1797,158
"2020-12-06","SULAWESI SELATAN",172,27,145,0,11068,8968,1942,158
"2020-12-07","SULAWESI SELATAN",338,75,259,4,11406,9043,2201,162
"2020-12-08","SULAWESI SELATAN",112,101,8,3,11518,9144,2209,165
"2020-12-09","SULAWESI SELATAN",157,115,42,0,11675,9259,2251,165
"2020-12-10","SULAWESI SELATAN",219,93,124,2,11894,9352,2375,167
"2020-12-11","SULAWESI SELATAN",259,13,239,7,12153,9365,2614,174
"2020-12-12","SULAWESI SELATAN",225,78,142,5,12378,9443,2756,179
"2020-12-13","SULAWESI SELATAN",310,96,210,4,12688,9539,2966,183
"2020-12-14","SULAWESI SELATAN",294,33,258,3,12982,9572,3224,186
"2020-12-15","SULAWESI SELATAN",78,49,28,1,13060,9621,3252,187
"2020-12-16","SULAWESI SELATAN",0,118,-120,2,13060,9739,3132,189
"2020-12-17","SULAWESI SELATAN",0,109,-110,1,13060,9848,3022,190
"2020-12-18","SULAWESI SELATAN",0,114,-114,0,13060,9962,2908,190
"2020-12-19","SULAWESI SELATAN",0,178,-178,0,13060,10140,2730,190
"2020-12-20","SULAWESI SELATAN",0,2,-4,2,13060,10142,2726,192
"2020-12-21","SULAWESI SELATAN",2,228,-228,2,13062,10370,2498,194
"2020-12-22","SULAWESI SELATAN",1,728,-728,1,13063,11098,1770,195
"2020-12-23","SULAWESI SELATAN",4,597,-593,0,13067,11695,1177,195
"2020-12-24","SULAWESI SELATAN",519,447,71,1,13586,12142,1248,196
"2020-12-25","SULAWESI SELATAN",410,349,61,0,13996,12491,1309,196
"2020-12-26","SULAWESI SELATAN",547,218,327,2,14543,12709,1636,198
"2020-12-27","SULAWESI SELATAN",262,43,216,3,14805,12752,1852,201
"2020-12-28","SULAWESI SELATAN",337,20,316,1,15142,12772,2168,202
"2020-12-29","SULAWESI SELATAN",567,34,531,2,15709,12806,2699,204
"2020-12-30","SULAWESI SELATAN",534,41,489,4,16243,12847,3188,208
"2020-12-31","SULAWESI SELATAN",477,0,476,1,16720,12847,3664,209
"2021-01-01","SULAWESI SELATAN",549,1,545,3,17269,12848,4209,212
"2021-01-02","SULAWESI SELATAN",590,6,579,5,17859,12854,4788,217
"2021-01-03","SULAWESI SELATAN",0,36,-36,0,17859,12890,4752,217
"2021-01-04","SULAWESI SELATAN",0,214,-216,2,17859,13104,4536,219
"2021-01-05","SULAWESI SELATAN",0,676,-681,5,17859,13780,3855,224
"2021-01-06","SULAWESI SELATAN",0,1300,-1303,3,17859,15080,2552,227
"2021-01-07","SULAWESI SELATAN",0,1122,-1124,2,17859,16202,1428,229
"2021-01-08","SULAWESI SELATAN",1,505,-506,2,17860,16707,922,231
"2021-01-09","SULAWESI SELATAN",0,236,-236,0,17860,16943,686,231
"2021-01-10","SULAWESI SELATAN",0,343,-345,2,17860,17286,341,233
"2021-01-11","SULAWESI SELATAN",0,22,-22,0,17860,17308,319,233
"2021-01-12","SULAWESI SELATAN",1,14,-13,0,17861,17322,306,233
"2021-01-13","SULAWESI SELATAN",647,0,647,0,18508,17322,953,233
"2021-01-14","SULAWESI SELATAN",640,96,540,4,19148,17418,1493,237
"2021-01-15","SULAWESI SELATAN",648,161,482,5,19796,17579,1975,242
"2021-01-16","SULAWESI SELATAN",659,2,653,4,20455,17581,2628,246
"2021-01-17","SULAWESI SELATAN",674,0,672,2,21129,17581,3300,248
"2021-01-18","SULAWESI SELATAN",661,0,657,4,21790,17581,3957,252
"2021-01-19","SULAWESI SELATAN",0,9,-10,1,21790,17590,3947,253
"2021-01-20","SULAWESI SELATAN",0,405,-408,3,21790,17995,3539,256
"2021-01-21","SULAWESI SELATAN",0,449,-450,1,21790,18444,3089,257
"2021-01-22","SULAWESI SELATAN",0,335,-337,2,21790,18779,2752,259
"2021-01-23","SULAWESI SELATAN",0,606,-606,0,21790,19385,2146,259
"2021-01-24","SULAWESI SELATAN",0,547,-548,1,21790,19932,1598,260
"2021-01-25","SULAWESI SELATAN",0,723,-723,0,21790,20655,875,260
"2021-01-26","SULAWESI SELATAN",1,315,-318,4,21791,20970,557,264
"2021-01-27","SULAWESI SELATAN",0,198,-198,0,21791,21168,359,264
"2021-01-28","SULAWESI SELATAN",0,0,-1,1,21791,21168,358,265
"2021-01-29","SULAWESI SELATAN",0,57,-57,0,21791,21225,301,265
"2021-01-30","SULAWESI SELATAN",0,23,-24,1,21791,21248,277,266
"2021-01-31","SULAWESI SELATAN",0,0,0,0,21791,21248,277,266
"2021-02-01","SULAWESI SELATAN",0,104,-104,0,21791,21352,173,266
"2021-02-02","SULAWESI SELATAN",95,78,17,0,21886,21430,190,266
"2021-02-03","SULAWESI SELATAN",161,57,103,1,22047,21487,293,267
"2021-02-04","SULAWESI SELATAN",300,0,299,1,22347,21487,592,268
"2021-02-05","SULAWESI SELATAN",226,0,223,3,22573,21487,815,271
"2021-02-06","SULAWESI SELATAN",495,0,494,1,23068,21487,1309,272
"2021-02-07","SULAWESI SELATAN",273,0,267,6,23341,21487,1576,278
"2021-02-08","SULAWESI SELATAN",0,6,-12,6,23341,21493,1564,284
"2021-02-09","SULAWESI SELATAN",0,51,-52,1,23341,21544,1512,285
"2021-02-10","SULAWESI SELATAN",0,36,-36,0,23341,21580,1476,285
"2021-02-11","SULAWESI SELATAN",0,206,-206,0,23341,21786,1270,285
"2021-02-12","SULAWESI SELATAN",0,91,-93,2,23341,21877,1177,287
"2021-02-13","SULAWESI SELATAN",0,127,-129,2,23341,22004,1048,289
"2021-02-14","SULAWESI SELATAN",0,236,-236,0,23341,22240,812,289
"2021-02-15","SULAWESI SELATAN",0,4,-4,0,23341,22244,808,289
"2021-02-16","SULAWESI SELATAN",0,0,0,0,23341,22244,808,289
"2021-02-17","SULAWESI SELATAN",0,0,-1,1,23341,22244,807,290
"2021-02-18","SULAWESI SELATAN",0,93,-93,0,23341,22337,714,290
"2021-02-19","SULAWESI SELATAN",0,3,-3,0,23341,22340,711,290
"2021-02-20","SULAWESI SELATAN",0,176,-177,1,23341,22516,534,291
"2021-02-21","SULAWESI SELATAN",0,0,0,0,23341,22516,534,291
"2021-02-22","SULAWESI SELATAN",258,0,258,0,23599,22516,792,291
"2021-02-23","SULAWESI SELATAN",506,2,504,0,24105,22518,1296,291
"2021-02-24","SULAWESI SELATAN",388,0,387,1,24493,22518,1683,292
"2021-02-25","SULAWESI SELATAN",423,100,321,2,24916,22618,2004,294
"2021-02-26","SULAWESI SELATAN",338,68,267,3,25254,22686,2271,297
"2021-02-27","SULAWESI SELATAN",249,39,209,1,25503,22725,2480,298
"2021-02-28","SULAWESI SELATAN",84,64,20,0,25587,22789,2500,298
"2021-03-01","SULAWESI SELATAN",141,225,-85,1,25728,23014,2415,299
"2021-03-02","SULAWESI SELATAN",0,288,-297,9,25728,23302,2118,308
"2021-03-03","SULAWESI SELATAN",0,217,-221,4,25728,23519,1897,312
"2021-03-04","SULAWESI SELATAN",0,307,-307,0,25728,23826,1590,312
"2021-03-05","SULAWESI SELATAN",0,149,-153,4,25728,23975,1437,316
"2021-03-06","SULAWESI SELATAN",0,208,-209,1,25728,24183,1228,317
"2021-03-07","SULAWESI SELATAN",0,40,-41,1,25728,24223,1187,318
"2021-03-08","SULAWESI SELATAN",0,70,-70,0,25728,24293,1117,318
"2021-03-09","SULAWESI SELATAN",0,25,-26,1,25728,24318,1091,319
"2021-03-10","SULAWESI SELATAN",0,24,-25,1,25728,24342,1066,320
"2021-03-11","SULAWESI SELATAN",0,2,-2,0,25728,24344,1064,320
"2021-03-12","SULAWESI SELATAN",0,2,-4,2,25728,24346,1060,322
"2021-03-13","SULAWESI SELATAN",0,3,-3,0,25728,24349,1057,322
"2021-03-14","SULAWESI SELATAN",67,1,66,0,25795,24350,1123,322
"2021-03-15","SULAWESI SELATAN",54,9,45,0,25849,24359,1168,322
"2021-03-16","SULAWESI SELATAN",117,23,94,0,25966,24382,1262,322
"2021-03-17","SULAWESI SELATAN",139,8,129,2,26105,24390,1391,324
"2021-03-18","SULAWESI SELATAN",146,11,132,3,26251,24401,1523,327
"2021-03-19","SULAWESI SELATAN",142,133,8,1,26393,24534,1531,328
"2021-03-20","SULAWESI SELATAN",60,243,-183,0,26453,24777,1348,328
"2021-03-21","SULAWESI SELATAN",49,286,-237,0,26502,25063,1111,328
"2021-03-22","SULAWESI SELATAN",53,179,-127,1,26555,25242,984,329
"2021-03-23","SULAWESI SELATAN",65,126,-62,1,26620,25368,922,330
"2021-03-24","SULAWESI SELATAN",77,136,-59,0,26697,25504,863,330
"2021-03-25","SULAWESI SELATAN",0,4,-6,2,26697,25508,857,332
"2021-03-26","SULAWESI SELATAN",0,24,-24,0,26697,25532,833,332
"2021-03-27","SULAWESI SELATAN",0,160,-160,0,26697,25692,673,332
"2021-03-28","SULAWESI SELATAN",0,0,-1,1,26697,25692,672,333
"2021-03-29","SULAWESI SELATAN",0,43,-43,0,26697,25735,629,333
"2021-03-30","SULAWESI SELATAN",0,107,-107,0,26697,25842,522,333
"2021-03-31","SULAWESI SELATAN",0,5,-5,0,26697,25847,517,333
"2021-04-01","SULAWESI SELATAN",0,103,-103,0,26697,25950,414,333
"2021-04-02","SULAWESI SELATAN",0,101,-101,0,26697,26051,313,333
"2021-04-03","SULAWESI SELATAN",54,1,53,0,26751,26052,366,333
"2021-04-04","SULAWESI SELATAN",58,90,-32,0,26809,26142,334,333
"2021-04-05","SULAWESI SELATAN",31,12,19,0,26840,26154,353,333
"2021-04-06","SULAWESI SELATAN",209,73,136,0,27049,26227,489,333
"2021-04-07","SULAWESI SELATAN",227,180,47,0,27276,26407,536,333
"2021-04-08","SULAWESI SELATAN",153,243,-90,0,27429,26650,446,333
"2021-04-09","SULAWESI SELATAN",80,107,-28,1,27509,26757,418,334
"2021-04-10","SULAWESI SELATAN",95,41,54,0,27604,26798,472,334
"2021-04-11","SULAWESI SELATAN",30,55,-25,0,27634,26853,447,334
"2021-04-12","SULAWESI SELATAN",43,1,42,0,27677,26854,489,334
"2021-04-13","SULAWESI SELATAN",94,80,14,0,27771,26934,503,334
"2021-04-14","SULAWESI SELATAN",118,36,82,0,27889,26970,585,334
"2021-04-15","SULAWESI SELATAN",0,48,-48,0,27889,27018,537,334
"2021-04-16","SULAWESI SELATAN",0,3,-4,1,27889,27021,533,335
"2021-04-17","SULAWESI SELATAN",0,0,0,0,27889,27021,533,335
"2021-04-18","SULAWESI SELATAN",0,1,-1,0,27889,27022,532,335
"2021-04-19","SULAWESI SELATAN",0,27,-28,1,27889,27049,504,336
"2021-04-20","SULAWESI SELATAN",0,83,-83,0,27889,27132,421,336
"2021-04-21","SULAWESI SELATAN",0,2,-2,0,27889,27134,419,336
"2021-04-22","SULAWESI SELATAN",0,100,-100,0,27889,27234,319,336
"2021-04-23","SULAWESI SELATAN",27,88,-61,0,27916,27322,258,336
"2021-04-24","SULAWESI SELATAN",14,1,12,1,27930,27323,270,337
"2021-04-25","SULAWESI SELATAN",7,38,-31,0,27937,27361,239,337
"2021-04-26","SULAWESI SELATAN",14,70,-56,0,27951,27431,183,337
"2021-04-27","SULAWESI SELATAN",57,26,31,0,28008,27457,214,337
"2021-04-28","SULAWESI SELATAN",18,20,-2,0,28026,27477,212,337
"2021-04-29","SULAWESI SELATAN",27,27,-1,1,28053,27504,211,338
"2021-04-30","SULAWESI SELATAN",31,4,26,1,28084,27508,237,339
"2021-05-01","SULAWESI SELATAN",25,11,14,0,28109,27519,251,339
"2021-05-02","SULAWESI SELATAN",4,0,4,0,28113,27519,255,339
"2021-05-03","SULAWESI SELATAN",13,9,4,0,28126,27528,259,339
"2021-05-04","SULAWESI SELATAN",21,7,14,0,28147,27535,273,339
"2021-05-05","SULAWESI SELATAN",0,45,-45,0,28147,27580,228,339
"2021-05-06","SULAWESI SELATAN",0,19,-19,0,28147,27599,209,339
"2021-05-07","SULAWESI SELATAN",0,0,0,0,28147,27599,209,339
"2021-05-08","SULAWESI SELATAN",0,12,-12,0,28147,27611,197,339
"2021-05-09","SULAWESI SELATAN",0,6,-6,0,28147,27617,191,339
"2021-05-10","SULAWESI SELATAN",0,15,-15,0,28147,27632,176,339
"2021-05-11","SULAWESI SELATAN",0,19,-19,0,28147,27651,157,339
"2021-05-12","SULAWESI SELATAN",0,0,0,0,28147,27651,157,339
"2021-05-13","SULAWESI SELATAN",2,0,2,0,28149,27651,159,339
"2021-05-14","SULAWESI SELATAN",6,0,6,0,28155,27651,165,339
"2021-05-15","SULAWESI SELATAN",2,0,2,0,28157,27651,167,339
"2021-05-16","SULAWESI SELATAN",4,0,4,0,28161,27651,171,339
"2021-05-17","SULAWESI SELATAN",20,0,20,0,28181,27651,191,339
"2021-05-18","SULAWESI SELATAN",22,13,9,0,28203,27664,200,339
"2021-05-19","SULAWESI SELATAN",39,8,31,0,28242,27672,231,339
"2021-05-20","SULAWESI SELATAN",57,13,44,0,28299,27685,275,339
"2021-05-21","SULAWESI SELATAN",54,21,32,1,28353,27706,307,340
"2021-05-22","SULAWESI SELATAN",3,44,-44,3,28356,27750,263,343
"2021-05-23","SULAWESI SELATAN",41,19,21,1,28397,27769,284,344
"2021-05-24","SULAWESI SELATAN",14,6,7,1,28411,27775,291,345
"2021-05-25","SULAWESI SELATAN",51,2,49,0,28462,27777,340,345
"2021-05-26","SULAWESI SELATAN",9,3,6,0,28471,27780,346,345
"2021-05-27","SULAWESI SELATAN",0,28,-29,1,28471,27808,317,346
"2021-05-28","SULAWESI SELATAN",0,6,-6,0,28471,27814,311,346
"2021-05-29","SULAWESI SELATAN",0,28,-28,0,28471,27842,283,346
"2021-05-30","SULAWESI SELATAN",0,8,-9,1,28471,27850,274,347
"2021-05-31","SULAWESI SELATAN",0,1,-1,0,28471,27851,273,347
"2021-06-01","SULAWESI SELATAN",0,64,-64,0,28471,27915,209,347
"2021-06-02","SULAWESI SELATAN",50,23,27,0,28521,27938,236,347
"2021-06-03","SULAWESI SELATAN",38,33,4,1,28559,27971,240,348
"2021-06-04","SULAWESI SELATAN",13,0,12,1,28572,27971,252,349
"2021-06-05","SULAWESI SELATAN",41,5,36,0,28613,27976,288,349
"2021-06-06","SULAWESI SELATAN",26,19,7,0,28639,27995,295,349
"2021-06-07","SULAWESI SELATAN",31,27,3,1,28670,28022,298,350
"2021-06-08","SULAWESI SELATAN",98,32,66,0,28768,28054,364,350
"2021-06-09","SULAWESI SELATAN",66,28,36,2,28834,28082,400,352
"2021-06-10","SULAWESI SELATAN",45,1,42,2,28879,28083,442,354
"2021-06-11","SULAWESI SELATAN",0,30,-30,0,28879,28113,412,354
"2021-06-12","SULAWESI SELATAN",0,25,-25,0,28879,28138,387,354
"2021-06-13","SULAWESI SELATAN",0,21,-21,0,28879,28159,366,354
"2021-06-14","SULAWESI SELATAN",0,33,-36,3,28879,28192,330,357
"2021-06-15","SULAWESI SELATAN",0,32,-33,1,28879,28224,297,358
"2021-06-16","SULAWESI SELATAN",0,2,-3,1,28879,28226,294,359
"2021-06-17","SULAWESI SELATAN",0,3,-3,0,28879,28229,291,359
"2021-06-18","SULAWESI SELATAN",0,5,-5,0,28879,28234,286,359
"2021-06-19","SULAWESI SELATAN",0,70,-70,0,28879,28304,216,359
"2021-06-20","SULAWESI SELATAN",0,1,-1,0,28879,28305,215,359
"2021-06-21","SULAWESI SELATAN",0,0,-1,1,28879,28305,214,360
"2021-06-22","SULAWESI SELATAN",130,11,118,1,29009,28316,332,361
"2021-06-23","SULAWESI SELATAN",130,7,123,0,29139,28323,455,361
"2021-06-24","SULAWESI SELATAN",100,0,100,0,29239,28323,555,361
"2021-06-25","SULAWESI SELATAN",151,8,141,2,29390,28331,696,363
"2021-06-26","SULAWESI SELATAN",0,38,-40,2,29390,28369,656,365
"2021-06-27","SULAWESI SELATAN",0,20,-22,2,29390,28389,634,367
"2021-06-28","SULAWESI SELATAN",0,52,-52,0,29390,28441,582,367
"2021-06-29","SULAWESI SELATAN",0,30,-31,1,29390,28471,551,368
"2021-06-30","SULAWESI SELATAN",0,23,-23,0,29390,28494,528,368
"2021-07-01","SULAWESI SELATAN",0,39,-39,0,29390,28533,489,368
"2021-07-02","SULAWESI SELATAN",0,40,-40,0,29390,28573,449,368
"2021-07-03","SULAWESI SELATAN",0,52,-52,0,29390,28625,397,368
"2021-07-04","SULAWESI SELATAN",176,75,100,1,29566,28700,497,369
"2021-07-05","SULAWESI SELATAN",219,52,167,0,29785,28752,664,369
"2021-07-06","SULAWESI SELATAN",249,26,223,0,30034,28778,887,369
"2021-07-07","SULAWESI SELATAN",485,19,462,4,30519,28797,1349,373
"2021-07-08","SULAWESI SELATAN",500,40,452,8,31019,28837,1801,381
"2021-07-09","SULAWESI SELATAN",511,13,492,6,31530,28850,2293,387
"2021-07-10","SULAWESI SELATAN",573,23,543,7,32103,28873,2836,394
"2021-07-11","SULAWESI SELATAN",477,6,468,3,32580,28879,3304,397
"2021-07-12","SULAWESI SELATAN",273,18,251,4,32853,28897,3555,401
"2021-07-13","SULAWESI SELATAN",246,139,103,4,33099,29036,3658,405
"2021-07-14","SULAWESI SELATAN",127,141,-18,4,33226,29177,3640,409
"2021-07-15","SULAWESI SELATAN",148,143,3,2,33374,29320,3643,411
"2021-07-16","SULAWESI SELATAN",124,222,-104,6,33498,29542,3539,417
"2021-07-17","SULAWESI SELATAN",597,188,405,4,34095,29730,3944,421
"2021-07-18","SULAWESI SELATAN",431,265,157,9,34526,29995,4101,430
"2021-07-19","SULAWESI SELATAN",347,291,42,14,34873,30286,4143,444
"2021-07-20","SULAWESI SELATAN",482,251,216,15,35355,30537,4359,459
"2021-07-21","SULAWESI SELATAN",220,220,-15,15,35575,30757,4344,474
"2021-07-22","SULAWESI SELATAN",915,243,661,11,36490,31000,5005,485
"2021-07-23","SULAWESI SELATAN",1201,293,889,19,37691,31293,5894,504
"2021-07-24","SULAWESI SELATAN",770,63,700,7,38461,31356,6594,511
"2021-07-25","SULAWESI SELATAN",827,190,618,19,39288,31546,7212,530
"2021-07-26","SULAWESI SELATAN",619,471,142,6,39907,32017,7354,536
"2021-07-27","SULAWESI SELATAN",852,601,234,17,40759,32618,7588,553
"2021-07-28","SULAWESI SELATAN",1008,510,464,34,41767,33128,8052,587
"2021-07-29","SULAWESI SELATAN",1198,424,749,25,42965,33552,8801,612
"2021-07-30","SULAWESI SELATAN",971,304,639,28,43936,33856,9440,640
"2021-07-31","SULAWESI SELATAN",1158,615,527,16,45094,34471,9967,656
"2021-08-01","SULAWESI SELATAN",707,618,64,25,45801,35089,10031,681
"2021-08-02","SULAWESI SELATAN",505,592,-103,16,46306,35681,9928,697
"2021-08-03","SULAWESI SELATAN",384,522,-151,13,46690,36203,9777,710
"2021-08-04","SULAWESI SELATAN",269,494,-245,20,46959,36697,9532,730
"2021-08-05","SULAWESI SELATAN",221,535,-325,11,47180,37232,9207,741
"2021-08-06","SULAWESI SELATAN",245,1022,-790,13,47425,38254,8417,754
"2021-08-07","SULAWESI SELATAN",192,561,-376,7,47617,38815,8041,761
"2021-08-08","SULAWESI SELATAN",155,634,-486,7,47772,39449,7555,768
"2021-08-09","SULAWESI SELATAN",743,1568,-841,16,48515,41017,6714,784
"2021-08-10","SULAWESI SELATAN",916,798,103,15,49431,41815,6817,799
"2021-08-11","SULAWESI SELATAN",978,871,87,20,50409,42686,6904,819
"2021-08-12","SULAWESI SELATAN",666,707,-62,21,51075,43393,6842,840
"2021-08-13","SULAWESI SELATAN",1000,612,365,23,52075,44005,7207,863
"2021-08-14","SULAWESI SELATAN",882,517,353,12,52957,44522,7560,875
"2021-08-15","SULAWESI SELATAN",559,360,177,22,53516,44882,7737,897
"2021-08-16","SULAWESI SELATAN",299,239,45,15,53815,45121,7782,912
"2021-08-17","SULAWESI SELATAN",382,324,33,25,54197,45445,7815,937
"2021-08-18","SULAWESI SELATAN",398,134,253,11,54595,45579,8068,948
"2021-08-19","SULAWESI SELATAN",736,174,539,23,55331,45753,8607,971
"2021-08-20","SULAWESI SELATAN",565,559,-11,17,55896,46312,8596,988
"2021-08-21","SULAWESI SELATAN",451,560,-129,20,56347,46872,8467,1008
"2021-08-22","SULAWESI SELATAN",317,744,-447,20,56664,47616,8020,1028
"2021-08-23","SULAWESI SELATAN",67,893,-843,17,56731,48509,7177,1045
"2021-08-24","SULAWESI SELATAN",71,723,-661,9,56802,49232,6516,1054
"2021-08-25","SULAWESI SELATAN",101,527,-443,17,56903,49759,6073,1071
"2021-08-26","SULAWESI SELATAN",81,627,-551,5,56984,50386,5522,1076
"2021-08-27","SULAWESI SELATAN",75,335,-265,5,57059,50721,5257,1081
"2021-08-28","SULAWESI SELATAN",87,1075,-997,9,57146,51796,4260,1090
"2021-08-29","SULAWESI SELATAN",59,855,-802,6,57205,52651,3458,1096
"2021-08-30","SULAWESI SELATAN",18,572,-556,2,57223,53223,2902,1098
"2021-08-31","SULAWESI SELATAN",111,499,-391,3,57334,53722,2511,1101
"2021-09-01","SULAWESI SELATAN",215,410,-199,4,57549,54132,2312,1105
"2021-09-02","SULAWESI SELATAN",265,412,-162,15,57814,54544,2150,1120
"2021-09-03","SULAWESI SELATAN",238,242,-10,6,58052,54786,2140,1126
"2021-09-04","SULAWESI SELATAN",247,261,-14,0,58299,55047,2126,1126
"2021-09-05","SULAWESI SELATAN",139,129,-3,13,58438,55176,2123,1139
"2021-09-06","SULAWESI SELATAN",109,166,-67,10,58547,55342,2056,1149
"2021-09-07","SULAWESI SELATAN",232,100,126,6,58779,55442,2182,1155
"2021-09-08","SULAWESI SELATAN",236,128,104,4,59015,55570,2286,1159
"2021-09-09","SULAWESI SELATAN",178,217,-44,5,59193,55787,2242,1164
"2021-09-10","SULAWESI SELATAN",178,69,102,7,59371,55856,2344,1171
"2021-09-11","SULAWESI SELATAN",145,110,33,2,59516,55966,2377,1173
"2021-09-12","SULAWESI SELATAN",78,152,-83,9,59594,56118,2294,1182
"2021-09-13","SULAWESI SELATAN",67,103,-40,4,59661,56221,2254,1186
"2021-09-14","SULAWESI SELATAN",146,178,-35,3,59807,56399,2219,1189
"2021-09-15","SULAWESI SELATAN",144,116,25,3,59951,56515,2244,1192
"2021-09-16","SULAWESI SELATAN",111,132,-32,11,60062,56647,2212,1203
"2021-09-17","SULAWESI SELATAN",111,119,-15,7,60173,56766,2197,1210
"2021-09-18","SULAWESI SELATAN",86,186,-101,1,60259,56952,2096,1211
"2021-09-19","SULAWESI SELATAN",70,178,-110,2,60329,57130,1986,1213
"2021-09-20","SULAWESI SELATAN",18,61,-45,2,60347,57191,1941,1215
"2021-09-21","SULAWESI SELATAN",94,164,-71,1,60441,57355,1870,1216
"2021-09-22","SULAWESI SELATAN",85,125,-41,1,60526,57480,1829,1217
"2021-09-23","SULAWESI SELATAN",84,131,-50,3,60610,57611,1779,1220
"2021-09-24","SULAWESI SELATAN",74,123,-53,4,60684,57734,1726,1224
"2021-09-25","SULAWESI SELATAN",34,104,-73,3,60718,57838,1653,1227
"2021-09-26","SULAWESI SELATAN",13,42,-30,1,60731,57880,1623,1228
"2021-09-27","SULAWESI SELATAN",6,81,-76,1,60737,57961,1547,1229
"2021-09-28","SULAWESI SELATAN",22,38,-17,1,60759,57999,1530,1230
"2021-09-29","SULAWESI SELATAN",22,58,-36,0,60781,58057,1494,1230
"2021-09-30","SULAWESI SELATAN",55,72,-19,2,60836,58129,1475,1232
"2021-10-01","SULAWESI SELATAN",35,63,-28,0,60871,58192,1447,1232
"2021-10-02","SULAWESI SELATAN",51,78,-30,3,60922,58270,1417,1235
"2021-10-03","SULAWESI SELATAN",53,112,-60,1,60975,58382,1357,1236
"2021-10-04","SULAWESI SELATAN",28,22,2,4,61003,58404,1359,1240
"2021-10-05","SULAWESI SELATAN",44,112,-68,0,61047,58516,1291,1240
"2021-10-06","SULAWESI SELATAN",55,110,-57,2,61102,58626,1234,1242
"2021-10-07","SULAWESI SELATAN",43,37,6,0,61145,58663,1240,1242
"2021-10-08","SULAWESI SELATAN",28,66,-38,0,61173,58729,1202,1242
"2021-10-09","SULAWESI SELATAN",56,20,35,1,61229,58749,1237,1243
"2021-10-10","SULAWESI SELATAN",25,68,-44,1,61254,58817,1193,1244
"2021-10-11","SULAWESI SELATAN",23,49,-26,0,61277,58866,1167,1244
"2021-10-12","SULAWESI SELATAN",61,127,-69,3,61338,58993,1098,1247
"2021-10-13","SULAWESI SELATAN",58,55,3,0,61396,59048,1101,1247
"2021-10-14","SULAWESI SELATAN",46,89,-46,3,61442,59137,1055,1250
"2021-10-15","SULAWESI SELATAN",31,94,-63,0,61473,59231,992,1250
"2021-10-16","SULAWESI SELATAN",27,91,-64,0,61500,59322,928,1250
"2021-10-17","SULAWESI SELATAN",30,11,19,0,61530,59333,947,1250
"2021-10-18","SULAWESI SELATAN",48,138,-90,0,61578,59471,857,1250
"2021-10-19","SULAWESI SELATAN",45,125,-80,0,61623,59596,777,1250
"2021-10-20","SULAWESI SELATAN",18,86,-69,1,61641,59682,708,1251
"2021-10-21","SULAWESI SELATAN",3,121,-119,1,61644,59803,589,1252
"2021-10-22","SULAWESI SELATAN",23,81,-58,0,61667,59884,531,1252
"2021-10-23","SULAWESI SELATAN",32,188,-157,1,61699,60072,374,1253
"2021-10-24","SULAWESI SELATAN",18,50,-32,0,61717,60122,342,1253
"2021-10-25","SULAWESI SELATAN",18,33,-15,0,61735,60155,327,1253
"2021-10-26","SULAWESI SELATAN",21,43,-22,0,61756,60198,305,1253
"2021-10-27","SULAWESI SELATAN",33,36,-3,0,61789,60234,302,1253
"2021-10-28","SULAWESI SELATAN",20,34,-15,1,61809,60268,287,1254
"2021-10-29","SULAWESI SELATAN",7,2,5,0,61816,60270,292,1254
"2021-10-30","SULAWESI SELATAN",9,40,-31,0,61825,60310,261,1254
"2021-10-31","SULAWESI SELATAN",9,14,-5,0,61834,60324,256,1254
"2021-11-01","SULAWESI SELATAN",8,23,-15,0,61842,60347,241,1254
"2021-11-02","SULAWESI SELATAN",16,37,-22,1,61858,60384,219,1255
"2021-11-03","SULAWESI SELATAN",20,25,-5,0,61878,60409,214,1255
"2021-11-04","SULAWESI SELATAN",16,21,-5,0,61894,60430,209,1255
"2021-11-05","SULAWESI SELATAN",10,22,-13,1,61904,60452,196,1256
"2021-11-06","SULAWESI SELATAN",7,18,-12,1,61911,60470,184,1257
"2021-11-07","SULAWESI SELATAN",10,1,9,0,61921,60471,193,1257
"2021-11-08","SULAWESI SELATAN",11,42,-31,0,61932,60513,162,1257
"2021-11-09","SULAWESI SELATAN",8,13,-5,0,61940,60526,157,1257
"2021-11-10","SULAWESI SELATAN",9,12,-3,0,61949,60538,154,1257
"2021-11-11","SULAWESI SELATAN",9,23,-14,0,61958,60561,140,1257
"2021-11-12","SULAWESI SELATAN",5,4,1,0,61963,60565,141,1257
"2021-11-13","SULAWESI SELATAN",8,5,3,0,61971,60570,144,1257
"2021-11-14","SULAWESI SELATAN",11,17,-6,0,61982,60587,138,1257
"2021-11-15","SULAWESI SELATAN",3,11,-8,0,61985,60598,130,1257
"2021-11-16","SULAWESI SELATAN",7,4,3,0,61992,60602,133,1257
"2021-11-17","SULAWESI SELATAN",2,10,-9,1,61994,60612,124,1258
"2021-11-18","SULAWESI SELATAN",8,12,-4,0,62002,60624,120,1258
"2021-11-19","SULAWESI SELATAN",4,9,-5,0,62006,60633,115,1258
"2021-11-20","SULAWESI SELATAN",5,2,3,0,62011,60635,118,1258
"2021-11-21","SULAWESI SELATAN",3,5,-2,0,62014,60640,116,1258
"2021-11-22","SULAWESI SELATAN",6,9,-3,0,62020,60649,113,1258
"2021-11-23","SULAWESI SELATAN",4,3,1,0,62024,60652,114,1258
"2021-11-24","SULAWESI SELATAN",5,3,2,0,62029,60655,116,1258
"2021-11-25","SULAWESI SELATAN",7,4,3,0,62036,60659,119,1258
"2021-11-26","SULAWESI SELATAN",1,8,-8,1,62037,60667,111,1259
"2021-11-27","SULAWESI SELATAN",3,3,0,0,62040,60670,111,1259
"2021-11-28","SULAWESI SELATAN",5,54,-49,0,62045,60724,62,1259
"2021-11-29","SULAWESI SELATAN",1,7,-6,0,62046,60731,56,1259
"2021-11-30","SULAWESI SELATAN",8,13,-5,0,62054,60744,51,1259
"2021-12-01","SULAWESI SELATAN",1,0,1,0,62055,60744,52,1259
"2021-12-02","SULAWESI SELATAN",1,6,-6,1,62056,60750,46,1260
"2021-12-03","SULAWESI SELATAN",7,0,7,0,62063,60750,53,1260
"2021-12-04","SULAWESI SELATAN",0,10,-11,1,62063,60760,42,1261
"2021-12-05","SULAWESI SELATAN",0,3,-3,0,62063,60763,39,1261
"2021-12-06","SULAWESI SELATAN",3,1,2,0,62066,60764,41,1261
"2021-12-07","SULAWESI SELATAN",1,4,-3,0,62067,60768,38,1261
"2021-12-08","SULAWESI SELATAN",3,2,0,1,62070,60770,38,1262
"2021-12-09","SULAWESI SELATAN",3,3,0,0,62073,60773,38,1262
"2021-12-10","SULAWESI SELATAN",0,5,-5,0,62073,60778,33,1262
"2021-12-11","SULAWESI SELATAN",10,6,4,0,62083,60784,37,1262
"2021-12-12","SULAWESI SELATAN",2,4,-2,0,62085,60788,35,1262
"2021-12-13","SULAWESI SELATAN",0,3,-3,0,62085,60791,32,1262
"2021-12-14","SULAWESI SELATAN",5,1,4,0,62090,60792,36,1262
"2021-12-15","SULAWESI SELATAN",3,3,0,0,62093,60795,36,1262
"2021-12-16","SULAWESI SELATAN",2,4,-2,0,62095,60799,34,1262
"2021-12-17","SULAWESI SELATAN",3,0,3,0,62098,60799,37,1262
"2021-12-18","SULAWESI SELATAN",0,2,-2,0,62098,60801,35,1262
"2021-12-19","SULAWESI SELATAN",4,5,-1,0,62102,60806,34,1262
"2021-12-20","SULAWESI SELATAN",1,3,-2,0,62103,60809,32,1262
"2021-12-21","SULAWESI SELATAN",2,1,1,0,62105,60810,33,1262
"2021-12-22","SULAWESI SELATAN",5,5,-1,1,62110,60815,32,1263
"2021-12-23","SULAWESI SELATAN",3,5,-2,0,62113,60820,30,1263
"2021-12-24","SULAWESI SELATAN",3,4,-1,0,62116,60824,29,1263
"2021-12-25","SULAWESI SELATAN",3,1,2,0,62119,60825,31,1263
"2021-12-26","SULAWESI SELATAN",0,1,-1,0,62119,60826,30,1263
"2021-12-27","SULAWESI SELATAN",0,3,-3,0,62119,60829,27,1263
"2021-12-28","SULAWESI SELATAN",10,2,8,0,62129,60831,35,1263
"2021-12-29","SULAWESI SELATAN",1,0,1,0,62130,60831,36,1263
"2021-12-30","SULAWESI SELATAN",4,1,3,0,62134,60832,39,1263
"2021-12-31","SULAWESI SELATAN",1,4,-3,0,62135,60836,36,1263
"2022-01-01","SULAWESI SELATAN",5,5,0,0,62140,60841,36,1263
"2022-01-02","SULAWESI SELATAN",2,0,2,0,62142,60841,38,1263
"2022-01-03","SULAWESI SELATAN",0,4,-4,0,62142,60845,34,1263
"2022-01-04","SULAWESI SELATAN",7,3,4,0,62149,60848,38,1263
"2022-01-05","SULAWESI SELATAN",4,4,0,0,62153,60852,38,1263
"2022-01-06","SULAWESI SELATAN",3,0,3,0,62156,60852,41,1263
"2022-01-07","SULAWESI SELATAN",4,3,1,0,62160,60855,42,1263
"2022-01-08","SULAWESI SELATAN",5,5,0,0,62165,60860,42,1263
"2022-01-09","SULAWESI SELATAN",1,7,-6,0,62166,60867,36,1263
"2022-01-10","SULAWESI SELATAN",0,6,-6,0,62166,60873,30,1263
"2022-01-11","SULAWESI SELATAN",1,2,-1,0,62167,60875,29,1263
"2022-01-12","SULAWESI SELATAN",11,0,11,0,62178,60875,40,1263
"2022-01-13","SULAWESI SELATAN",17,6,11,0,62195,60881,51,1263
"2022-01-14","SULAWESI SELATAN",3,4,-1,0,62198,60885,50,1263
"2022-01-15","SULAWESI SELATAN",10,3,6,1,62208,60888,56,1264
"2022-01-16","SULAWESI SELATAN",6,4,2,0,62214,60892,58,1264
"2022-01-17","SULAWESI SELATAN",0,0,0,0,62214,60892,58,1264
"2022-01-18","SULAWESI SELATAN",5,3,2,0,62219,60895,60,1264
"2022-01-19","SULAWESI SELATAN",8,1,7,0,62227,60896,67,1264
"2022-01-20","SULAWESI SELATAN",8,2,6,0,62235,60898,73,1264
"2022-01-21","SULAWESI SELATAN",7,4,3,0,62242,60902,76,1264
"2022-01-22","SULAWESI SELATAN",8,6,1,1,62250,60908,77,1265
"2022-01-23","SULAWESI SELATAN",4,4,0,0,62254,60912,77,1265
"2022-01-24","SULAWESI SELATAN",8,4,4,0,62262,60916,81,1265
"2022-01-25","SULAWESI SELATAN",12,4,8,0,62274,60920,89,1265
"2022-01-26","SULAWESI SELATAN",11,19,-8,0,62285,60939,81,1265
"2022-01-27","SULAWESI SELATAN",19,3,16,0,62304,60942,97,1265
"2022-01-28","SULAWESI SELATAN",16,5,11,0,62320,60947,108,1265
"2022-01-29","SULAWESI SELATAN",7,8,-2,1,62327,60955,106,1266
"2022-01-30","SULAWESI SELATAN",21,3,18,0,62348,60958,124,1266
"2022-01-31","SULAWESI SELATAN",21,7,13,1,62369,60965,137,1267
"2022-02-01","SULAWESI SELATAN",50,10,40,0,62419,60975,177,1267
"2022-02-02","SULAWESI SELATAN",39,7,32,0,62458,60982,209,1267
"2022-02-03","SULAWESI SELATAN",106,0,106,0,62564,60982,315,1267
"2022-02-04","SULAWESI SELATAN",119,6,113,0,62683,60988,428,1267
"2022-02-05","SULAWESI SELATAN",123,6,115,2,62806,60994,543,1269
"2022-02-06","SULAWESI SELATAN",109,11,98,0,62915,61005,641,1269
"2022-02-07","SULAWESI SELATAN",81,16,64,1,62996,61021,705,1270
"2022-02-08","SULAWESI SELATAN",275,12,263,0,63271,61033,968,1270
"2022-02-09","SULAWESI SELATAN",451,14,437,0,63722,61047,1405,1270
"2022-02-10","SULAWESI SELATAN",440,28,412,0,64162,61075,1817,1270
"2022-02-11","SULAWESI SELATAN",438,32,405,1,64600,61107,2222,1271
"2022-02-12","SULAWESI SELATAN",814,34,777,3,65414,61141,2999,1274
"2022-02-13","SULAWESI SELATAN",514,31,482,1,65928,61172,3481,1275
"2022-02-14","SULAWESI SELATAN",330,72,258,0,66258,61244,3739,1275
"2022-02-15","SULAWESI SELATAN",1181,84,1096,1,67439,61328,4835,1276
"2022-02-16","SULAWESI SELATAN",1745,126,1616,3,69184,61454,6451,1279
"2022-02-17","SULAWESI SELATAN",1709,191,1515,3,70893,61645,7966,1282
"2022-02-18","SULAWESI SELATAN",1863,88,1765,10,72756,61733,9731,1292
"2022-02-19","SULAWESI SELATAN",1885,253,1627,5,74641,61986,11358,1297
"2022-02-20","SULAWESI SELATAN",1515,350,1160,5,76156,62336,12518,1302
"2022-02-21","SULAWESI SELATAN",629,376,250,3,76785,62712,12768,1305
"2022-02-22","SULAWESI SELATAN",2270,154,2110,6,79055,62866,14878,1311
"2022-02-23","SULAWESI SELATAN",1709,436,1263,10,80764,63302,16141,1321
"2022-02-24","SULAWESI SELATAN",1626,818,799,9,82390,64120,16940,1330
"2022-02-25","SULAWESI SELATAN",1548,497,1043,8,83938,64617,17983,1338
"2022-02-26","SULAWESI SELATAN",1311,336,973,2,85249,64953,18956,1340
"2022-02-27","SULAWESI SELATAN",1087,883,195,9,86336,65836,19151,1349
"2022-02-28","SULAWESI SELATAN",449,1057,-618,10,86785,66893,18533,1359
"2022-03-01","SULAWESI SELATAN",614,642,-32,4,87399,67535,18501,1363
"2022-03-02","SULAWESI SELATAN",1008,895,102,11,88407,68430,18603,1374
"2022-03-03","SULAWESI SELATAN",843,1594,-757,6,89250,70024,17846,1380
"2022-03-04","SULAWESI SELATAN",463,1390,-932,5,89713,71414,16914,1385
"2022-03-05","SULAWESI SELATAN",795,1609,-823,9,90508,73023,16091,1394
"2022-03-06","SULAWESI SELATAN",528,1477,-959,10,91036,74500,15132,1404
"2022-03-07","SULAWESI SELATAN",250,1128,-883,5,91286,75628,14249,1409
"2022-03-08","SULAWESI SELATAN",3,67,-68,4,91289,75695,14181,1413
"2020-08-06","SULAWESI TENGGARA",59,0,59,0,59,0,59,0
"2020-08-07","SULAWESI TENGGARA",27,0,27,0,86,0,86,0
"2020-08-08","SULAWESI TENGGARA",20,0,20,0,106,0,106,0
"2020-08-09","SULAWESI TENGGARA",22,2,20,0,128,2,126,0
"2020-08-10","SULAWESI TENGGARA",0,4,-4,0,128,6,122,0
"2020-08-11","SULAWESI TENGGARA",32,0,32,0,160,6,154,0
"2020-08-12","SULAWESI TENGGARA",24,0,23,1,184,6,177,1
"2020-08-13","SULAWESI TENGGARA",30,3,27,0,214,9,204,1
"2020-08-14","SULAWESI TENGGARA",33,31,2,0,247,40,206,1
"2020-08-15","SULAWESI TENGGARA",28,0,28,0,275,40,234,1
"2020-08-16","SULAWESI TENGGARA",35,0,35,0,310,40,269,1
"2020-08-17","SULAWESI TENGGARA",14,12,2,0,324,52,271,1
"2020-08-18","SULAWESI TENGGARA",1,6,-5,0,325,58,266,1
"2020-08-19","SULAWESI TENGGARA",0,0,0,0,325,58,266,1
"2020-08-20","SULAWESI TENGGARA",60,8,52,0,385,66,318,1
"2020-08-21","SULAWESI TENGGARA",22,17,4,1,407,83,322,2
"2020-08-22","SULAWESI TENGGARA",11,9,1,1,418,92,323,3
"2020-08-23","SULAWESI TENGGARA",13,7,4,2,431,99,327,5
"2020-08-24","SULAWESI TENGGARA",4,8,-6,2,435,107,321,7
"2020-08-25","SULAWESI TENGGARA",38,13,25,0,473,120,346,7
"2020-08-26","SULAWESI TENGGARA",37,24,13,0,510,144,359,7
"2020-08-27","SULAWESI TENGGARA",48,41,6,1,558,185,365,8
"2020-08-28","SULAWESI TENGGARA",49,15,33,1,607,200,398,9
"2020-08-29","SULAWESI TENGGARA",38,0,38,0,645,200,436,9
"2020-08-30","SULAWESI TENGGARA",27,33,-8,2,672,233,428,11
"2020-08-31","SULAWESI TENGGARA",2,18,-18,2,674,251,410,13
"2020-09-01","SULAWESI TENGGARA",42,15,26,1,716,266,436,14
"2020-09-02","SULAWESI TENGGARA",15,5,9,1,731,271,445,15
"2020-09-03","SULAWESI TENGGARA",6,7,-4,3,737,278,441,18
"2020-09-04","SULAWESI TENGGARA",28,8,20,0,765,286,461,18
"2020-09-05","SULAWESI TENGGARA",19,9,9,1,784,295,470,19
"2020-09-06","SULAWESI TENGGARA",29,2,26,1,813,297,496,20
"2020-09-07","SULAWESI TENGGARA",0,49,-49,0,813,346,447,20
"2020-09-08","SULAWESI TENGGARA",11,22,-12,1,824,368,435,21
"2020-09-09","SULAWESI TENGGARA",24,28,-5,1,848,396,430,22
"2020-09-10","SULAWESI TENGGARA",26,11,13,2,874,407,443,24
"2020-09-11","SULAWESI TENGGARA",33,33,0,0,907,440,443,24
"2020-09-12","SULAWESI TENGGARA",33,10,22,1,940,450,465,25
"2020-09-13","SULAWESI TENGGARA",36,25,11,0,976,475,476,25
"2020-09-14","SULAWESI TENGGARA",22,11,11,0,998,486,487,25
"2020-09-15","SULAWESI TENGGARA",58,16,42,0,1056,502,529,25
"2020-09-16","SULAWESI TENGGARA",59,9,48,2,1115,511,577,27
"2020-09-17","SULAWESI TENGGARA",35,11,22,2,1150,522,599,29
"2020-09-18","SULAWESI TENGGARA",17,15,2,0,1167,537,601,29
"2020-09-19","SULAWESI TENGGARA",53,7,46,0,1220,544,647,29
"2020-09-20","SULAWESI TENGGARA",71,0,70,1,1291,544,717,30
"2020-09-21","SULAWESI TENGGARA",36,44,-9,1,1327,588,708,31
"2020-09-22","SULAWESI TENGGARA",42,63,-23,2,1369,651,685,33
"2020-09-23","SULAWESI TENGGARA",90,117,-28,1,1459,768,657,34
"2020-09-24","SULAWESI TENGGARA",71,76,-6,1,1530,844,651,35
"2020-09-25","SULAWESI TENGGARA",79,29,49,1,1609,873,700,36
"2020-09-26","SULAWESI TENGGARA",175,53,122,0,1784,926,822,36
"2020-09-27","SULAWESI TENGGARA",84,0,82,2,1868,926,904,38
"2020-09-28","SULAWESI TENGGARA",19,42,-26,3,1887,968,878,41
"2020-09-29","SULAWESI TENGGARA",36,61,-27,2,1923,1029,851,43
"2020-09-30","SULAWESI TENGGARA",41,14,27,0,1964,1043,878,43
"2020-10-01","SULAWESI TENGGARA",46,18,27,1,2010,1061,905,44
"2020-10-02","SULAWESI TENGGARA",79,47,32,0,2089,1108,937,44
"2020-10-03","SULAWESI TENGGARA",0,7,-7,0,2089,1115,930,44
"2020-10-04","SULAWESI TENGGARA",0,22,-22,0,2089,1137,908,44
"2020-10-05","SULAWESI TENGGARA",3,63,-61,1,2092,1200,847,45
"2020-10-06","SULAWESI TENGGARA",95,57,38,0,2187,1257,885,45
"2020-10-07","SULAWESI TENGGARA",96,46,49,1,2283,1303,934,46
"2020-10-08","SULAWESI TENGGARA",100,34,66,0,2383,1337,1000,46
"2020-10-09","SULAWESI TENGGARA",63,70,-8,1,2446,1407,992,47
"2020-10-10","SULAWESI TENGGARA",58,50,8,0,2504,1457,1000,47
"2020-10-11","SULAWESI TENGGARA",91,6,84,1,2595,1463,1084,48
"2020-10-12","SULAWESI TENGGARA",59,26,33,0,2654,1489,1117,48
"2020-10-13","SULAWESI TENGGARA",108,17,91,0,2762,1506,1208,48
"2020-10-14","SULAWESI TENGGARA",65,43,21,1,2827,1549,1229,49
"2020-10-15","SULAWESI TENGGARA",102,31,69,2,2929,1580,1298,51
"2020-10-16","SULAWESI TENGGARA",48,30,16,2,2977,1610,1314,53
"2020-10-17","SULAWESI TENGGARA",73,8,65,0,3050,1618,1379,53
"2020-10-18","SULAWESI TENGGARA",212,51,159,2,3262,1669,1538,55
"2020-10-19","SULAWESI TENGGARA",39,108,-69,0,3301,1777,1469,55
"2020-10-20","SULAWESI TENGGARA",26,238,-212,0,3327,2015,1257,55
"2020-10-21","SULAWESI TENGGARA",80,65,15,0,3407,2080,1272,55
"2020-10-22","SULAWESI TENGGARA",90,100,-12,2,3497,2180,1260,57
"2020-10-23","SULAWESI TENGGARA",0,74,-75,1,3497,2254,1185,58
"2020-10-24","SULAWESI TENGGARA",0,104,-104,0,3497,2358,1081,58
"2020-10-25","SULAWESI TENGGARA",43,72,-31,2,3540,2430,1050,60
"2020-10-26","SULAWESI TENGGARA",10,63,-53,0,3550,2493,997,60
"2020-10-27","SULAWESI TENGGARA",40,56,-16,0,3590,2549,981,60
"2020-10-28","SULAWESI TENGGARA",144,110,34,0,3734,2659,1015,60
"2020-10-29","SULAWESI TENGGARA",44,116,-72,0,3778,2775,943,60
"2020-10-30","SULAWESI TENGGARA",25,80,-56,1,3803,2855,887,61
"2020-10-31","SULAWESI TENGGARA",24,91,-68,1,3827,2946,819,62
"2020-11-01","SULAWESI TENGGARA",120,85,35,0,3947,3031,854,62
"2020-11-02","SULAWESI TENGGARA",3,85,-83,1,3950,3116,771,63
"2020-11-03","SULAWESI TENGGARA",7,135,-128,0,3957,3251,643,63
"2020-11-04","SULAWESI TENGGARA",41,34,5,2,3998,3285,648,65
"2020-11-05","SULAWESI TENGGARA",42,27,15,0,4040,3312,663,65
"2020-11-06","SULAWESI TENGGARA",79,20,57,2,4119,3332,720,67
"2020-11-07","SULAWESI TENGGARA",73,0,73,0,4192,3332,793,67
"2020-11-08","SULAWESI TENGGARA",46,0,45,1,4238,3332,838,68
"2020-11-09","SULAWESI TENGGARA",4,26,-22,0,4242,3358,816,68
"2020-11-10","SULAWESI TENGGARA",92,9,83,0,4334,3367,899,68
"2020-11-11","SULAWESI TENGGARA",30,5,25,0,4364,3372,924,68
"2020-11-12","SULAWESI TENGGARA",42,23,19,0,4406,3395,943,68
"2020-11-13","SULAWESI TENGGARA",86,9,77,0,4492,3404,1020,68
"2020-11-14","SULAWESI TENGGARA",58,4,52,2,4550,3408,1072,70
"2020-11-15","SULAWESI TENGGARA",0,20,-20,0,4550,3428,1052,70
"2020-11-16","SULAWESI TENGGARA",39,43,-5,1,4589,3471,1047,71
"2020-11-17","SULAWESI TENGGARA",13,3,10,0,4602,3474,1057,71
"2020-11-18","SULAWESI TENGGARA",96,0,96,0,4698,3474,1153,71
"2020-11-19","SULAWESI TENGGARA",70,0,70,0,4768,3474,1223,71
"2020-11-20","SULAWESI TENGGARA",76,0,74,2,4844,3474,1297,73
"2020-11-21","SULAWESI TENGGARA",66,0,65,1,4910,3474,1362,74
"2020-11-22","SULAWESI TENGGARA",49,0,48,1,4959,3474,1410,75
"2020-11-23","SULAWESI TENGGARA",14,9,4,1,4973,3483,1414,76
"2020-11-24","SULAWESI TENGGARA",64,18,46,0,5037,3501,1460,76
"2020-11-25","SULAWESI TENGGARA",52,0,51,1,5089,3501,1511,77
"2020-11-26","SULAWESI TENGGARA",46,105,-59,0,5135,3606,1452,77
"2020-11-27","SULAWESI TENGGARA",102,54,43,5,5237,3660,1495,82
"2020-11-28","SULAWESI TENGGARA",73,93,-20,0,5310,3753,1475,82
"2020-11-29","SULAWESI TENGGARA",61,2,56,3,5371,3755,1531,85
"2020-11-30","SULAWESI TENGGARA",1,138,-138,1,5372,3893,1393,86
"2020-12-01","SULAWESI TENGGARA",91,108,-17,0,5463,4001,1376,86
"2020-12-02","SULAWESI TENGGARA",0,94,-94,0,5463,4095,1282,86
"2020-12-03","SULAWESI TENGGARA",0,104,-105,1,5463,4199,1177,87
"2020-12-04","SULAWESI TENGGARA",64,66,-3,1,5527,4265,1174,88
"2020-12-05","SULAWESI TENGGARA",62,15,47,0,5589,4280,1221,88
"2020-12-06","SULAWESI TENGGARA",58,25,30,3,5647,4305,1251,91
"2020-12-07","SULAWESI TENGGARA",36,114,-78,0,5683,4419,1173,91
"2020-12-08","SULAWESI TENGGARA",21,50,-29,0,5704,4469,1144,91
"2020-12-09","SULAWESI TENGGARA",75,12,63,0,5779,4481,1207,91
"2020-12-10","SULAWESI TENGGARA",1,17,-16,0,5780,4498,1191,91
"2020-12-11","SULAWESI TENGGARA",28,48,-20,0,5808,4546,1171,91
"2020-12-12","SULAWESI TENGGARA",40,17,22,1,5848,4563,1193,92
"2020-12-13","SULAWESI TENGGARA",55,14,41,0,5903,4577,1234,92
"2020-12-14","SULAWESI TENGGARA",2,47,-45,0,5905,4624,1189,92
"2020-12-15","SULAWESI TENGGARA",57,30,24,3,5962,4654,1213,95
"2020-12-16","SULAWESI TENGGARA",0,51,-51,0,5962,4705,1162,95
"2020-12-17","SULAWESI TENGGARA",0,80,-80,0,5962,4785,1082,95
"2020-12-18","SULAWESI TENGGARA",1,96,-96,1,5963,4881,986,96
"2020-12-19","SULAWESI TENGGARA",0,19,-19,0,5963,4900,967,96
"2020-12-20","SULAWESI TENGGARA",0,14,-15,1,5963,4914,952,97
"2020-12-21","SULAWESI TENGGARA",0,64,-64,0,5963,4978,888,97
"2020-12-22","SULAWESI TENGGARA",0,91,-91,0,5963,5069,797,97
"2020-12-23","SULAWESI TENGGARA",3,7,-4,0,5966,5076,793,97
"2020-12-24","SULAWESI TENGGARA",68,28,40,0,6034,5104,833,97
"2020-12-25","SULAWESI TENGGARA",35,24,11,0,6069,5128,844,97
"2020-12-26","SULAWESI TENGGARA",4,0,4,0,6073,5128,848,97
"2020-12-27","SULAWESI TENGGARA",26,0,26,0,6099,5128,874,97
"2020-12-28","SULAWESI TENGGARA",4,111,-108,1,6103,5239,766,98
"2020-12-29","SULAWESI TENGGARA",15,100,-92,7,6118,5339,674,105
"2020-12-30","SULAWESI TENGGARA",63,114,-53,2,6181,5453,621,107
"2020-12-31","SULAWESI TENGGARA",38,21,16,1,6219,5474,637,108
"2021-01-01","SULAWESI TENGGARA",79,1,78,0,6298,5475,715,108
"2021-01-02","SULAWESI TENGGARA",33,12,19,2,6331,5487,734,110
"2021-01-03","SULAWESI TENGGARA",0,0,-1,1,6331,5487,733,111
"2021-01-04","SULAWESI TENGGARA",0,25,-26,1,6331,5512,707,112
"2021-01-05","SULAWESI TENGGARA",0,55,-56,1,6331,5567,651,113
"2021-01-06","SULAWESI TENGGARA",0,99,-99,0,6331,5666,552,113
"2021-01-07","SULAWESI TENGGARA",0,0,-1,1,6331,5666,551,114
"2021-01-08","SULAWESI TENGGARA",0,1,-1,0,6331,5667,550,114
"2021-01-09","SULAWESI TENGGARA",0,8,-9,1,6331,5675,541,115
"2021-01-10","SULAWESI TENGGARA",0,0,0,0,6331,5675,541,115
"2021-01-11","SULAWESI TENGGARA",0,38,-38,0,6331,5713,503,115
"2021-01-12","SULAWESI TENGGARA",0,21,-21,0,6331,5734,482,115
"2021-01-13","SULAWESI TENGGARA",91,19,71,1,6422,5753,553,116
"2021-01-14","SULAWESI TENGGARA",72,22,49,1,6494,5775,602,117
"2021-01-15","SULAWESI TENGGARA",35,26,9,0,6529,5801,611,117
"2021-01-16","SULAWESI TENGGARA",75,20,54,1,6604,5821,665,118
"2021-01-17","SULAWESI TENGGARA",63,7,56,0,6667,5828,721,118
"2021-01-18","SULAWESI TENGGARA",16,52,-36,0,6683,5880,685,118
"2021-01-19","SULAWESI TENGGARA",0,14,-14,0,6683,5894,671,118
"2021-01-20","SULAWESI TENGGARA",0,44,-44,0,6683,5938,627,118
"2021-01-21","SULAWESI TENGGARA",0,1,-2,1,6683,5939,625,119
"2021-01-22","SULAWESI TENGGARA",0,32,-34,2,6683,5971,591,121
"2021-01-23","SULAWESI TENGGARA",0,6,-6,0,6683,5977,585,121
"2021-01-24","SULAWESI TENGGARA",0,2,-2,0,6683,5979,583,121
"2021-01-25","SULAWESI TENGGARA",0,0,0,0,6683,5979,583,121
"2021-01-26","SULAWESI TENGGARA",0,2,-2,0,6683,5981,581,121
"2021-01-27","SULAWESI TENGGARA",0,31,-32,1,6683,6012,549,122
"2021-01-28","SULAWESI TENGGARA",0,6,-6,0,6683,6018,543,122
"2021-01-29","SULAWESI TENGGARA",0,4,-4,0,6683,6022,539,122
"2021-01-30","SULAWESI TENGGARA",0,3,-3,0,6683,6025,536,122
"2021-01-31","SULAWESI TENGGARA",0,54,-54,0,6683,6079,482,122
"2021-02-01","SULAWESI TENGGARA",0,7,-8,1,6683,6086,474,123
"2021-02-02","SULAWESI TENGGARA",31,44,-15,2,6714,6130,459,125
"2021-02-03","SULAWESI TENGGARA",26,27,-1,0,6740,6157,458,125
"2021-02-04","SULAWESI TENGGARA",45,41,4,0,6785,6198,462,125
"2021-02-05","SULAWESI TENGGARA",31,40,-9,0,6816,6238,453,125
"2021-02-06","SULAWESI TENGGARA",34,14,20,0,6850,6252,473,125
"2021-02-07","SULAWESI TENGGARA",48,1,47,0,6898,6253,520,125
"2021-02-08","SULAWESI TENGGARA",0,69,-69,0,6898,6322,451,125
"2021-02-09","SULAWESI TENGGARA",0,2,-4,2,6898,6324,447,127
"2021-02-10","SULAWESI TENGGARA",0,0,0,0,6898,6324,447,127
"2021-02-11","SULAWESI TENGGARA",0,91,-91,0,6898,6415,356,127
"2021-02-12","SULAWESI TENGGARA",0,47,-47,0,6898,6462,309,127
"2021-02-13","SULAWESI TENGGARA",0,38,-38,0,6898,6500,271,127
"2021-02-14","SULAWESI TENGGARA",0,1,-2,1,6898,6501,269,128
"2021-02-15","SULAWESI TENGGARA",0,3,-3,0,6898,6504,266,128
"2021-02-16","SULAWESI TENGGARA",0,0,0,0,6898,6504,266,128
"2021-02-17","SULAWESI TENGGARA",0,2,-2,0,6898,6506,264,128
"2021-02-18","SULAWESI TENGGARA",0,0,0,0,6898,6506,264,128
"2021-02-19","SULAWESI TENGGARA",0,4,-4,0,6898,6510,260,128
"2021-02-20","SULAWESI TENGGARA",0,1,-1,0,6898,6511,259,128
"2021-02-21","SULAWESI TENGGARA",0,1,-1,0,6898,6512,258,128
"2021-02-22","SULAWESI TENGGARA",28,18,10,0,6926,6530,268,128
"2021-02-23","SULAWESI TENGGARA",7,36,-29,0,6933,6566,239,128
"2021-02-24","SULAWESI TENGGARA",10,15,-5,0,6943,6581,234,128
"2021-02-25","SULAWESI TENGGARA",16,21,-6,1,6959,6602,228,129
"2021-02-26","SULAWESI TENGGARA",10,20,-10,0,6969,6622,218,129
"2021-02-27","SULAWESI TENGGARA",14,0,14,0,6983,6622,232,129
"2021-02-28","SULAWESI TENGGARA",4,0,3,1,6987,6622,235,130
"2021-03-01","SULAWESI TENGGARA",11,1,10,0,6998,6623,245,130
"2021-03-02","SULAWESI TENGGARA",0,1,-3,2,6998,6624,242,132
"2021-03-03","SULAWESI TENGGARA",0,20,-20,0,6998,6644,222,132
"2021-03-04","SULAWESI TENGGARA",0,0,0,0,6998,6644,222,132
"2021-03-05","SULAWESI TENGGARA",0,10,-11,1,6998,6654,211,133
"2021-03-06","SULAWESI TENGGARA",0,0,0,0,6998,6654,211,133
"2021-03-07","SULAWESI TENGGARA",0,0,0,0,6998,6654,211,133
"2021-03-08","SULAWESI TENGGARA",0,9,-9,0,6998,6663,202,133
"2021-03-09","SULAWESI TENGGARA",0,4,-4,0,6998,6667,198,133
"2021-03-10","SULAWESI TENGGARA",0,1,-1,0,6998,6668,197,133
"2021-03-11","SULAWESI TENGGARA",0,7,-7,0,6998,6675,190,133
"2021-03-12","SULAWESI TENGGARA",0,3,-3,0,6998,6678,187,133
"2021-03-13","SULAWESI TENGGARA",0,0,0,0,6998,6678,187,133
"2021-03-14","SULAWESI TENGGARA",3,0,3,0,7001,6678,190,133
"2021-03-15","SULAWESI TENGGARA",3,0,3,0,7004,6678,193,133
"2021-03-16","SULAWESI TENGGARA",7,0,6,1,7011,6678,199,134
"2021-03-17","SULAWESI TENGGARA",12,26,-14,0,7023,6704,185,134
"2021-03-18","SULAWESI TENGGARA",5,0,5,0,7028,6704,190,134
"2021-03-19","SULAWESI TENGGARA",6,1,5,0,7034,6705,195,134
"2021-03-20","SULAWESI TENGGARA",26,0,26,0,7060,6705,221,134
"2021-03-21","SULAWESI TENGGARA",17,0,16,1,7077,6705,237,135
"2021-03-22","SULAWESI TENGGARA",0,2,-2,0,7077,6707,235,135
"2021-03-23","SULAWESI TENGGARA",2,1,1,0,7079,6708,236,135
"2021-03-24","SULAWESI TENGGARA",3,0,3,0,7082,6708,239,135
"2021-03-25","SULAWESI TENGGARA",0,1,-1,0,7082,6709,238,135
"2021-03-26","SULAWESI TENGGARA",0,22,-22,0,7082,6731,216,135
"2021-03-27","SULAWESI TENGGARA",0,0,-1,1,7082,6731,215,136
"2021-03-28","SULAWESI TENGGARA",0,1,-1,0,7082,6732,214,136
"2021-03-29","SULAWESI TENGGARA",0,2,-2,0,7082,6734,212,136
"2021-03-30","SULAWESI TENGGARA",0,16,-16,0,7082,6750,196,136
"2021-03-31","SULAWESI TENGGARA",0,1,-1,0,7082,6751,195,136
"2021-04-01","SULAWESI TENGGARA",0,3,-3,0,7082,6754,192,136
"2021-04-02","SULAWESI TENGGARA",0,1,-1,0,7082,6755,191,136
"2021-04-03","SULAWESI TENGGARA",0,0,0,0,7082,6755,191,136
"2021-04-04","SULAWESI TENGGARA",8,0,8,0,7090,6755,199,136
"2021-04-05","SULAWESI TENGGARA",0,0,0,0,7090,6755,199,136
"2021-04-06","SULAWESI TENGGARA",10,29,-20,1,7100,6784,179,137
"2021-04-07","SULAWESI TENGGARA",5,0,5,0,7105,6784,184,137
"2021-04-08","SULAWESI TENGGARA",16,4,12,0,7121,6788,196,137
"2021-04-09","SULAWESI TENGGARA",1,4,-3,0,7122,6792,193,137
"2021-04-10","SULAWESI TENGGARA",1,0,1,0,7123,6792,194,137
"2021-04-11","SULAWESI TENGGARA",2,0,2,0,7125,6792,196,137
"2021-04-12","SULAWESI TENGGARA",1,2,-1,0,7126,6794,195,137
"2021-04-13","SULAWESI TENGGARA",2,0,2,0,7128,6794,197,137
"2021-04-14","SULAWESI TENGGARA",2,9,-7,0,7130,6803,190,137
"2021-04-15","SULAWESI TENGGARA",0,0,0,0,7130,6803,190,137
"2021-04-16","SULAWESI TENGGARA",0,8,-8,0,7130,6811,182,137
"2021-04-17","SULAWESI TENGGARA",0,1,-1,0,7130,6812,181,137
"2021-04-18","SULAWESI TENGGARA",0,4,-4,0,7130,6816,177,137
"2021-04-19","SULAWESI TENGGARA",0,4,-4,0,7130,6820,173,137
"2021-04-20","SULAWESI TENGGARA",0,9,-9,0,7130,6829,164,137
"2021-04-21","SULAWESI TENGGARA",0,3,-4,1,7130,6832,160,138
"2021-04-22","SULAWESI TENGGARA",0,13,-13,0,7130,6845,147,138
"2021-04-23","SULAWESI TENGGARA",10,1,9,0,7140,6846,156,138
"2021-04-24","SULAWESI TENGGARA",3,1,2,0,7143,6847,158,138
"2021-04-25","SULAWESI TENGGARA",2,0,2,0,7145,6847,160,138
"2021-04-26","SULAWESI TENGGARA",3,0,3,0,7148,6847,163,138
"2021-04-27","SULAWESI TENGGARA",6,0,6,0,7154,6847,169,138
"2021-04-28","SULAWESI TENGGARA",11,4,7,0,7165,6851,176,138
"2021-04-29","SULAWESI TENGGARA",8,0,8,0,7173,6851,184,138
"2021-04-30","SULAWESI TENGGARA",5,19,-14,0,7178,6870,170,138
"2021-05-01","SULAWESI TENGGARA",7,0,6,1,7185,6870,176,139
"2021-05-02","SULAWESI TENGGARA",0,0,0,0,7185,6870,176,139
"2021-05-03","SULAWESI TENGGARA",0,9,-10,1,7185,6879,166,140
"2021-05-04","SULAWESI TENGGARA",4,0,4,0,7189,6879,170,140
"2021-05-05","SULAWESI TENGGARA",0,12,-12,0,7189,6891,158,140
"2021-05-06","SULAWESI TENGGARA",0,8,-10,2,7189,6899,148,142
"2021-05-07","SULAWESI TENGGARA",0,10,-10,0,7189,6909,138,142
"2021-05-08","SULAWESI TENGGARA",0,1,-1,0,7189,6910,137,142
"2021-05-09","SULAWESI TENGGARA",0,0,0,0,7189,6910,137,142
"2021-05-10","SULAWESI TENGGARA",0,9,-9,0,7189,6919,128,142
"2021-05-11","SULAWESI TENGGARA",0,3,-3,0,7189,6922,125,142
"2021-05-12","SULAWESI TENGGARA",0,5,-5,0,7189,6927,120,142
"2021-05-13","SULAWESI TENGGARA",0,0,0,0,7189,6927,120,142
"2021-05-14","SULAWESI TENGGARA",0,0,0,0,7189,6927,120,142
"2021-05-15","SULAWESI TENGGARA",0,1,-1,0,7189,6928,119,142
"2021-05-16","SULAWESI TENGGARA",0,0,0,0,7189,6928,119,142
"2021-05-17","SULAWESI TENGGARA",1,1,0,0,7190,6929,119,142
"2021-05-18","SULAWESI TENGGARA",1,17,-16,0,7191,6946,103,142
"2021-05-19","SULAWESI TENGGARA",5,0,5,0,7196,6946,108,142
"2021-05-20","SULAWESI TENGGARA",15,0,15,0,7211,6946,123,142
"2021-05-21","SULAWESI TENGGARA",1,1,0,0,7212,6947,123,142
"2021-05-22","SULAWESI TENGGARA",0,4,-4,0,7212,6951,119,142
"2021-05-23","SULAWESI TENGGARA",1,0,1,0,7213,6951,120,142
"2021-05-24","SULAWESI TENGGARA",2,0,2,0,7215,6951,122,142
"2021-05-25","SULAWESI TENGGARA",2,0,2,0,7217,6951,124,142
"2021-05-26","SULAWESI TENGGARA",0,0,0,0,7217,6951,124,142
"2021-05-27","SULAWESI TENGGARA",0,0,0,0,7217,6951,124,142
"2021-05-28","SULAWESI TENGGARA",0,10,-10,0,7217,6961,114,142
"2021-05-29","SULAWESI TENGGARA",0,10,-10,0,7217,6971,104,142
"2021-05-30","SULAWESI TENGGARA",0,0,0,0,7217,6971,104,142
"2021-05-31","SULAWESI TENGGARA",0,1,-1,0,7217,6972,103,142
"2021-06-01","SULAWESI TENGGARA",0,0,0,0,7217,6972,103,142
"2021-06-02","SULAWESI TENGGARA",0,1,-1,0,7217,6973,102,142
"2021-06-03","SULAWESI TENGGARA",2,10,-8,0,7219,6983,94,142
"2021-06-04","SULAWESI TENGGARA",1,1,0,0,7220,6984,94,142
"2021-06-05","SULAWESI TENGGARA",10,2,8,0,7230,6986,102,142
"2021-06-06","SULAWESI TENGGARA",1,0,1,0,7231,6986,103,142
"2021-06-07","SULAWESI TENGGARA",5,1,4,0,7236,6987,107,142
"2021-06-08","SULAWESI TENGGARA",7,0,7,0,7243,6987,114,142
"2021-06-09","SULAWESI TENGGARA",5,0,5,0,7248,6987,119,142
"2021-06-10","SULAWESI TENGGARA",19,1,18,0,7267,6988,137,142
"2021-06-11","SULAWESI TENGGARA",0,0,0,0,7267,6988,137,142
"2021-06-12","SULAWESI TENGGARA",0,0,0,0,7267,6988,137,142
"2021-06-13","SULAWESI TENGGARA",0,0,0,0,7267,6988,137,142
"2021-06-14","SULAWESI TENGGARA",0,0,0,0,7267,6988,137,142
"2021-06-15","SULAWESI TENGGARA",0,0,0,0,7267,6988,137,142
"2021-06-16","SULAWESI TENGGARA",0,2,-2,0,7267,6990,135,142
"2021-06-17","SULAWESI TENGGARA",0,7,-7,0,7267,6997,128,142
"2021-06-18","SULAWESI TENGGARA",0,6,-6,0,7267,7003,122,142
"2021-06-19","SULAWESI TENGGARA",0,4,-4,0,7267,7007,118,142
"2021-06-20","SULAWESI TENGGARA",0,0,0,0,7267,7007,118,142
"2021-06-21","SULAWESI TENGGARA",0,0,0,0,7267,7007,118,142
"2021-06-22","SULAWESI TENGGARA",64,5,59,0,7331,7012,177,142
"2021-06-23","SULAWESI TENGGARA",87,3,84,0,7418,7015,261,142
"2021-06-24","SULAWESI TENGGARA",26,0,25,1,7444,7015,286,143
"2021-06-25","SULAWESI TENGGARA",162,4,157,1,7606,7019,443,144
"2021-06-26","SULAWESI TENGGARA",0,0,-1,1,7606,7019,442,145
"2021-06-27","SULAWESI TENGGARA",0,2,-2,0,7606,7021,440,145
"2021-06-28","SULAWESI TENGGARA",0,0,-1,1,7606,7021,439,146
"2021-06-29","SULAWESI TENGGARA",0,0,-1,1,7606,7021,438,147
"2021-06-30","SULAWESI TENGGARA",0,1,-2,1,7606,7022,436,148
"2021-07-01","SULAWESI TENGGARA",0,11,-11,0,7606,7033,425,148
"2021-07-02","SULAWESI TENGGARA",0,4,-4,0,7606,7037,421,148
"2021-07-03","SULAWESI TENGGARA",0,3,-3,0,7606,7040,418,148
"2021-07-04","SULAWESI TENGGARA",138,27,109,2,7744,7067,527,150
"2021-07-05","SULAWESI TENGGARA",32,4,27,1,7776,7071,554,151
"2021-07-06","SULAWESI TENGGARA",89,0,86,3,7865,7071,640,154
"2021-07-07","SULAWESI TENGGARA",119,6,111,2,7984,7077,751,156
"2021-07-08","SULAWESI TENGGARA",135,5,129,1,8119,7082,880,157
"2021-07-09","SULAWESI TENGGARA",124,2,121,1,8243,7084,1001,158
"2021-07-10","SULAWESI TENGGARA",116,3,108,5,8359,7087,1109,163
"2021-07-11","SULAWESI TENGGARA",237,5,229,3,8596,7092,1338,166
"2021-07-12","SULAWESI TENGGARA",34,108,-75,1,8630,7200,1263,167
"2021-07-13","SULAWESI TENGGARA",51,81,-30,0,8681,7281,1233,167
"2021-07-14","SULAWESI TENGGARA",12,20,-10,2,8693,7301,1223,169
"2021-07-15","SULAWESI TENGGARA",11,3,7,1,8704,7304,1230,170
"2021-07-16","SULAWESI TENGGARA",20,62,-44,2,8724,7366,1186,172
"2021-07-17","SULAWESI TENGGARA",104,65,39,0,8828,7431,1225,172
"2021-07-18","SULAWESI TENGGARA",158,80,74,4,8986,7511,1299,176
"2021-07-19","SULAWESI TENGGARA",122,7,112,3,9108,7518,1411,179
"2021-07-20","SULAWESI TENGGARA",155,14,141,0,9263,7532,1552,179
"2021-07-21","SULAWESI TENGGARA",201,110,89,2,9464,7642,1641,181
"2021-07-22","SULAWESI TENGGARA",131,105,19,7,9595,7747,1660,188
"2021-07-23","SULAWESI TENGGARA",268,103,160,5,9863,7850,1820,193
"2021-07-24","SULAWESI TENGGARA",223,96,120,7,10086,7946,1940,200
"2021-07-25","SULAWESI TENGGARA",303,70,232,1,10389,8016,2172,201
"2021-07-26","SULAWESI TENGGARA",113,77,25,11,10502,8093,2197,212
"2021-07-27","SULAWESI TENGGARA",244,103,137,4,10746,8196,2334,216
"2021-07-28","SULAWESI TENGGARA",224,67,148,9,10970,8263,2482,225
"2021-07-29","SULAWESI TENGGARA",222,36,179,7,11192,8299,2661,232
"2021-07-30","SULAWESI TENGGARA",120,102,13,5,11312,8401,2674,237
"2021-07-31","SULAWESI TENGGARA",159,45,108,6,11471,8446,2782,243
"2021-08-01","SULAWESI TENGGARA",121,137,-24,8,11592,8583,2758,251
"2021-08-02","SULAWESI TENGGARA",134,93,34,7,11726,8676,2792,258
"2021-08-03","SULAWESI TENGGARA",130,94,28,8,11856,8770,2820,266
"2021-08-04","SULAWESI TENGGARA",20,150,-132,2,11876,8920,2688,268
"2021-08-05","SULAWESI TENGGARA",13,171,-161,3,11889,9091,2527,271
"2021-08-06","SULAWESI TENGGARA",20,107,-88,1,11909,9198,2439,272
"2021-08-07","SULAWESI TENGGARA",17,180,-165,2,11926,9378,2274,274
"2021-08-08","SULAWESI TENGGARA",15,49,-36,2,11941,9427,2238,276
"2021-08-09","SULAWESI TENGGARA",40,136,-97,1,11981,9563,2141,277
"2021-08-10","SULAWESI TENGGARA",120,241,-123,2,12101,9804,2018,279
"2021-08-11","SULAWESI TENGGARA",86,169,-87,4,12187,9973,1931,283
"2021-08-12","SULAWESI TENGGARA",88,91,-3,0,12275,10064,1928,283
"2021-08-13","SULAWESI TENGGARA",120,88,29,3,12395,10152,1957,286
"2021-08-14","SULAWESI TENGGARA",95,170,-79,4,12490,10322,1878,290
"2021-08-15","SULAWESI TENGGARA",129,72,53,4,12619,10394,1931,294
"2021-08-16","SULAWESI TENGGARA",80,109,-31,2,12699,10503,1900,296
"2021-08-17","SULAWESI TENGGARA",72,250,-180,2,12771,10753,1720,298
"2021-08-18","SULAWESI TENGGARA",59,59,-4,4,12830,10812,1716,302
"2021-08-19","SULAWESI TENGGARA",146,90,50,6,12976,10902,1766,308
"2021-08-20","SULAWESI TENGGARA",52,56,-9,5,13028,10958,1757,313
"2021-08-21","SULAWESI TENGGARA",48,124,-77,1,13076,11082,1680,314
"2021-08-22","SULAWESI TENGGARA",46,27,18,1,13122,11109,1698,315
"2021-08-23","SULAWESI TENGGARA",51,58,-9,2,13173,11167,1689,317
"2021-08-24","SULAWESI TENGGARA",3,71,-69,1,13176,11238,1620,318
"2021-08-25","SULAWESI TENGGARA",5,122,-120,3,13181,11360,1500,321
"2021-08-26","SULAWESI TENGGARA",8,123,-117,2,13189,11483,1383,323
"2021-08-27","SULAWESI TENGGARA",3,135,-133,1,13192,11618,1250,324
"2021-08-28","SULAWESI TENGGARA",2,58,-57,1,13194,11676,1193,325
"2021-08-29","SULAWESI TENGGARA",5,124,-119,0,13199,11800,1074,325
"2021-08-30","SULAWESI TENGGARA",4,70,-67,1,13203,11870,1007,326
"2021-08-31","SULAWESI TENGGARA",8,100,-92,0,13211,11970,915,326
"2021-09-01","SULAWESI TENGGARA",13,117,-104,0,13224,12087,811,326
"2021-09-02","SULAWESI TENGGARA",24,89,-65,0,13248,12176,746,326
"2021-09-03","SULAWESI TENGGARA",28,169,-144,3,13276,12345,602,329
"2021-09-04","SULAWESI TENGGARA",31,104,-77,4,13307,12449,525,333
"2021-09-05","SULAWESI TENGGARA",3,11,-9,1,13310,12460,516,334
"2021-09-06","SULAWESI TENGGARA",5,54,-50,1,13315,12514,466,335
"2021-09-07","SULAWESI TENGGARA",35,22,10,3,13350,12536,476,338
"2021-09-08","SULAWESI TENGGARA",28,32,-7,3,13378,12568,469,341
"2021-09-09","SULAWESI TENGGARA",11,2,9,0,13389,12570,478,341
"2021-09-10","SULAWESI TENGGARA",21,29,-9,1,13410,12599,469,342
"2021-09-11","SULAWESI TENGGARA",23,2,21,0,13433,12601,490,342
"2021-09-12","SULAWESI TENGGARA",18,8,8,2,13451,12609,498,344
"2021-09-13","SULAWESI TENGGARA",9,11,-2,0,13460,12620,496,344
"2021-09-14","SULAWESI TENGGARA",7,18,-11,0,13467,12638,485,344
"2021-09-15","SULAWESI TENGGARA",10,22,-12,0,13477,12660,473,344
"2021-09-16","SULAWESI TENGGARA",4,6,-2,0,13481,12666,471,344
"2021-09-17","SULAWESI TENGGARA",13,9,2,2,13494,12675,473,346
"2021-09-18","SULAWESI TENGGARA",10,10,-1,1,13504,12685,472,347
"2021-09-19","SULAWESI TENGGARA",5,37,-33,1,13509,12722,439,348
"2021-09-20","SULAWESI TENGGARA",2,21,-19,0,13511,12743,420,348
"2021-09-21","SULAWESI TENGGARA",5,49,-44,0,13516,12792,376,348
"2021-09-22","SULAWESI TENGGARA",9,30,-24,3,13525,12822,352,351
"2021-09-23","SULAWESI TENGGARA",3,22,-19,0,13528,12844,333,351
"2021-09-24","SULAWESI TENGGARA",1,17,-16,0,13529,12861,317,351
"2021-09-25","SULAWESI TENGGARA",8,17,-9,0,13537,12878,308,351
"2021-09-26","SULAWESI TENGGARA",0,0,0,0,13537,12878,308,351
"2021-09-27","SULAWESI TENGGARA",0,24,-25,1,13537,12902,283,352
"2021-09-28","SULAWESI TENGGARA",1,71,-70,0,13538,12973,213,352
"2021-09-29","SULAWESI TENGGARA",2,12,-11,1,13540,12985,202,353
"2021-09-30","SULAWESI TENGGARA",4,37,-33,0,13544,13022,169,353
"2021-10-01","SULAWESI TENGGARA",3,19,-16,0,13547,13041,153,353
"2021-10-02","SULAWESI TENGGARA",1,2,-1,0,13548,13043,152,353
"2021-10-03","SULAWESI TENGGARA",7,0,7,0,13555,13043,159,353
"2021-10-04","SULAWESI TENGGARA",4,17,-13,0,13559,13060,146,353
"2021-10-05","SULAWESI TENGGARA",3,18,-15,0,13562,13078,131,353
"2021-10-06","SULAWESI TENGGARA",3,5,-2,0,13565,13083,129,353
"2021-10-07","SULAWESI TENGGARA",6,9,-4,1,13571,13092,125,354
"2021-10-08","SULAWESI TENGGARA",1,14,-13,0,13572,13106,112,354
"2021-10-09","SULAWESI TENGGARA",0,0,0,0,13572,13106,112,354
"2021-10-10","SULAWESI TENGGARA",2,8,-6,0,13574,13114,106,354
"2021-10-11","SULAWESI TENGGARA",2,13,-11,0,13576,13127,95,354
"2021-10-12","SULAWESI TENGGARA",3,19,-16,0,13579,13146,79,354
"2021-10-13","SULAWESI TENGGARA",3,6,-3,0,13582,13152,76,354
"2021-10-14","SULAWESI TENGGARA",1,9,-8,0,13583,13161,68,354
"2021-10-15","SULAWESI TENGGARA",1,1,-1,1,13584,13162,67,355
"2021-10-16","SULAWESI TENGGARA",6,1,5,0,13590,13163,72,355
"2021-10-17","SULAWESI TENGGARA",1,1,0,0,13591,13164,72,355
"2021-10-18","SULAWESI TENGGARA",26,10,16,0,13617,13174,88,355
"2021-10-19","SULAWESI TENGGARA",4,25,-21,0,13621,13199,67,355
"2021-10-20","SULAWESI TENGGARA",0,3,-3,0,13621,13202,64,355
"2021-10-21","SULAWESI TENGGARA",1,3,-3,1,13622,13205,61,356
"2021-10-22","SULAWESI TENGGARA",0,4,-4,0,13622,13209,57,356
"2021-10-23","SULAWESI TENGGARA",5,2,3,0,13627,13211,60,356
"2021-10-24","SULAWESI TENGGARA",0,2,-2,0,13627,13213,58,356
"2021-10-25","SULAWESI TENGGARA",1,2,-1,0,13628,13215,57,356
"2021-10-26","SULAWESI TENGGARA",1,1,0,0,13629,13216,57,356
"2021-10-27","SULAWESI TENGGARA",0,2,-3,1,13629,13218,54,357
"2021-10-28","SULAWESI TENGGARA",2,0,2,0,13631,13218,56,357
"2021-10-29","SULAWESI TENGGARA",1,2,-1,0,13632,13220,55,357
"2021-10-30","SULAWESI TENGGARA",1,0,1,0,13633,13220,56,357
"2021-10-31","SULAWESI TENGGARA",1,0,1,0,13634,13220,57,357
"2021-11-01","SULAWESI TENGGARA",0,10,-10,0,13634,13230,47,357
"2021-11-02","SULAWESI TENGGARA",2,5,-3,0,13636,13235,44,357
"2021-11-03","SULAWESI TENGGARA",1,2,-1,0,13637,13237,43,357
"2021-11-04","SULAWESI TENGGARA",9,0,9,0,13646,13237,52,357
"2021-11-05","SULAWESI TENGGARA",0,12,-12,0,13646,13249,40,357
"2021-11-06","SULAWESI TENGGARA",0,6,-6,0,13646,13255,34,357
"2021-11-07","SULAWESI TENGGARA",2,0,2,0,13648,13255,36,357
"2021-11-08","SULAWESI TENGGARA",0,1,-1,0,13648,13256,35,357
"2021-11-09","SULAWESI TENGGARA",1,0,1,0,13649,13256,36,357
"2021-11-10","SULAWESI TENGGARA",0,1,-1,0,13649,13257,35,357
"2021-11-11","SULAWESI TENGGARA",2,0,2,0,13651,13257,37,357
"2021-11-12","SULAWESI TENGGARA",0,0,0,0,13651,13257,37,357
"2021-11-13","SULAWESI TENGGARA",1,1,0,0,13652,13258,37,357
"2021-11-14","SULAWESI TENGGARA",0,2,-2,0,13652,13260,35,357
"2021-11-15","SULAWESI TENGGARA",3,0,3,0,13655,13260,38,357
"2021-11-16","SULAWESI TENGGARA",0,0,0,0,13655,13260,38,357
"2021-11-17","SULAWESI TENGGARA",0,0,0,0,13655,13260,38,357
"2021-11-18","SULAWESI TENGGARA",2,6,-4,0,13657,13266,34,357
"2021-11-19","SULAWESI TENGGARA",3,1,2,0,13660,13267,36,357
"2021-11-20","SULAWESI TENGGARA",0,0,0,0,13660,13267,36,357
"2021-11-21","SULAWESI TENGGARA",1,0,1,0,13661,13267,37,357
"2021-11-22","SULAWESI TENGGARA",0,0,0,0,13661,13267,37,357
"2021-11-23","SULAWESI TENGGARA",3,0,3,0,13664,13267,40,357
"2021-11-24","SULAWESI TENGGARA",1,0,1,0,13665,13267,41,357
"2021-11-25","SULAWESI TENGGARA",1,1,0,0,13666,13268,41,357
"2021-11-26","SULAWESI TENGGARA",0,2,-2,0,13666,13270,39,357
"2021-11-27","SULAWESI TENGGARA",0,0,0,0,13666,13270,39,357
"2021-11-28","SULAWESI TENGGARA",0,0,0,0,13666,13270,39,357
"2021-11-29","SULAWESI TENGGARA",0,0,0,0,13666,13270,39,357
"2021-11-30","SULAWESI TENGGARA",0,1,-1,0,13666,13271,38,357
"2021-12-01","SULAWESI TENGGARA",0,1,-1,0,13666,13272,37,357
"2021-12-02","SULAWESI TENGGARA",3,0,3,0,13669,13272,40,357
"2021-12-03","SULAWESI TENGGARA",0,2,-2,0,13669,13274,38,357
"2021-12-04","SULAWESI TENGGARA",0,0,0,0,13669,13274,38,357
"2021-12-05","SULAWESI TENGGARA",0,2,-2,0,13669,13276,36,357
"2021-12-06","SULAWESI TENGGARA",0,0,0,0,13669,13276,36,357
"2021-12-07","SULAWESI TENGGARA",2,0,2,0,13671,13276,38,357
"2021-12-08","SULAWESI TENGGARA",0,0,0,0,13671,13276,38,357
"2021-12-09","SULAWESI TENGGARA",0,0,0,0,13671,13276,38,357
"2021-12-10","SULAWESI TENGGARA",0,9,-9,0,13671,13285,29,357
"2021-12-11","SULAWESI TENGGARA",4,1,3,0,13675,13286,32,357
"2021-12-12","SULAWESI TENGGARA",0,1,-1,0,13675,13287,31,357
"2021-12-13","SULAWESI TENGGARA",0,2,-2,0,13675,13289,29,357
"2021-12-14","SULAWESI TENGGARA",0,0,0,0,13675,13289,29,357
"2021-12-15","SULAWESI TENGGARA",0,0,0,0,13675,13289,29,357
"2021-12-16","SULAWESI TENGGARA",0,1,-1,0,13675,13290,28,357
"2021-12-17","SULAWESI TENGGARA",1,0,1,0,13676,13290,29,357
"2021-12-18","SULAWESI TENGGARA",0,0,0,0,13676,13290,29,357
"2021-12-19","SULAWESI TENGGARA",0,0,0,0,13676,13290,29,357
"2021-12-20","SULAWESI TENGGARA",0,0,0,0,13676,13290,29,357
"2021-12-21","SULAWESI TENGGARA",0,0,0,0,13676,13290,29,357
"2021-12-22","SULAWESI TENGGARA",0,0,0,0,13676,13290,29,357
"2021-12-23","SULAWESI TENGGARA",0,0,0,0,13676,13290,29,357
"2021-12-24","SULAWESI TENGGARA",0,0,0,0,13676,13290,29,357
"2021-12-25","SULAWESI TENGGARA",0,23,-23,0,13676,13313,6,357
"2021-12-26","SULAWESI TENGGARA",0,0,0,0,13676,13313,6,357
"2021-12-27","SULAWESI TENGGARA",0,1,-1,0,13676,13314,5,357
"2021-12-28","SULAWESI TENGGARA",4,3,1,0,13680,13317,6,357
"2021-12-29","SULAWESI TENGGARA",1,0,0,1,13681,13317,6,358
"2021-12-30","SULAWESI TENGGARA",0,0,0,0,13681,13317,6,358
"2021-12-31","SULAWESI TENGGARA",1,0,1,0,13682,13317,7,358
"2022-01-01","SULAWESI TENGGARA",0,0,0,0,13682,13317,7,358
"2022-01-02","SULAWESI TENGGARA",0,0,0,0,13682,13317,7,358
"2022-01-03","SULAWESI TENGGARA",0,0,0,0,13682,13317,7,358
"2022-01-04","SULAWESI TENGGARA",0,0,0,0,13682,13317,7,358
"2022-01-05","SULAWESI TENGGARA",0,0,0,0,13682,13317,7,358
"2022-01-06","SULAWESI TENGGARA",0,0,0,0,13682,13317,7,358
"2022-01-07","SULAWESI TENGGARA",0,0,0,0,13682,13317,7,358
"2022-01-08","SULAWESI TENGGARA",0,2,-2,0,13682,13319,5,358
"2022-01-09","SULAWESI TENGGARA",0,0,0,0,13682,13319,5,358
"2022-01-10","SULAWESI TENGGARA",0,0,0,0,13682,13319,5,358
"2022-01-11","SULAWESI TENGGARA",0,1,-1,0,13682,13320,4,358
"2022-01-12","SULAWESI TENGGARA",1,1,-1,1,13683,13321,3,359
"2022-01-13","SULAWESI TENGGARA",0,0,0,0,13683,13321,3,359
"2022-01-14","SULAWESI TENGGARA",0,0,0,0,13683,13321,3,359
"2022-01-15","SULAWESI TENGGARA",0,0,0,0,13683,13321,3,359
"2022-01-16","SULAWESI TENGGARA",0,0,0,0,13683,13321,3,359
"2022-01-17","SULAWESI TENGGARA",0,0,0,0,13683,13321,3,359
"2022-01-18","SULAWESI TENGGARA",0,0,0,0,13683,13321,3,359
"2022-01-19","SULAWESI TENGGARA",0,1,-1,0,13683,13322,2,359
"2022-01-20","SULAWESI TENGGARA",0,0,0,0,13683,13322,2,359
"2022-01-21","SULAWESI TENGGARA",0,0,0,0,13683,13322,2,359
"2022-01-22","SULAWESI TENGGARA",0,1,-1,0,13683,13323,1,359
"2022-01-23","SULAWESI TENGGARA",1,0,1,0,13684,13323,2,359
"2022-01-24","SULAWESI TENGGARA",2,0,2,0,13686,13323,4,359
"2022-01-25","SULAWESI TENGGARA",0,0,0,0,13686,13323,4,359
"2022-01-26","SULAWESI TENGGARA",2,0,2,0,13688,13323,6,359
"2022-01-27","SULAWESI TENGGARA",1,0,1,0,13689,13323,7,359
"2022-01-28","SULAWESI TENGGARA",1,0,1,0,13690,13323,8,359
"2022-01-29","SULAWESI TENGGARA",1,0,1,0,13691,13323,9,359
"2022-01-30","SULAWESI TENGGARA",0,0,0,0,13691,13323,9,359
"2022-01-31","SULAWESI TENGGARA",4,0,4,0,13695,13323,13,359
"2022-02-01","SULAWESI TENGGARA",8,0,8,0,13703,13323,21,359
"2022-02-02","SULAWESI TENGGARA",10,1,9,0,13713,13324,30,359
"2022-02-03","SULAWESI TENGGARA",18,2,16,0,13731,13326,46,359
"2022-02-04","SULAWESI TENGGARA",22,0,22,0,13753,13326,68,359
"2022-02-05","SULAWESI TENGGARA",36,0,36,0,13789,13326,104,359
"2022-02-06","SULAWESI TENGGARA",61,0,61,0,13850,13326,165,359
"2022-02-07","SULAWESI TENGGARA",8,3,5,0,13858,13329,170,359
"2022-02-08","SULAWESI TENGGARA",84,0,83,1,13942,13329,253,360
"2022-02-09","SULAWESI TENGGARA",83,1,81,1,14025,13330,334,361
"2022-02-10","SULAWESI TENGGARA",116,6,110,0,14141,13336,444,361
"2022-02-11","SULAWESI TENGGARA",133,3,130,0,14274,13339,574,361
"2022-02-12","SULAWESI TENGGARA",195,8,185,2,14469,13347,759,363
"2022-02-13","SULAWESI TENGGARA",149,16,133,0,14618,13363,892,363
"2022-02-14","SULAWESI TENGGARA",118,16,102,0,14736,13379,994,363
"2022-02-15","SULAWESI TENGGARA",389,42,346,1,15125,13421,1340,364
"2022-02-16","SULAWESI TENGGARA",336,67,269,0,15461,13488,1609,364
"2022-02-17","SULAWESI TENGGARA",313,45,268,0,15774,13533,1877,364
"2022-02-18","SULAWESI TENGGARA",214,82,131,1,15988,13615,2008,365
"2022-02-19","SULAWESI TENGGARA",308,86,221,1,16296,13701,2229,366
"2022-02-20","SULAWESI TENGGARA",267,107,159,1,16563,13808,2388,367
"2022-02-21","SULAWESI TENGGARA",171,155,16,0,16734,13963,2404,367
"2022-02-22","SULAWESI TENGGARA",320,139,181,0,17054,14102,2585,367
"2022-02-23","SULAWESI TENGGARA",328,124,202,2,17382,14226,2787,369
"2022-02-24","SULAWESI TENGGARA",231,297,-70,4,17613,14523,2717,373
"2022-02-25","SULAWESI TENGGARA",190,217,-28,1,17803,14740,2689,374
"2022-02-26","SULAWESI TENGGARA",105,316,-211,0,17908,15056,2478,374
"2022-02-27","SULAWESI TENGGARA",130,178,-49,1,18038,15234,2429,375
"2022-02-28","SULAWESI TENGGARA",67,176,-110,1,18105,15410,2319,376
"2022-03-01","SULAWESI TENGGARA",61,356,-298,3,18166,15766,2021,379
"2022-03-02","SULAWESI TENGGARA",112,230,-118,0,18278,15996,1903,379
"2022-03-03","SULAWESI TENGGARA",85,224,-143,4,18363,16220,1760,383
"2022-03-04","SULAWESI TENGGARA",47,255,-208,0,18410,16475,1552,383
"2022-03-05","SULAWESI TENGGARA",74,247,-173,0,18484,16722,1379,383
"2022-03-06","SULAWESI TENGGARA",42,80,-38,0,18526,16802,1341,383
"2022-03-07","SULAWESI TENGGARA",81,293,-212,0,18607,17095,1129,383
"2022-03-08","SULAWESI TENGGARA",2,31,-29,0,18609,17126,1100,383
"2020-08-06","GORONTALO",4,0,4,0,4,0,4,0
"2020-08-07","GORONTALO",38,0,38,0,42,0,42,0
"2020-08-08","GORONTALO",80,0,80,0,122,0,122,0
"2020-08-09","GORONTALO",7,0,6,1,129,0,128,1
"2020-08-10","GORONTALO",58,0,57,1,187,0,185,2
"2020-08-11","GORONTALO",3,0,3,0,190,0,188,2
"2020-08-12","GORONTALO",47,0,46,1,237,0,234,3
"2020-08-13","GORONTALO",8,0,8,0,245,0,242,3
"2020-08-14","GORONTALO",3,7,-5,1,248,7,237,4
"2020-08-15","GORONTALO",40,7,32,1,288,14,269,5
"2020-08-16","GORONTALO",6,13,-7,0,294,27,262,5
"2020-08-17","GORONTALO",67,3,62,2,361,30,324,7
"2020-08-18","GORONTALO",33,40,-7,0,394,70,317,7
"2020-08-19","GORONTALO",54,32,22,0,448,102,339,7
"2020-08-20","GORONTALO",0,23,-23,0,448,125,316,7
"2020-08-21","GORONTALO",12,27,-17,2,460,152,299,9
"2020-08-22","GORONTALO",0,27,-27,0,460,179,272,9
"2020-08-23","GORONTALO",72,5,66,1,532,184,338,10
"2020-08-24","GORONTALO",0,35,-36,1,532,219,302,11
"2020-08-25","GORONTALO",11,0,11,0,543,219,313,11
"2020-08-26","GORONTALO",0,27,-27,0,543,246,286,11
"2020-08-27","GORONTALO",53,8,45,0,596,254,331,11
"2020-08-28","GORONTALO",12,118,-107,1,608,372,224,12
"2020-08-29","GORONTALO",6,13,-9,2,614,385,215,14
"2020-08-30","GORONTALO",0,5,-5,0,614,390,210,14
"2020-08-31","GORONTALO",0,16,-17,1,614,406,193,15
"2020-09-01","GORONTALO",34,27,7,0,648,433,200,15
"2020-09-02","GORONTALO",15,17,-2,0,663,450,198,15
"2020-09-03","GORONTALO",61,16,44,1,724,466,242,16
"2020-09-04","GORONTALO",9,6,3,0,733,472,245,16
"2020-09-05","GORONTALO",22,20,-2,4,755,492,243,20
"2020-09-06","GORONTALO",4,4,0,0,759,496,243,20
"2020-09-07","GORONTALO",15,26,-11,0,774,522,232,20
"2020-09-08","GORONTALO",24,11,12,1,798,533,244,21
"2020-09-09","GORONTALO",16,7,9,0,814,540,253,21
"2020-09-10","GORONTALO",28,28,-1,1,842,568,252,22
"2020-09-11","GORONTALO",2,8,-7,1,844,576,245,23
"2020-09-12","GORONTALO",11,8,3,0,855,584,248,23
"2020-09-13","GORONTALO",32,4,26,2,887,588,274,25
"2020-09-14","GORONTALO",0,48,-50,2,887,636,224,27
"2020-09-15","GORONTALO",16,39,-23,0,903,675,201,27
"2020-09-16","GORONTALO",6,23,-17,0,909,698,184,27
"2020-09-17","GORONTALO",5,11,-6,0,914,709,178,27
"2020-09-18","GORONTALO",12,17,-7,2,926,726,171,29
"2020-09-19","GORONTALO",22,12,10,0,948,738,181,29
"2020-09-20","GORONTALO",60,3,57,0,1008,741,238,29
"2020-09-21","GORONTALO",2,20,-18,0,1010,761,220,29
"2020-09-22","GORONTALO",4,11,-9,2,1014,772,211,31
"2020-09-23","GORONTALO",48,15,31,2,1062,787,242,33
"2020-09-24","GORONTALO",0,21,-21,0,1062,808,221,33
"2020-09-25","GORONTALO",45,9,34,2,1107,817,255,35
"2020-09-26","GORONTALO",5,6,-1,0,1112,823,254,35
"2020-09-27","GORONTALO",33,12,21,0,1145,835,275,35
"2020-09-28","GORONTALO",87,10,77,0,1232,845,352,35
"2020-09-29","GORONTALO",12,16,-4,0,1244,861,348,35
"2020-09-30","GORONTALO",82,20,61,1,1326,881,409,36
"2020-10-01","GORONTALO",6,35,-29,0,1332,916,380,36
"2020-10-02","GORONTALO",16,21,-5,0,1348,937,375,36
"2020-10-03","GORONTALO",0,9,-9,0,1348,946,366,36
"2020-10-04","GORONTALO",0,31,-31,0,1348,977,335,36
"2020-10-05","GORONTALO",23,33,-11,1,1371,1010,324,37
"2020-10-06","GORONTALO",0,27,-27,0,1371,1037,297,37
"2020-10-07","GORONTALO",83,24,59,0,1454,1061,356,37
"2020-10-08","GORONTALO",9,0,8,1,1463,1061,364,38
"2020-10-09","GORONTALO",2,106,-104,0,1465,1167,260,38
"2020-10-10","GORONTALO",7,25,-18,0,1472,1192,242,38
"2020-10-11","GORONTALO",7,25,-18,0,1479,1217,224,38
"2020-10-12","GORONTALO",2,42,-40,0,1481,1259,184,38
"2020-10-13","GORONTALO",0,21,-21,0,1481,1280,163,38
"2020-10-14","GORONTALO",10,14,-4,0,1491,1294,159,38
"2020-10-15","GORONTALO",1,43,-43,1,1492,1337,116,39
"2020-10-16","GORONTALO",4,0,4,0,1496,1337,120,39
"2020-10-17","GORONTALO",0,16,-16,0,1496,1353,104,39
"2020-10-18","GORONTALO",3,0,3,0,1499,1353,107,39
"2020-10-19","GORONTALO",2,22,-20,0,1501,1375,87,39
"2020-10-20","GORONTALO",0,1,-2,1,1501,1376,85,40
"2020-10-21","GORONTALO",3,4,-2,1,1504,1380,83,41
"2020-10-22","GORONTALO",3,13,-10,0,1507,1393,73,41
"2020-10-23","GORONTALO",0,0,0,0,1507,1393,73,41
"2020-10-24","GORONTALO",0,2,-2,0,1507,1395,71,41
"2020-10-25","GORONTALO",19,18,-3,4,1526,1413,68,45
"2020-10-26","GORONTALO",2,3,-1,0,1528,1416,67,45
"2020-10-27","GORONTALO",2,1,1,0,1530,1417,68,45
"2020-10-28","GORONTALO",2,0,2,0,1532,1417,70,45
"2020-10-29","GORONTALO",0,5,-5,0,1532,1422,65,45
"2020-10-30","GORONTALO",10,0,10,0,1542,1422,75,45
"2020-10-31","GORONTALO",0,4,-4,0,1542,1426,71,45
"2020-11-01","GORONTALO",4,1,3,0,1546,1427,74,45
"2020-11-02","GORONTALO",0,5,-5,0,1546,1432,69,45
"2020-11-03","GORONTALO",10,2,7,1,1556,1434,76,46
"2020-11-04","GORONTALO",0,5,-5,0,1556,1439,71,46
"2020-11-05","GORONTALO",0,0,0,0,1556,1439,71,46
"2020-11-06","GORONTALO",1,5,-4,0,1557,1444,67,46
"2020-11-07","GORONTALO",5,0,5,0,1562,1444,72,46
"2020-11-08","GORONTALO",8,1,7,0,1570,1445,79,46
"2020-11-09","GORONTALO",4,1,3,0,1574,1446,82,46
"2020-11-10","GORONTALO",0,3,-3,0,1574,1449,79,46
"2020-11-11","GORONTALO",0,0,0,0,1574,1449,79,46
"2020-11-12","GORONTALO",5,14,-9,0,1579,1463,70,46
"2020-11-13","GORONTALO",0,1,-1,0,1579,1464,69,46
"2020-11-14","GORONTALO",0,1,-3,2,1579,1465,66,48
"2020-11-15","GORONTALO",0,1,-1,0,1579,1466,65,48
"2020-11-16","GORONTALO",0,4,-5,1,1579,1470,60,49
"2020-11-17","GORONTALO",0,7,-7,0,1579,1477,53,49
"2020-11-18","GORONTALO",3,0,3,0,1582,1477,56,49
"2020-11-19","GORONTALO",0,0,0,0,1582,1477,56,49
"2020-11-20","GORONTALO",0,0,0,0,1582,1477,56,49
"2020-11-21","GORONTALO",0,2,-2,0,1582,1479,54,49
"2020-11-22","GORONTALO",5,0,5,0,1587,1479,59,49
"2020-11-23","GORONTALO",1,46,-45,0,1588,1525,14,49
"2020-11-24","GORONTALO",2,0,2,0,1590,1525,16,49
"2020-11-25","GORONTALO",0,0,0,0,1590,1525,16,49
"2020-11-26","GORONTALO",8,0,8,0,1598,1525,24,49
"2020-11-27","GORONTALO",0,0,0,0,1598,1525,24,49
"2020-11-28","GORONTALO",18,7,11,0,1616,1532,35,49
"2020-11-29","GORONTALO",19,1,17,1,1635,1533,52,50
"2020-11-30","GORONTALO",0,3,-3,0,1635,1536,49,50
"2020-12-01","GORONTALO",0,0,0,0,1635,1536,49,50
"2020-12-02","GORONTALO",0,0,0,0,1635,1536,49,50
"2020-12-03","GORONTALO",0,3,-3,0,1635,1539,46,50
"2020-12-04","GORONTALO",15,7,8,0,1650,1546,54,50
"2020-12-05","GORONTALO",0,20,-20,0,1650,1566,34,50
"2020-12-06","GORONTALO",91,1,90,0,1741,1567,124,50
"2020-12-07","GORONTALO",0,7,-7,0,1741,1574,117,50
"2020-12-08","GORONTALO",3,0,3,0,1744,1574,120,50
"2020-12-09","GORONTALO",24,58,-34,0,1768,1632,86,50
"2020-12-10","GORONTALO",0,9,-9,0,1768,1641,77,50
"2020-12-11","GORONTALO",5,9,-4,0,1773,1650,73,50
"2020-12-12","GORONTALO",11,6,5,0,1784,1656,78,50
"2020-12-13","GORONTALO",0,5,-5,0,1784,1661,73,50
"2020-12-14","GORONTALO",15,6,9,0,1799,1667,82,50
"2020-12-15","GORONTALO",1,2,-1,0,1800,1669,81,50
"2020-12-16","GORONTALO",0,6,-6,0,1800,1675,75,50
"2020-12-17","GORONTALO",0,26,-26,0,1800,1701,49,50
"2020-12-18","GORONTALO",0,0,0,0,1800,1701,49,50
"2020-12-19","GORONTALO",0,1,-1,0,1800,1702,48,50
"2020-12-20","GORONTALO",0,4,-4,0,1800,1706,44,50
"2020-12-21","GORONTALO",0,3,-3,0,1800,1709,41,50
"2020-12-22","GORONTALO",0,3,-3,0,1800,1712,38,50
"2020-12-23","GORONTALO",0,0,0,0,1800,1712,38,50
"2020-12-24","GORONTALO",30,5,23,2,1830,1717,61,52
"2020-12-25","GORONTALO",64,0,64,0,1894,1717,125,52
"2020-12-26","GORONTALO",44,0,44,0,1938,1717,169,52
"2020-12-27","GORONTALO",0,6,-6,0,1938,1723,163,52
"2020-12-28","GORONTALO",73,0,73,0,2011,1723,236,52
"2020-12-29","GORONTALO",12,6,6,0,2023,1729,242,52
"2020-12-30","GORONTALO",7,6,1,0,2030,1735,243,52
"2020-12-31","GORONTALO",146,17,126,3,2176,1752,369,55
"2021-01-01","GORONTALO",25,10,15,0,2201,1762,384,55
"2021-01-02","GORONTALO",0,29,-29,0,2201,1791,355,55
"2021-01-03","GORONTALO",0,24,-24,0,2201,1815,331,55
"2021-01-04","GORONTALO",0,11,-11,0,2201,1826,320,55
"2021-01-05","GORONTALO",0,29,-29,0,2201,1855,291,55
"2021-01-06","GORONTALO",0,21,-21,0,2201,1876,270,55
"2021-01-07","GORONTALO",0,62,-62,0,2201,1938,208,55
"2021-01-08","GORONTALO",0,30,-30,0,2201,1968,178,55
"2021-01-09","GORONTALO",0,4,-4,0,2201,1972,174,55
"2021-01-10","GORONTALO",0,44,-44,0,2201,2016,130,55
"2021-01-11","GORONTALO",0,11,-11,0,2201,2027,119,55
"2021-01-12","GORONTALO",0,6,-6,0,2201,2033,113,55
"2021-01-13","GORONTALO",0,16,-16,0,2201,2049,97,55
"2021-01-14","GORONTALO",43,14,29,0,2244,2063,126,55
"2021-01-15","GORONTALO",3,4,-1,0,2247,2067,125,55
"2021-01-16","GORONTALO",8,0,8,0,2255,2067,133,55
"2021-01-17","GORONTALO",9,0,9,0,2264,2067,142,55
"2021-01-18","GORONTALO",6,58,-53,1,2270,2125,89,56
"2021-01-19","GORONTALO",0,7,-7,0,2270,2132,82,56
"2021-01-20","GORONTALO",0,2,-2,0,2270,2134,80,56
"2021-01-21","GORONTALO",0,2,-2,0,2270,2136,78,56
"2021-01-22","GORONTALO",0,7,-7,0,2270,2143,71,56
"2021-01-23","GORONTALO",0,0,0,0,2270,2143,71,56
"2021-01-24","GORONTALO",0,0,0,0,2270,2143,71,56
"2021-01-25","GORONTALO",0,23,-23,0,2270,2166,48,56
"2021-01-26","GORONTALO",0,5,-5,0,2270,2171,43,56
"2021-01-27","GORONTALO",0,4,-4,0,2270,2175,39,56
"2021-01-28","GORONTALO",0,3,-3,0,2270,2178,36,56
"2021-01-29","GORONTALO",0,7,-7,0,2270,2185,29,56
"2021-01-30","GORONTALO",0,5,-5,0,2270,2190,24,56
"2021-01-31","GORONTALO",0,0,0,0,2270,2190,24,56
"2021-02-01","GORONTALO",0,4,-4,0,2270,2194,20,56
"2021-02-02","GORONTALO",59,2,57,0,2329,2196,77,56
"2021-02-03","GORONTALO",30,0,30,0,2359,2196,107,56
"2021-02-04","GORONTALO",23,1,22,0,2382,2197,129,56
"2021-02-05","GORONTALO",14,0,14,0,2396,2197,143,56
"2021-02-06","GORONTALO",11,1,10,0,2407,2198,153,56
"2021-02-07","GORONTALO",22,0,21,1,2429,2198,174,57
"2021-02-08","GORONTALO",0,2,-2,0,2429,2200,172,57
"2021-02-09","GORONTALO",0,6,-6,0,2429,2206,166,57
"2021-02-10","GORONTALO",0,9,-9,0,2429,2215,157,57
"2021-02-11","GORONTALO",0,45,-45,0,2429,2260,112,57
"2021-02-12","GORONTALO",0,7,-7,0,2429,2267,105,57
"2021-02-13","GORONTALO",0,14,-14,0,2429,2281,91,57
"2021-02-14","GORONTALO",0,5,-5,0,2429,2286,86,57
"2021-02-15","GORONTALO",0,4,-5,1,2429,2290,81,58
"2021-02-16","GORONTALO",0,3,-3,0,2429,2293,78,58
"2021-02-17","GORONTALO",0,3,-3,0,2429,2296,75,58
"2021-02-18","GORONTALO",0,5,-6,1,2429,2301,69,59
"2021-02-19","GORONTALO",0,3,-3,0,2429,2304,66,59
"2021-02-20","GORONTALO",0,7,-7,0,2429,2311,59,59
"2021-02-21","GORONTALO",0,3,-3,0,2429,2314,56,59
"2021-02-22","GORONTALO",2,0,2,0,2431,2314,58,59
"2021-02-23","GORONTALO",10,0,10,0,2441,2314,68,59
"2021-02-24","GORONTALO",2,0,2,0,2443,2314,70,59
"2021-02-25","GORONTALO",22,5,15,2,2465,2319,85,61
"2021-02-26","GORONTALO",19,0,19,0,2484,2319,104,61
"2021-02-27","GORONTALO",2,4,-3,1,2486,2323,101,62
"2021-02-28","GORONTALO",18,3,15,0,2504,2326,116,62
"2021-03-01","GORONTALO",4,3,0,1,2508,2329,116,63
"2021-03-02","GORONTALO",0,1,-1,0,2508,2330,115,63
"2021-03-03","GORONTALO",0,4,-4,0,2508,2334,111,63
"2021-03-04","GORONTALO",0,4,-4,0,2508,2338,107,63
"2021-03-05","GORONTALO",0,7,-7,0,2508,2345,100,63
"2021-03-06","GORONTALO",0,4,-5,1,2508,2349,95,64
"2021-03-07","GORONTALO",0,0,-1,1,2508,2349,94,65
"2021-03-08","GORONTALO",0,3,-3,0,2508,2352,91,65
"2021-03-09","GORONTALO",0,14,-14,0,2508,2366,77,65
"2021-03-10","GORONTALO",0,2,-2,0,2508,2368,75,65
"2021-03-11","GORONTALO",0,2,-2,0,2508,2370,73,65
"2021-03-12","GORONTALO",0,10,-10,0,2508,2380,63,65
"2021-03-13","GORONTALO",0,11,-11,0,2508,2391,52,65
"2021-03-14","GORONTALO",7,1,6,0,2515,2392,58,65
"2021-03-15","GORONTALO",3,3,0,0,2518,2395,58,65
"2021-03-16","GORONTALO",3,1,2,0,2521,2396,60,65
"2021-03-17","GORONTALO",16,2,14,0,2537,2398,74,65
"2021-03-18","GORONTALO",34,39,-5,0,2571,2437,69,65
"2021-03-19","GORONTALO",3,0,3,0,2574,2437,72,65
"2021-03-20","GORONTALO",17,0,17,0,2591,2437,89,65
"2021-03-21","GORONTALO",2,0,1,1,2593,2437,90,66
"2021-03-22","GORONTALO",2,2,0,0,2595,2439,90,66
"2021-03-23","GORONTALO",34,8,26,0,2629,2447,116,66
"2021-03-24","GORONTALO",0,0,-2,2,2629,2447,114,68
"2021-03-25","GORONTALO",0,7,-7,0,2629,2454,107,68
"2021-03-26","GORONTALO",0,11,-11,0,2629,2465,96,68
"2021-03-27","GORONTALO",0,5,-6,1,2629,2470,90,69
"2021-03-28","GORONTALO",0,0,0,0,2629,2470,90,69
"2021-03-29","GORONTALO",0,10,-10,0,2629,2480,80,69
"2021-03-30","GORONTALO",0,23,-23,0,2629,2503,57,69
"2021-03-31","GORONTALO",0,9,-9,0,2629,2512,48,69
"2021-04-01","GORONTALO",0,1,-1,0,2629,2513,47,69
"2021-04-02","GORONTALO",0,1,-1,0,2629,2514,46,69
"2021-04-03","GORONTALO",19,2,17,0,2648,2516,63,69
"2021-04-04","GORONTALO",11,1,10,0,2659,2517,73,69
"2021-04-05","GORONTALO",0,6,-7,1,2659,2523,66,70
"2021-04-06","GORONTALO",7,3,4,0,2666,2526,70,70
"2021-04-07","GORONTALO",16,3,13,0,2682,2529,83,70
"2021-04-08","GORONTALO",0,0,0,0,2682,2529,83,70
"2021-04-09","GORONTALO",15,2,13,0,2697,2531,96,70
"2021-04-10","GORONTALO",7,0,7,0,2704,2531,103,70
"2021-04-11","GORONTALO",10,0,10,0,2714,2531,113,70
"2021-04-12","GORONTALO",1,3,-2,0,2715,2534,111,70
"2021-04-13","GORONTALO",16,11,5,0,2731,2545,116,70
"2021-04-14","GORONTALO",7,6,-2,3,2738,2551,114,73
"2021-04-15","GORONTALO",0,5,-6,1,2738,2556,108,74
"2021-04-16","GORONTALO",0,0,0,0,2738,2556,108,74
"2021-04-17","GORONTALO",0,17,-17,0,2738,2573,91,74
"2021-04-18","GORONTALO",0,7,-7,0,2738,2580,84,74
"2021-04-19","GORONTALO",0,6,-6,0,2738,2586,78,74
"2021-04-20","GORONTALO",0,2,-2,0,2738,2588,76,74
"2021-04-21","GORONTALO",0,3,-3,0,2738,2591,73,74
"2021-04-22","GORONTALO",0,2,-2,0,2738,2593,71,74
"2021-04-23","GORONTALO",2,2,0,0,2740,2595,71,74
"2021-04-24","GORONTALO",6,2,4,0,2746,2597,75,74
"2021-04-25","GORONTALO",0,0,0,0,2746,2597,75,74
"2021-04-26","GORONTALO",9,2,7,0,2755,2599,82,74
"2021-04-27","GORONTALO",0,0,0,0,2755,2599,82,74
"2021-04-28","GORONTALO",19,17,2,0,2774,2616,84,74
"2021-04-29","GORONTALO",12,0,12,0,2786,2616,96,74
"2021-04-30","GORONTALO",8,2,6,0,2794,2618,102,74
"2021-05-01","GORONTALO",6,7,-1,0,2800,2625,101,74
"2021-05-02","GORONTALO",0,0,-1,1,2800,2625,100,75
"2021-05-03","GORONTALO",3,2,-1,2,2803,2627,99,77
"2021-05-04","GORONTALO",4,3,1,0,2807,2630,100,77
"2021-05-05","GORONTALO",0,6,-6,0,2807,2636,94,77
"2021-05-06","GORONTALO",0,1,-1,0,2807,2637,93,77
"2021-05-07","GORONTALO",0,2,-2,0,2807,2639,91,77
"2021-05-08","GORONTALO",0,0,0,0,2807,2639,91,77
"2021-05-09","GORONTALO",0,1,-1,0,2807,2640,90,77
"2021-05-10","GORONTALO",0,3,-3,0,2807,2643,87,77
"2021-05-11","GORONTALO",0,2,-2,0,2807,2645,85,77
"2021-05-12","GORONTALO",0,0,0,0,2807,2645,85,77
"2021-05-13","GORONTALO",1,0,1,0,2808,2645,86,77
"2021-05-14","GORONTALO",1,2,-1,0,2809,2647,85,77
"2021-05-15","GORONTALO",0,2,-2,0,2809,2649,83,77
"2021-05-16","GORONTALO",3,0,3,0,2812,2649,86,77
"2021-05-17","GORONTALO",2,4,-2,0,2814,2653,84,77
"2021-05-18","GORONTALO",6,0,6,0,2820,2653,90,77
"2021-05-19","GORONTALO",5,0,5,0,2825,2653,95,77
"2021-05-20","GORONTALO",0,0,0,0,2825,2653,95,77
"2021-05-21","GORONTALO",5,0,5,0,2830,2653,100,77
"2021-05-22","GORONTALO",3,0,3,0,2833,2653,103,77
"2021-05-23","GORONTALO",5,0,5,0,2838,2653,108,77
"2021-05-24","GORONTALO",2,0,2,0,2840,2653,110,77
"2021-05-25","GORONTALO",8,2,6,0,2848,2655,116,77
"2021-05-26","GORONTALO",1,0,1,0,2849,2655,117,77
"2021-05-27","GORONTALO",0,0,0,0,2849,2655,117,77
"2021-05-28","GORONTALO",0,0,0,0,2849,2655,117,77
"2021-05-29","GORONTALO",0,62,-63,1,2849,2717,54,78
"2021-05-30","GORONTALO",0,0,0,0,2849,2717,54,78
"2021-05-31","GORONTALO",0,2,-2,0,2849,2719,52,78
"2021-06-01","GORONTALO",0,0,0,0,2849,2719,52,78
"2021-06-02","GORONTALO",4,7,-3,0,2853,2726,49,78
"2021-06-03","GORONTALO",0,8,-8,0,2853,2734,41,78
"2021-06-04","GORONTALO",2,2,0,0,2855,2736,41,78
"2021-06-05","GORONTALO",1,4,-3,0,2856,2740,38,78
"2021-06-06","GORONTALO",10,1,9,0,2866,2741,47,78
"2021-06-07","GORONTALO",0,1,-1,0,2866,2742,46,78
"2021-06-08","GORONTALO",0,2,-2,0,2866,2744,44,78
"2021-06-09","GORONTALO",6,2,3,1,2872,2746,47,79
"2021-06-10","GORONTALO",15,0,15,0,2887,2746,62,79
"2021-06-11","GORONTALO",0,0,0,0,2887,2746,62,79
"2021-06-12","GORONTALO",0,26,-29,3,2887,2772,33,82
"2021-06-13","GORONTALO",0,7,-9,2,2887,2779,24,84
"2021-06-14","GORONTALO",0,1,-2,1,2887,2780,22,85
"2021-06-15","GORONTALO",0,0,0,0,2887,2780,22,85
"2021-06-16","GORONTALO",0,0,0,0,2887,2780,22,85
"2021-06-17","GORONTALO",0,1,-1,0,2887,2781,21,85
"2021-06-18","GORONTALO",0,0,0,0,2887,2781,21,85
"2021-06-19","GORONTALO",0,0,0,0,2887,2781,21,85
"2021-06-20","GORONTALO",0,0,0,0,2887,2781,21,85
"2021-06-21","GORONTALO",0,0,0,0,2887,2781,21,85
"2021-06-22","GORONTALO",0,1,-1,0,2887,2782,20,85
"2021-06-23","GORONTALO",33,1,32,0,2920,2783,52,85
"2021-06-24","GORONTALO",0,0,0,0,2920,2783,52,85
"2021-06-25","GORONTALO",19,0,19,0,2939,2783,71,85
"2021-06-26","GORONTALO",0,3,-3,0,2939,2786,68,85
"2021-06-27","GORONTALO",0,6,-6,0,2939,2792,62,85
"2021-06-28","GORONTALO",0,3,-3,0,2939,2795,59,85
"2021-06-29","GORONTALO",0,3,-4,1,2939,2798,55,86
"2021-06-30","GORONTALO",0,0,0,0,2939,2798,55,86
"2021-07-01","GORONTALO",0,1,-1,0,2939,2799,54,86
"2021-07-02","GORONTALO",0,10,-11,1,2939,2809,43,87
"2021-07-03","GORONTALO",0,1,-1,0,2939,2810,42,87
"2021-07-04","GORONTALO",0,6,-6,0,2939,2816,36,87
"2021-07-05","GORONTALO",76,4,72,0,3015,2820,108,87
"2021-07-06","GORONTALO",37,3,34,0,3052,2823,142,87
"2021-07-07","GORONTALO",86,1,84,1,3138,2824,226,88
"2021-07-08","GORONTALO",41,7,34,0,3179,2831,260,88
"2021-07-09","GORONTALO",11,2,9,0,3190,2833,269,88
"2021-07-10","GORONTALO",25,3,21,1,3215,2836,290,89
"2021-07-11","GORONTALO",0,2,-2,0,3215,2838,288,89
"2021-07-12","GORONTALO",119,0,118,1,3334,2838,406,90
"2021-07-13","GORONTALO",4,5,-4,3,3338,2843,402,93
"2021-07-14","GORONTALO",1,67,-67,1,3339,2910,335,94
"2021-07-15","GORONTALO",6,13,-7,0,3345,2923,328,94
"2021-07-16","GORONTALO",9,20,-12,1,3354,2943,316,95
"2021-07-17","GORONTALO",48,18,29,1,3402,2961,345,96
"2021-07-18","GORONTALO",101,24,77,0,3503,2985,422,96
"2021-07-19","GORONTALO",130,5,125,0,3633,2990,547,96
"2021-07-20","GORONTALO",22,73,-51,0,3655,3063,496,96
"2021-07-21","GORONTALO",58,12,46,0,3713,3075,542,96
"2021-07-22","GORONTALO",76,42,29,5,3789,3117,571,101
"2021-07-23","GORONTALO",20,10,10,0,3809,3127,581,101
"2021-07-24","GORONTALO",73,3,69,1,3882,3130,650,102
"2021-07-25","GORONTALO",33,13,19,1,3915,3143,669,103
"2021-07-26","GORONTALO",46,28,18,0,3961,3171,687,103
"2021-07-27","GORONTALO",86,90,-9,5,4047,3261,678,108
"2021-07-28","GORONTALO",173,18,154,1,4220,3279,832,109
"2021-07-29","GORONTALO",76,96,-22,2,4296,3375,810,111
"2021-07-30","GORONTALO",167,30,137,0,4463,3405,947,111
"2021-07-31","GORONTALO",119,71,35,13,4582,3476,982,124
"2021-08-01","GORONTALO",194,27,164,3,4776,3503,1146,127
"2021-08-02","GORONTALO",91,27,64,0,4867,3530,1210,127
"2021-08-03","GORONTALO",31,126,-100,5,4898,3656,1110,132
"2021-08-04","GORONTALO",24,114,-94,4,4922,3770,1016,136
"2021-08-05","GORONTALO",29,63,-37,3,4951,3833,979,139
"2021-08-06","GORONTALO",9,48,-40,1,4960,3881,939,140
"2021-08-07","GORONTALO",24,48,-28,4,4984,3929,911,144
"2021-08-08","GORONTALO",6,104,-101,3,4990,4033,810,147
"2021-08-09","GORONTALO",131,37,94,0,5121,4070,904,147
"2021-08-10","GORONTALO",204,37,162,5,5325,4107,1066,152
"2021-08-11","GORONTALO",98,158,-74,14,5423,4265,992,166
"2021-08-12","GORONTALO",112,76,34,2,5535,4341,1026,168
"2021-08-13","GORONTALO",143,75,58,10,5678,4416,1084,178
"2021-08-14","GORONTALO",156,62,88,6,5834,4478,1172,184
"2021-08-15","GORONTALO",72,44,23,5,5906,4522,1195,189
"2021-08-16","GORONTALO",74,115,-49,8,5980,4637,1146,197
"2021-08-17","GORONTALO",51,53,-8,6,6031,4690,1138,203
"2021-08-18","GORONTALO",65,17,44,4,6096,4707,1182,207
"2021-08-19","GORONTALO",73,65,4,4,6169,4772,1186,211
"2021-08-20","GORONTALO",84,105,-34,13,6253,4877,1152,224
"2021-08-21","GORONTALO",35,87,-60,8,6288,4964,1092,232
"2021-08-22","GORONTALO",67,129,-68,6,6355,5093,1024,238
"2021-08-23","GORONTALO",15,57,-44,2,6370,5150,980,240
"2021-08-24","GORONTALO",9,132,-125,2,6379,5282,855,242
"2021-08-25","GORONTALO",7,138,-134,3,6386,5420,721,245
"2021-08-26","GORONTALO",10,58,-50,2,6396,5478,671,247
"2021-08-27","GORONTALO",13,105,-93,1,6409,5583,578,248
"2021-08-28","GORONTALO",13,31,-19,1,6422,5614,559,249
"2021-08-29","GORONTALO",14,44,-30,0,6436,5658,529,249
"2021-08-30","GORONTALO",4,67,-67,4,6440,5725,462,253
"2021-08-31","GORONTALO",7,53,-50,4,6447,5778,412,257
"2021-09-01","GORONTALO",25,55,-30,0,6472,5833,382,257
"2021-09-02","GORONTALO",35,15,20,0,6507,5848,402,257
"2021-09-03","GORONTALO",27,48,-23,2,6534,5896,379,259
"2021-09-04","GORONTALO",8,44,-41,5,6542,5940,338,264
"2021-09-05","GORONTALO",28,10,17,1,6570,5950,355,265
"2021-09-06","GORONTALO",8,46,-40,2,6578,5996,315,267
"2021-09-07","GORONTALO",38,39,-1,0,6616,6035,314,267
"2021-09-08","GORONTALO",52,7,44,1,6668,6042,358,268
"2021-09-09","GORONTALO",44,2,42,0,6712,6044,400,268
"2021-09-10","GORONTALO",13,26,-13,0,6725,6070,387,268
"2021-09-11","GORONTALO",7,19,-13,1,6732,6089,374,269
"2021-09-12","GORONTALO",7,7,0,0,6739,6096,374,269
"2021-09-13","GORONTALO",9,35,-26,0,6748,6131,348,269
"2021-09-14","GORONTALO",22,26,-4,0,6770,6157,344,269
"2021-09-15","GORONTALO",27,18,8,1,6797,6175,352,270
"2021-09-16","GORONTALO",16,27,-12,1,6813,6202,340,271
"2021-09-17","GORONTALO",6,12,-6,0,6819,6214,334,271
"2021-09-18","GORONTALO",12,6,6,0,6831,6220,340,271
"2021-09-19","GORONTALO",5,50,-47,2,6836,6270,293,273
"2021-09-20","GORONTALO",2,3,-1,0,6838,6273,292,273
"2021-09-21","GORONTALO",3,67,-68,4,6841,6340,224,277
"2021-09-22","GORONTALO",17,12,2,3,6858,6352,226,280
"2021-09-23","GORONTALO",28,71,-43,0,6886,6423,183,280
"2021-09-24","GORONTALO",11,36,-25,0,6897,6459,158,280
"2021-09-25","GORONTALO",2,22,-20,0,6899,6481,138,280
"2021-09-26","GORONTALO",0,10,-10,0,6899,6491,128,280
"2021-09-27","GORONTALO",4,9,-5,0,6903,6500,123,280
"2021-09-28","GORONTALO",1,43,-42,0,6904,6543,81,280
"2021-09-29","GORONTALO",1,11,-10,0,6905,6554,71,280
"2021-09-30","GORONTALO",3,4,-1,0,6908,6558,70,280
"2021-10-01","GORONTALO",0,13,-13,0,6908,6571,57,280
"2021-10-02","GORONTALO",1,2,-1,0,6909,6573,56,280
"2021-10-03","GORONTALO",1,3,-2,0,6910,6576,54,280
"2021-10-04","GORONTALO",0,4,-4,0,6910,6580,50,280
"2021-10-05","GORONTALO",1,6,-5,0,6911,6586,45,280
"2021-10-06","GORONTALO",2,18,-17,1,6913,6604,28,281
"2021-10-07","GORONTALO",1,10,-9,0,6914,6614,19,281
"2021-10-08","GORONTALO",2,0,1,1,6916,6614,20,282
"2021-10-09","GORONTALO",0,0,0,0,6916,6614,20,282
"2021-10-10","GORONTALO",2,0,2,0,6918,6614,22,282
"2021-10-11","GORONTALO",1,0,1,0,6919,6614,23,282
"2021-10-12","GORONTALO",3,1,2,0,6922,6615,25,282
"2021-10-13","GORONTALO",2,0,2,0,6924,6615,27,282
"2021-10-14","GORONTALO",3,0,3,0,6927,6615,30,282
"2021-10-15","GORONTALO",1,2,-1,0,6928,6617,29,282
"2021-10-16","GORONTALO",3,0,3,0,6931,6617,32,282
"2021-10-17","GORONTALO",10,0,10,0,6941,6617,42,282
"2021-10-18","GORONTALO",0,0,0,0,6941,6617,42,282
"2021-10-19","GORONTALO",6,3,3,0,6947,6620,45,282
"2021-10-20","GORONTALO",1,0,1,0,6948,6620,46,282
"2021-10-21","GORONTALO",1,0,1,0,6949,6620,47,282
"2021-10-22","GORONTALO",6,0,6,0,6955,6620,53,282
"2021-10-23","GORONTALO",1,3,-2,0,6956,6623,51,282
"2021-10-24","GORONTALO",2,0,2,0,6958,6623,53,282
"2021-10-25","GORONTALO",6,0,6,0,6964,6623,59,282
"2021-10-26","GORONTALO",21,14,7,0,6985,6637,66,282
"2021-10-27","GORONTALO",8,19,-11,0,6993,6656,55,282
"2021-10-28","GORONTALO",2,0,2,0,6995,6656,57,282
"2021-10-29","GORONTALO",1,0,1,0,6996,6656,58,282
"2021-10-30","GORONTALO",0,1,-1,0,6996,6657,57,282
"2021-10-31","GORONTALO",0,0,0,0,6996,6657,57,282
"2021-11-01","GORONTALO",0,2,-2,0,6996,6659,55,282
"2021-11-02","GORONTALO",0,0,0,0,6996,6659,55,282
"2021-11-03","GORONTALO",0,2,-2,0,6996,6661,53,282
"2021-11-04","GORONTALO",0,0,0,0,6996,6661,53,282
"2021-11-05","GORONTALO",0,0,0,0,6996,6661,53,282
"2021-11-06","GORONTALO",0,1,-1,0,6996,6662,52,282
"2021-11-07","GORONTALO",0,2,-2,0,6996,6664,50,282
"2021-11-08","GORONTALO",0,5,-5,0,6996,6669,45,282
"2021-11-09","GORONTALO",0,0,0,0,6996,6669,45,282
"2021-11-10","GORONTALO",0,46,-46,0,6996,6715,-1,282
"2021-11-11","GORONTALO",0,0,0,0,6996,6715,-1,282
"2021-11-12","GORONTALO",0,0,0,0,6996,6715,-1,282
"2021-11-13","GORONTALO",1,0,1,0,6997,6715,0,282
"2021-11-14","GORONTALO",0,0,0,0,6997,6715,0,282
"2021-11-15","GORONTALO",0,0,0,0,6997,6715,0,282
"2021-11-16","GORONTALO",0,0,0,0,6997,6715,0,282
"2021-11-17","GORONTALO",0,0,0,0,6997,6715,0,282
"2021-11-18","GORONTALO",2,0,2,0,6999,6715,2,282
"2021-11-19","GORONTALO",0,0,0,0,6999,6715,2,282
"2021-11-20","GORONTALO",1,0,1,0,7000,6715,3,282
"2021-11-21","GORONTALO",1,0,1,0,7001,6715,4,282
"2021-11-22","GORONTALO",0,1,-1,0,7001,6716,3,282
"2021-11-23","GORONTALO",0,0,0,0,7001,6716,3,282
"2021-11-24","GORONTALO",0,0,0,0,7001,6716,3,282
"2021-11-25","GORONTALO",0,0,0,0,7001,6716,3,282
"2021-11-26","GORONTALO",0,0,0,0,7001,6716,3,282
"2021-11-27","GORONTALO",0,1,-1,0,7001,6717,2,282
"2021-11-28","GORONTALO",0,1,-1,0,7001,6718,1,282
"2021-11-29","GORONTALO",0,0,0,0,7001,6718,1,282
"2021-11-30","GORONTALO",0,1,-1,0,7001,6719,0,282
"2021-12-01","GORONTALO",0,0,0,0,7001,6719,0,282
"2021-12-02","GORONTALO",0,0,0,0,7001,6719,0,282
"2021-12-03","GORONTALO",0,0,0,0,7001,6719,0,282
"2021-12-04","GORONTALO",0,0,0,0,7001,6719,0,282
"2021-12-05","GORONTALO",1,0,1,0,7002,6719,1,282
"2021-12-06","GORONTALO",0,0,0,0,7002,6719,1,282
"2021-12-07","GORONTALO",0,0,0,0,7002,6719,1,282
"2021-12-08","GORONTALO",2,0,2,0,7004,6719,3,282
"2021-12-09","GORONTALO",0,0,0,0,7004,6719,3,282
"2021-12-10","GORONTALO",0,0,0,0,7004,6719,3,282
"2021-12-11","GORONTALO",2,1,1,0,7006,6720,4,282
"2021-12-12","GORONTALO",0,0,0,0,7006,6720,4,282
"2021-12-13","GORONTALO",0,0,0,0,7006,6720,4,282
"2021-12-14","GORONTALO",3,0,3,0,7009,6720,7,282
"2021-12-15","GORONTALO",2,0,2,0,7011,6720,9,282
"2021-12-16","GORONTALO",0,3,-3,0,7011,6723,6,282
"2021-12-17","GORONTALO",0,0,0,0,7011,6723,6,282
"2021-12-18","GORONTALO",0,0,0,0,7011,6723,6,282
"2021-12-19","GORONTALO",1,0,1,0,7012,6723,7,282
"2021-12-20","GORONTALO",0,0,0,0,7012,6723,7,282
"2021-12-21","GORONTALO",2,2,0,0,7014,6725,7,282
"2021-12-22","GORONTALO",0,1,-1,0,7014,6726,6,282
"2021-12-23","GORONTALO",1,0,0,1,7015,6726,6,283
"2021-12-24","GORONTALO",1,0,1,0,7016,6726,7,283
"2021-12-25","GORONTALO",0,0,0,0,7016,6726,7,283
"2021-12-26","GORONTALO",0,0,0,0,7016,6726,7,283
"2021-12-27","GORONTALO",0,0,0,0,7016,6726,7,283
"2021-12-28","GORONTALO",0,2,-2,0,7016,6728,5,283
"2021-12-29","GORONTALO",0,0,0,0,7016,6728,5,283
"2021-12-30","GORONTALO",0,0,0,0,7016,6728,5,283
"2021-12-31","GORONTALO",0,4,-4,0,7016,6732,1,283
"2022-01-01","GORONTALO",0,1,-1,0,7016,6733,0,283
"2022-01-02","GORONTALO",0,0,0,0,7016,6733,0,283
"2022-01-03","GORONTALO",0,0,0,0,7016,6733,0,283
"2022-01-04","GORONTALO",0,0,0,0,7016,6733,0,283
"2022-01-05","GORONTALO",0,0,0,0,7016,6733,0,283
"2022-01-06","GORONTALO",1,0,1,0,7017,6733,1,283
"2022-01-07","GORONTALO",0,0,0,0,7017,6733,1,283
"2022-01-08","GORONTALO",0,0,0,0,7017,6733,1,283
"2022-01-09","GORONTALO",0,0,0,0,7017,6733,1,283
"2022-01-10","GORONTALO",0,0,0,0,7017,6733,1,283
"2022-01-11","GORONTALO",0,0,0,0,7017,6733,1,283
"2022-01-12","GORONTALO",0,0,0,0,7017,6733,1,283
"2022-01-13","GORONTALO",0,0,0,0,7017,6733,1,283
"2022-01-14","GORONTALO",0,0,0,0,7017,6733,1,283
"2022-01-15","GORONTALO",2,0,2,0,7019,6733,3,283
"2022-01-16","GORONTALO",1,0,1,0,7020,6733,4,283
"2022-01-17","GORONTALO",0,0,0,0,7020,6733,4,283
"2022-01-18","GORONTALO",0,0,0,0,7020,6733,4,283
"2022-01-19","GORONTALO",0,0,0,0,7020,6733,4,283
"2022-01-20","GORONTALO",0,0,0,0,7020,6733,4,283
"2022-01-21","GORONTALO",0,0,0,0,7020,6733,4,283
"2022-01-22","GORONTALO",1,0,1,0,7021,6733,5,283
"2022-01-23","GORONTALO",3,0,3,0,7024,6733,8,283
"2022-01-24","GORONTALO",1,1,0,0,7025,6734,8,283
"2022-01-25","GORONTALO",0,0,0,0,7025,6734,8,283
"2022-01-26","GORONTALO",0,0,0,0,7025,6734,8,283
"2022-01-27","GORONTALO",3,0,3,0,7028,6734,11,283
"2022-01-28","GORONTALO",0,0,0,0,7028,6734,11,283
"2022-01-29","GORONTALO",6,0,6,0,7034,6734,17,283
"2022-01-30","GORONTALO",1,0,1,0,7035,6734,18,283
"2022-01-31","GORONTALO",0,3,-3,0,7035,6737,15,283
"2022-02-01","GORONTALO",1,0,1,0,7036,6737,16,283
"2022-02-02","GORONTALO",3,4,-1,0,7039,6741,15,283
"2022-02-03","GORONTALO",2,1,1,0,7041,6742,16,283
"2022-02-04","GORONTALO",4,1,3,0,7045,6743,19,283
"2022-02-05","GORONTALO",4,1,3,0,7049,6744,22,283
"2022-02-06","GORONTALO",3,0,3,0,7052,6744,25,283
"2022-02-07","GORONTALO",11,0,11,0,7063,6744,36,283
"2022-02-08","GORONTALO",19,2,17,0,7082,6746,53,283
"2022-02-09","GORONTALO",10,1,9,0,7092,6747,62,283
"2022-02-10","GORONTALO",16,1,15,0,7108,6748,77,283
"2022-02-11","GORONTALO",15,1,14,0,7123,6749,91,283
"2022-02-12","GORONTALO",39,0,39,0,7162,6749,130,283
"2022-02-13","GORONTALO",15,2,13,0,7177,6751,143,283
"2022-02-14","GORONTALO",47,2,45,0,7224,6753,188,283
"2022-02-15","GORONTALO",58,1,57,0,7282,6754,245,283
"2022-02-16","GORONTALO",15,15,0,0,7297,6769,245,283
"2022-02-17","GORONTALO",65,7,58,0,7362,6776,303,283
"2022-02-18","GORONTALO",70,3,67,0,7432,6779,370,283
"2022-02-19","GORONTALO",58,12,46,0,7490,6791,416,283
"2022-02-20","GORONTALO",30,5,25,0,7520,6796,441,283
"2022-02-21","GORONTALO",206,8,198,0,7726,6804,639,283
"2022-02-22","GORONTALO",27,0,27,0,7753,6804,666,283
"2022-02-23","GORONTALO",39,42,-3,0,7792,6846,663,283
"2022-02-24","GORONTALO",57,17,39,1,7849,6863,702,284
"2022-02-25","GORONTALO",28,25,3,0,7877,6888,705,284
"2022-02-26","GORONTALO",77,79,-2,0,7954,6967,703,284
"2022-02-27","GORONTALO",66,15,51,0,8020,6982,754,284
"2022-02-28","GORONTALO",70,154,-84,0,8090,7136,670,284
"2022-03-01","GORONTALO",57,26,31,0,8147,7162,701,284
"2022-03-02","GORONTALO",163,47,115,1,8310,7209,816,285
"2022-03-03","GORONTALO",130,76,53,1,8440,7285,869,286
"2022-03-04","GORONTALO",65,33,32,0,8505,7318,901,286
"2022-03-05","GORONTALO",57,34,23,0,8562,7352,924,286
"2022-03-06","GORONTALO",45,17,28,0,8607,7369,952,286
"2022-03-07","GORONTALO",20,145,-125,0,8627,7514,827,286
"2022-03-08","GORONTALO",2,50,-49,1,8629,7564,778,287
"2020-08-06","SULAWESI BARAT",20,0,20,0,20,0,20,0
"2020-08-07","SULAWESI BARAT",2,0,2,0,22,0,22,0
"2020-08-08","SULAWESI BARAT",8,0,8,0,30,0,30,0
"2020-08-09","SULAWESI BARAT",0,0,0,0,30,0,30,0
"2020-08-10","SULAWESI BARAT",0,0,0,0,30,0,30,0
"2020-08-11","SULAWESI BARAT",7,0,7,0,37,0,37,0
"2020-08-12","SULAWESI BARAT",0,0,-1,1,37,0,36,1
"2020-08-13","SULAWESI BARAT",5,0,4,1,42,0,40,2
"2020-08-14","SULAWESI BARAT",12,0,12,0,54,0,52,2
"2020-08-15","SULAWESI BARAT",7,1,6,0,61,1,58,2
"2020-08-16","SULAWESI BARAT",1,0,1,0,62,1,59,2
"2020-08-17","SULAWESI BARAT",12,0,12,0,74,1,71,2
"2020-08-18","SULAWESI BARAT",1,6,-5,0,75,7,66,2
"2020-08-19","SULAWESI BARAT",2,1,1,0,77,8,67,2
"2020-08-20","SULAWESI BARAT",1,7,-6,0,78,15,61,2
"2020-08-21","SULAWESI BARAT",8,0,8,0,86,15,69,2
"2020-08-22","SULAWESI BARAT",16,1,15,0,102,16,84,2
"2020-08-23","SULAWESI BARAT",5,6,-1,0,107,22,83,2
"2020-08-24","SULAWESI BARAT",1,0,1,0,108,22,84,2
"2020-08-25","SULAWESI BARAT",7,3,4,0,115,25,88,2
"2020-08-26","SULAWESI BARAT",2,4,-2,0,117,29,86,2
"2020-08-27","SULAWESI BARAT",6,2,4,0,123,31,90,2
"2020-08-28","SULAWESI BARAT",16,10,6,0,139,41,96,2
"2020-08-29","SULAWESI BARAT",4,2,2,0,143,43,98,2
"2020-08-30","SULAWESI BARAT",5,2,3,0,148,45,101,2
"2020-08-31","SULAWESI BARAT",2,0,2,0,150,45,103,2
"2020-09-01","SULAWESI BARAT",1,7,-6,0,151,52,97,2
"2020-09-02","SULAWESI BARAT",0,1,-1,0,151,53,96,2
"2020-09-03","SULAWESI BARAT",6,1,5,0,157,54,101,2
"2020-09-04","SULAWESI BARAT",0,3,-3,0,157,57,98,2
"2020-09-05","SULAWESI BARAT",17,8,9,0,174,65,107,2
"2020-09-06","SULAWESI BARAT",0,6,-6,0,174,71,101,2
"2020-09-07","SULAWESI BARAT",0,2,-2,0,174,73,99,2
"2020-09-08","SULAWESI BARAT",16,4,12,0,190,77,111,2
"2020-09-09","SULAWESI BARAT",15,12,3,0,205,89,114,2
"2020-09-10","SULAWESI BARAT",6,7,-1,0,211,96,113,2
"2020-09-11","SULAWESI BARAT",3,5,-2,0,214,101,111,2
"2020-09-12","SULAWESI BARAT",3,7,-4,0,217,108,107,2
"2020-09-13","SULAWESI BARAT",8,2,6,0,225,110,113,2
"2020-09-14","SULAWESI BARAT",1,1,0,0,226,111,113,2
"2020-09-15","SULAWESI BARAT",4,5,-1,0,230,116,112,2
"2020-09-16","SULAWESI BARAT",2,2,0,0,232,118,112,2
"2020-09-17","SULAWESI BARAT",5,11,-6,0,237,129,106,2
"2020-09-18","SULAWESI BARAT",2,4,-2,0,239,133,104,2
"2020-09-19","SULAWESI BARAT",1,5,-4,0,240,138,100,2
"2020-09-20","SULAWESI BARAT",19,9,10,0,259,147,110,2
"2020-09-21","SULAWESI BARAT",1,0,1,0,260,147,111,2
"2020-09-22","SULAWESI BARAT",25,2,23,0,285,149,134,2
"2020-09-23","SULAWESI BARAT",10,5,5,0,295,154,139,2
"2020-09-24","SULAWESI BARAT",6,10,-6,2,301,164,133,4
"2020-09-25","SULAWESI BARAT",21,12,7,2,322,176,140,6
"2020-09-26","SULAWESI BARAT",4,1,3,0,326,177,143,6
"2020-09-27","SULAWESI BARAT",46,8,38,0,372,185,181,6
"2020-09-28","SULAWESI BARAT",0,0,0,0,372,185,181,6
"2020-09-29","SULAWESI BARAT",156,0,156,0,528,185,337,6
"2020-09-30","SULAWESI BARAT",21,7,14,0,549,192,351,6
"2020-10-01","SULAWESI BARAT",10,0,10,0,559,192,361,6
"2020-10-02","SULAWESI BARAT",5,4,1,0,564,196,362,6
"2020-10-03","SULAWESI BARAT",0,19,-19,0,564,215,343,6
"2020-10-04","SULAWESI BARAT",0,15,-15,0,564,230,328,6
"2020-10-05","SULAWESI BARAT",1,4,-3,0,565,234,325,6
"2020-10-06","SULAWESI BARAT",12,4,8,0,577,238,333,6
"2020-10-07","SULAWESI BARAT",20,3,17,0,597,241,350,6
"2020-10-08","SULAWESI BARAT",6,6,0,0,603,247,350,6
"2020-10-09","SULAWESI BARAT",10,8,2,0,613,255,352,6
"2020-10-10","SULAWESI BARAT",1,148,-147,0,614,403,205,6
"2020-10-11","SULAWESI BARAT",15,13,2,0,629,416,207,6
"2020-10-12","SULAWESI BARAT",0,0,0,0,629,416,207,6
"2020-10-13","SULAWESI BARAT",23,3,19,1,652,419,226,7
"2020-10-14","SULAWESI BARAT",15,22,-7,0,667,441,219,7
"2020-10-15","SULAWESI BARAT",7,4,3,0,674,445,222,7
"2020-10-16","SULAWESI BARAT",5,7,-2,0,679,452,220,7
"2020-10-17","SULAWESI BARAT",5,4,1,0,684,456,221,7
"2020-10-18","SULAWESI BARAT",3,13,-10,0,687,469,211,7
"2020-10-19","SULAWESI BARAT",0,0,0,0,687,469,211,7
"2020-10-20","SULAWESI BARAT",15,4,11,0,702,473,222,7
"2020-10-21","SULAWESI BARAT",4,9,-5,0,706,482,217,7
"2020-10-22","SULAWESI BARAT",0,8,-8,0,706,490,209,7
"2020-10-23","SULAWESI BARAT",0,2,-2,0,706,492,207,7
"2020-10-24","SULAWESI BARAT",0,16,-16,0,706,508,191,7
"2020-10-25","SULAWESI BARAT",9,19,-10,0,715,527,181,7
"2020-10-26","SULAWESI BARAT",1,0,1,0,716,527,182,7
"2020-10-27","SULAWESI BARAT",9,32,-23,0,725,559,159,7
"2020-10-28","SULAWESI BARAT",3,0,1,2,728,559,160,9
"2020-10-29","SULAWESI BARAT",0,0,0,0,728,559,160,9
"2020-10-30","SULAWESI BARAT",27,7,20,0,755,566,180,9
"2020-10-31","SULAWESI BARAT",2,3,-1,0,757,569,179,9
"2020-11-01","SULAWESI BARAT",7,14,-7,0,764,583,172,9
"2020-11-02","SULAWESI BARAT",0,1,-1,0,764,584,171,9
"2020-11-03","SULAWESI BARAT",5,0,4,1,769,584,175,10
"2020-11-04","SULAWESI BARAT",1,1,0,0,770,585,175,10
"2020-11-05","SULAWESI BARAT",10,16,-6,0,780,601,169,10
"2020-11-06","SULAWESI BARAT",12,1,11,0,792,602,180,10
"2020-11-07","SULAWESI BARAT",162,10,151,1,954,612,331,11
"2020-11-08","SULAWESI BARAT",9,2,7,0,963,614,338,11
"2020-11-09","SULAWESI BARAT",35,1,34,0,998,615,372,11
"2020-11-10","SULAWESI BARAT",0,2,-2,0,998,617,370,11
"2020-11-11","SULAWESI BARAT",13,2,11,0,1011,619,381,11
"2020-11-12","SULAWESI BARAT",12,12,-1,1,1023,631,380,12
"2020-11-13","SULAWESI BARAT",4,15,-11,0,1027,646,369,12
"2020-11-14","SULAWESI BARAT",8,16,-8,0,1035,662,361,12
"2020-11-15","SULAWESI BARAT",3,21,-18,0,1038,683,343,12
"2020-11-16","SULAWESI BARAT",5,6,-1,0,1043,689,342,12
"2020-11-17","SULAWESI BARAT",6,2,4,0,1049,691,346,12
"2020-11-18","SULAWESI BARAT",2,1,0,1,1051,692,346,13
"2020-11-19","SULAWESI BARAT",29,11,18,0,1080,703,364,13
"2020-11-20","SULAWESI BARAT",6,12,-7,1,1086,715,357,14
"2020-11-21","SULAWESI BARAT",6,6,-1,1,1092,721,356,15
"2020-11-22","SULAWESI BARAT",9,10,-1,0,1101,731,355,15
"2020-11-23","SULAWESI BARAT",2,13,-11,0,1103,744,344,15
"2020-11-24","SULAWESI BARAT",2,1,1,0,1105,745,345,15
"2020-11-25","SULAWESI BARAT",2,216,-214,0,1107,961,131,15
"2020-11-26","SULAWESI BARAT",25,15,9,1,1132,976,140,16
"2020-11-27","SULAWESI BARAT",22,4,18,0,1154,980,158,16
"2020-11-28","SULAWESI BARAT",30,12,18,0,1184,992,176,16
"2020-11-29","SULAWESI BARAT",7,7,0,0,1191,999,176,16
"2020-11-30","SULAWESI BARAT",7,18,-11,0,1198,1017,165,16
"2020-12-01","SULAWESI BARAT",3,15,-12,0,1201,1032,153,16
"2020-12-02","SULAWESI BARAT",0,5,-6,1,1201,1037,147,17
"2020-12-03","SULAWESI BARAT",0,14,-14,0,1201,1051,133,17
"2020-12-04","SULAWESI BARAT",21,6,15,0,1222,1057,148,17
"2020-12-05","SULAWESI BARAT",16,22,-8,2,1238,1079,140,19
"2020-12-06","SULAWESI BARAT",3,3,0,0,1241,1082,140,19
"2020-12-07","SULAWESI BARAT",2,4,-2,0,1243,1086,138,19
"2020-12-08","SULAWESI BARAT",9,8,0,1,1252,1094,138,20
"2020-12-09","SULAWESI BARAT",8,4,4,0,1260,1098,142,20
"2020-12-10","SULAWESI BARAT",7,0,6,1,1267,1098,148,21
"2020-12-11","SULAWESI BARAT",3,3,0,0,1270,1101,148,21
"2020-12-12","SULAWESI BARAT",10,5,5,0,1280,1106,153,21
"2020-12-13","SULAWESI BARAT",29,5,24,0,1309,1111,177,21
"2020-12-14","SULAWESI BARAT",3,1,2,0,1312,1112,179,21
"2020-12-15","SULAWESI BARAT",21,6,15,0,1333,1118,194,21
"2020-12-16","SULAWESI BARAT",0,19,-19,0,1333,1137,175,21
"2020-12-17","SULAWESI BARAT",0,13,-13,0,1333,1150,162,21
"2020-12-18","SULAWESI BARAT",0,9,-9,0,1333,1159,153,21
"2020-12-19","SULAWESI BARAT",0,1,-1,0,1333,1160,152,21
"2020-12-20","SULAWESI BARAT",0,21,-21,0,1333,1181,131,21
"2020-12-21","SULAWESI BARAT",0,0,0,0,1333,1181,131,21
"2020-12-22","SULAWESI BARAT",0,8,-8,0,1333,1189,123,21
"2020-12-23","SULAWESI BARAT",0,5,-5,0,1333,1194,118,21
"2020-12-24","SULAWESI BARAT",63,14,47,2,1396,1208,165,23
"2020-12-25","SULAWESI BARAT",7,2,5,0,1403,1210,170,23
"2020-12-26","SULAWESI BARAT",15,22,-8,1,1418,1232,162,24
"2020-12-27","SULAWESI BARAT",24,3,20,1,1442,1235,182,25
"2020-12-28","SULAWESI BARAT",9,0,8,1,1451,1235,190,26
"2020-12-29","SULAWESI BARAT",19,9,10,0,1470,1244,200,26
"2020-12-30","SULAWESI BARAT",18,4,14,0,1488,1248,214,26
"2020-12-31","SULAWESI BARAT",27,7,20,0,1515,1255,234,26
"2021-01-01","SULAWESI BARAT",13,1,10,2,1528,1256,244,28
"2021-01-02","SULAWESI BARAT",6,0,6,0,1534,1256,250,28
"2021-01-03","SULAWESI BARAT",0,3,-3,0,1534,1259,247,28
"2021-01-04","SULAWESI BARAT",0,0,0,0,1534,1259,247,28
"2021-01-05","SULAWESI BARAT",0,1,-1,0,1534,1260,246,28
"2021-01-06","SULAWESI BARAT",0,1,-2,1,1534,1261,244,29
"2021-01-07","SULAWESI BARAT",0,14,-16,2,1534,1275,228,31
"2021-01-08","SULAWESI BARAT",0,13,-13,0,1534,1288,215,31
"2021-01-09","SULAWESI BARAT",0,11,-11,0,1534,1299,204,31
"2021-01-10","SULAWESI BARAT",0,14,-15,1,1534,1313,189,32
"2021-01-11","SULAWESI BARAT",0,5,-5,0,1534,1318,184,32
"2021-01-12","SULAWESI BARAT",0,12,-12,0,1534,1330,172,32
"2021-01-13","SULAWESI BARAT",18,5,12,1,1552,1335,184,33
"2021-01-14","SULAWESI BARAT",142,3,138,1,1694,1338,322,34
"2021-01-15","SULAWESI BARAT",2,1,1,0,1696,1339,323,34
"2021-01-16","SULAWESI BARAT",0,0,0,0,1696,1339,323,34
"2021-01-17","SULAWESI BARAT",0,4,-4,0,1696,1343,319,34
"2021-01-18","SULAWESI BARAT",0,11,-11,0,1696,1354,308,34
"2021-01-19","SULAWESI BARAT",0,0,0,0,1696,1354,308,34
"2021-01-20","SULAWESI BARAT",0,4,-4,0,1696,1358,304,34
"2021-01-21","SULAWESI BARAT",0,3,-3,0,1696,1361,301,34
"2021-01-22","SULAWESI BARAT",0,38,-38,0,1696,1399,263,34
"2021-01-23","SULAWESI BARAT",0,0,0,0,1696,1399,263,34
"2021-01-24","SULAWESI BARAT",0,6,-6,0,1696,1405,257,34
"2021-01-25","SULAWESI BARAT",1,2,-1,0,1697,1407,256,34
"2021-01-26","SULAWESI BARAT",0,2,-2,0,1697,1409,254,34
"2021-01-27","SULAWESI BARAT",0,6,-6,0,1697,1415,248,34
"2021-01-28","SULAWESI BARAT",0,7,-7,0,1697,1422,241,34
"2021-01-29","SULAWESI BARAT",0,6,-6,0,1697,1428,235,34
"2021-01-30","SULAWESI BARAT",2,4,-2,0,1699,1432,233,34
"2021-01-31","SULAWESI BARAT",0,32,-32,0,1699,1464,201,34
"2021-02-01","SULAWESI BARAT",0,3,-3,0,1699,1467,198,34
"2021-02-02","SULAWESI BARAT",113,6,106,1,1812,1473,304,35
"2021-02-03","SULAWESI BARAT",190,4,186,0,2002,1477,490,35
"2021-02-04","SULAWESI BARAT",99,1,98,0,2101,1478,588,35
"2021-02-05","SULAWESI BARAT",47,0,47,0,2148,1478,635,35
"2021-02-06","SULAWESI BARAT",148,10,138,0,2296,1488,773,35
"2021-02-07","SULAWESI BARAT",87,4,82,1,2383,1492,855,36
"2021-02-08","SULAWESI BARAT",0,3,-3,0,2383,1495,852,36
"2021-02-09","SULAWESI BARAT",0,6,-6,0,2383,1501,846,36
"2021-02-10","SULAWESI BARAT",0,16,-16,0,2383,1517,830,36
"2021-02-11","SULAWESI BARAT",0,19,-19,0,2383,1536,811,36
"2021-02-12","SULAWESI BARAT",0,11,-11,0,2383,1547,800,36
"2021-02-13","SULAWESI BARAT",0,25,-26,1,2383,1572,774,37
"2021-02-14","SULAWESI BARAT",0,42,-42,0,2383,1614,732,37
"2021-02-15","SULAWESI BARAT",0,11,-11,0,2383,1625,721,37
"2021-02-16","SULAWESI BARAT",0,7,-7,0,2383,1632,714,37
"2021-02-17","SULAWESI BARAT",0,10,-10,0,2383,1642,704,37
"2021-02-18","SULAWESI BARAT",0,13,-13,0,2383,1655,691,37
"2021-02-19","SULAWESI BARAT",0,153,-154,1,2383,1808,537,38
"2021-02-20","SULAWESI BARAT",0,22,-22,0,2383,1830,515,38
"2021-02-21","SULAWESI BARAT",0,11,-11,0,2383,1841,504,38
"2021-02-22","SULAWESI BARAT",6,4,2,0,2389,1845,506,38
"2021-02-23","SULAWESI BARAT",89,34,55,0,2478,1879,561,38
"2021-02-24","SULAWESI BARAT",10,9,1,0,2488,1888,562,38
"2021-02-25","SULAWESI BARAT",7,10,-4,1,2495,1898,558,39
"2021-02-26","SULAWESI BARAT",17,26,-9,0,2512,1924,549,39
"2021-02-27","SULAWESI BARAT",6,26,-20,0,2518,1950,529,39
"2021-02-28","SULAWESI BARAT",3,23,-20,0,2521,1973,509,39
"2021-03-01","SULAWESI BARAT",11,42,-32,1,2532,2015,477,40
"2021-03-02","SULAWESI BARAT",0,71,-71,0,2532,2086,406,40
"2021-03-03","SULAWESI BARAT",0,25,-25,0,2532,2111,381,40
"2021-03-04","SULAWESI BARAT",0,7,-7,0,2532,2118,374,40
"2021-03-05","SULAWESI BARAT",0,28,-28,0,2532,2146,346,40
"2021-03-06","SULAWESI BARAT",0,12,-13,1,2532,2158,333,41
"2021-03-07","SULAWESI BARAT",0,11,-12,1,2532,2169,321,42
"2021-03-08","SULAWESI BARAT",0,5,-5,0,2532,2174,316,42
"2021-03-09","SULAWESI BARAT",0,3,-3,0,2532,2177,313,42
"2021-03-10","SULAWESI BARAT",0,17,-17,0,2532,2194,296,42
"2021-03-11","SULAWESI BARAT",0,1,-1,0,2532,2195,295,42
"2021-03-12","SULAWESI BARAT",0,13,-13,0,2532,2208,282,42
"2021-03-13","SULAWESI BARAT",0,25,-25,0,2532,2233,257,42
"2021-03-14","SULAWESI BARAT",3,33,-30,0,2535,2266,227,42
"2021-03-15","SULAWESI BARAT",3,5,-2,0,2538,2271,225,42
"2021-03-16","SULAWESI BARAT",2,18,-16,0,2540,2289,209,42
"2021-03-17","SULAWESI BARAT",3,8,-5,0,2543,2297,204,42
"2021-03-18","SULAWESI BARAT",1,9,-8,0,2544,2306,196,42
"2021-03-19","SULAWESI BARAT",14,14,0,0,2558,2320,196,42
"2021-03-20","SULAWESI BARAT",0,12,-12,0,2558,2332,184,42
"2021-03-21","SULAWESI BARAT",3,22,-19,0,2561,2354,165,42
"2021-03-22","SULAWESI BARAT",2,8,-6,0,2563,2362,159,42
"2021-03-23","SULAWESI BARAT",0,12,-12,0,2563,2374,147,42
"2021-03-24","SULAWESI BARAT",1,2,-2,1,2564,2376,145,43
"2021-03-25","SULAWESI BARAT",0,7,-7,0,2564,2383,138,43
"2021-03-26","SULAWESI BARAT",0,37,-37,0,2564,2420,101,43
"2021-03-27","SULAWESI BARAT",0,1,-1,0,2564,2421,100,43
"2021-03-28","SULAWESI BARAT",0,0,0,0,2564,2421,100,43
"2021-03-29","SULAWESI BARAT",0,43,-43,0,2564,2464,57,43
"2021-03-30","SULAWESI BARAT",0,4,-4,0,2564,2468,53,43
"2021-03-31","SULAWESI BARAT",0,1,-1,0,2564,2469,52,43
"2021-04-01","SULAWESI BARAT",0,2,-2,0,2564,2471,50,43
"2021-04-02","SULAWESI BARAT",0,1,-1,0,2564,2472,49,43
"2021-04-03","SULAWESI BARAT",1,0,1,0,2565,2472,50,43
"2021-04-04","SULAWESI BARAT",3,0,3,0,2568,2472,53,43
"2021-04-05","SULAWESI BARAT",0,4,-4,0,2568,2476,49,43
"2021-04-06","SULAWESI BARAT",1,5,-5,1,2569,2481,44,44
"2021-04-07","SULAWESI BARAT",1,9,-8,0,2570,2490,36,44
"2021-04-08","SULAWESI BARAT",3,8,-5,0,2573,2498,31,44
"2021-04-09","SULAWESI BARAT",6,3,3,0,2579,2501,34,44
"2021-04-10","SULAWESI BARAT",3,0,3,0,2582,2501,37,44
"2021-04-11","SULAWESI BARAT",0,1,-1,0,2582,2502,36,44
"2021-04-12","SULAWESI BARAT",3,1,1,1,2585,2503,37,45
"2021-04-13","SULAWESI BARAT",6,1,5,0,2591,2504,42,45
"2021-04-14","SULAWESI BARAT",1,0,0,1,2592,2504,42,46
"2021-04-15","SULAWESI BARAT",0,1,-1,0,2592,2505,41,46
"2021-04-16","SULAWESI BARAT",0,4,-4,0,2592,2509,37,46
"2021-04-17","SULAWESI BARAT",0,0,0,0,2592,2509,37,46
"2021-04-18","SULAWESI BARAT",0,2,-2,0,2592,2511,35,46
"2021-04-19","SULAWESI BARAT",0,0,0,0,2592,2511,35,46
"2021-04-20","SULAWESI BARAT",0,0,0,0,2592,2511,35,46
"2021-04-21","SULAWESI BARAT",0,0,0,0,2592,2511,35,46
"2021-04-22","SULAWESI BARAT",0,1,-1,0,2592,2512,34,46
"2021-04-23","SULAWESI BARAT",2,0,2,0,2594,2512,36,46
"2021-04-24","SULAWESI BARAT",3,1,2,0,2597,2513,38,46
"2021-04-25","SULAWESI BARAT",6,4,2,0,2603,2517,40,46
"2021-04-26","SULAWESI BARAT",0,1,-2,1,2603,2518,38,47
"2021-04-27","SULAWESI BARAT",1,6,-5,0,2604,2524,33,47
"2021-04-28","SULAWESI BARAT",4,1,3,0,2608,2525,36,47
"2021-04-29","SULAWESI BARAT",0,0,0,0,2608,2525,36,47
"2021-04-30","SULAWESI BARAT",0,0,0,0,2608,2525,36,47
"2021-05-01","SULAWESI BARAT",3,0,3,0,2611,2525,39,47
"2021-05-02","SULAWESI BARAT",22,1,20,1,2633,2526,59,48
"2021-05-03","SULAWESI BARAT",2,2,0,0,2635,2528,59,48
"2021-05-04","SULAWESI BARAT",0,3,-3,0,2635,2531,56,48
"2021-05-05","SULAWESI BARAT",0,1,-1,0,2635,2532,55,48
"2021-05-06","SULAWESI BARAT",0,6,-6,0,2635,2538,49,48
"2021-05-07","SULAWESI BARAT",0,1,-1,0,2635,2539,48,48
"2021-05-08","SULAWESI BARAT",0,1,-1,0,2635,2540,47,48
"2021-05-09","SULAWESI BARAT",0,3,-3,0,2635,2543,44,48
"2021-05-10","SULAWESI BARAT",0,1,-1,0,2635,2544,43,48
"2021-05-11","SULAWESI BARAT",0,0,0,0,2635,2544,43,48
"2021-05-12","SULAWESI BARAT",0,1,-1,0,2635,2545,42,48
"2021-05-13","SULAWESI BARAT",0,0,0,0,2635,2545,42,48
"2021-05-14","SULAWESI BARAT",0,0,0,0,2635,2545,42,48
"2021-05-15","SULAWESI BARAT",5,17,-12,0,2640,2562,30,48
"2021-05-16","SULAWESI BARAT",0,0,0,0,2640,2562,30,48
"2021-05-17","SULAWESI BARAT",3,0,3,0,2643,2562,33,48
"2021-05-18","SULAWESI BARAT",2,8,-6,0,2645,2570,27,48
"2021-05-19","SULAWESI BARAT",0,0,0,0,2645,2570,27,48
"2021-05-20","SULAWESI BARAT",0,1,-1,0,2645,2571,26,48
"2021-05-21","SULAWESI BARAT",1,4,-3,0,2646,2575,23,48
"2021-05-22","SULAWESI BARAT",1,2,-1,0,2647,2577,22,48
"2021-05-23","SULAWESI BARAT",0,1,-1,0,2647,2578,21,48
"2021-05-24","SULAWESI BARAT",0,2,-2,0,2647,2580,19,48
"2021-05-25","SULAWESI BARAT",0,5,-5,0,2647,2585,14,48
"2021-05-26","SULAWESI BARAT",0,0,0,0,2647,2585,14,48
"2021-05-27","SULAWESI BARAT",0,0,0,0,2647,2585,14,48
"2021-05-28","SULAWESI BARAT",0,1,-1,0,2647,2586,13,48
"2021-05-29","SULAWESI BARAT",0,1,-1,0,2647,2587,12,48
"2021-05-30","SULAWESI BARAT",0,2,-2,0,2647,2589,10,48
"2021-05-31","SULAWESI BARAT",0,0,0,0,2647,2589,10,48
"2021-06-01","SULAWESI BARAT",0,0,0,0,2647,2589,10,48
"2021-06-02","SULAWESI BARAT",8,1,6,1,2655,2590,16,49
"2021-06-03","SULAWESI BARAT",9,0,9,0,2664,2590,25,49
"2021-06-04","SULAWESI BARAT",49,2,47,0,2713,2592,72,49
"2021-06-05","SULAWESI BARAT",10,0,10,0,2723,2592,82,49
"2021-06-06","SULAWESI BARAT",2,0,2,0,2725,2592,84,49
"2021-06-07","SULAWESI BARAT",0,1,-1,0,2725,2593,83,49
"2021-06-08","SULAWESI BARAT",1,0,1,0,2726,2593,84,49
"2021-06-09","SULAWESI BARAT",13,0,13,0,2739,2593,97,49
"2021-06-10","SULAWESI BARAT",5,4,1,0,2744,2597,98,49
"2021-06-11","SULAWESI BARAT",0,1,-1,0,2744,2598,97,49
"2021-06-12","SULAWESI BARAT",0,5,-5,0,2744,2603,92,49
"2021-06-13","SULAWESI BARAT",0,19,-19,0,2744,2622,73,49
"2021-06-14","SULAWESI BARAT",0,3,-3,0,2744,2625,70,49
"2021-06-15","SULAWESI BARAT",0,0,0,0,2744,2625,70,49
"2021-06-16","SULAWESI BARAT",0,1,-1,0,2744,2626,69,49
"2021-06-17","SULAWESI BARAT",0,9,-9,0,2744,2635,60,49
"2021-06-18","SULAWESI BARAT",0,21,-21,0,2744,2656,39,49
"2021-06-19","SULAWESI BARAT",0,3,-3,0,2744,2659,36,49
"2021-06-20","SULAWESI BARAT",0,1,-1,0,2744,2660,35,49
"2021-06-21","SULAWESI BARAT",0,0,0,0,2744,2660,35,49
"2021-06-22","SULAWESI BARAT",3,0,3,0,2747,2660,38,49
"2021-06-23","SULAWESI BARAT",47,6,41,0,2794,2666,79,49
"2021-06-24","SULAWESI BARAT",13,1,12,0,2807,2667,91,49
"2021-06-25","SULAWESI BARAT",5,0,5,0,2812,2667,96,49
"2021-06-26","SULAWESI BARAT",0,0,0,0,2812,2667,96,49
"2021-06-27","SULAWESI BARAT",0,0,0,0,2812,2667,96,49
"2021-06-28","SULAWESI BARAT",0,3,-3,0,2812,2670,93,49
"2021-06-29","SULAWESI BARAT",0,4,-4,0,2812,2674,89,49
"2021-06-30","SULAWESI BARAT",0,9,-9,0,2812,2683,80,49
"2021-07-01","SULAWESI BARAT",0,1,-1,0,2812,2684,79,49
"2021-07-02","SULAWESI BARAT",0,15,-15,0,2812,2699,64,49
"2021-07-03","SULAWESI BARAT",0,4,-4,0,2812,2703,60,49
"2021-07-04","SULAWESI BARAT",64,4,59,1,2876,2707,119,50
"2021-07-05","SULAWESI BARAT",22,0,21,1,2898,2707,140,51
"2021-07-06","SULAWESI BARAT",45,0,44,1,2943,2707,184,52
"2021-07-07","SULAWESI BARAT",62,7,54,1,3005,2714,238,53
"2021-07-08","SULAWESI BARAT",45,2,42,1,3050,2716,280,54
"2021-07-09","SULAWESI BARAT",34,11,23,0,3084,2727,303,54
"2021-07-10","SULAWESI BARAT",63,5,56,2,3147,2732,359,56
"2021-07-11","SULAWESI BARAT",80,4,75,1,3227,2736,434,57
"2021-07-12","SULAWESI BARAT",2,1,0,1,3229,2737,434,58
"2021-07-13","SULAWESI BARAT",22,14,7,1,3251,2751,441,59
"2021-07-14","SULAWESI BARAT",1,1,-3,3,3252,2752,438,62
"2021-07-15","SULAWESI BARAT",0,15,-15,0,3252,2767,423,62
"2021-07-16","SULAWESI BARAT",26,15,10,1,3278,2782,433,63
"2021-07-17","SULAWESI BARAT",49,16,33,0,3327,2798,466,63
"2021-07-18","SULAWESI BARAT",89,29,59,1,3416,2827,525,64
"2021-07-19","SULAWESI BARAT",61,27,32,2,3477,2854,557,66
"2021-07-20","SULAWESI BARAT",120,32,86,2,3597,2886,643,68
"2021-07-21","SULAWESI BARAT",71,52,18,1,3668,2938,661,69
"2021-07-22","SULAWESI BARAT",148,48,97,3,3816,2986,758,72
"2021-07-23","SULAWESI BARAT",76,16,59,1,3892,3002,817,73
"2021-07-24","SULAWESI BARAT",129,20,107,2,4021,3022,924,75
"2021-07-25","SULAWESI BARAT",91,33,58,0,4112,3055,982,75
"2021-07-26","SULAWESI BARAT",99,32,63,4,4211,3087,1045,79
"2021-07-27","SULAWESI BARAT",144,67,75,2,4355,3154,1120,81
"2021-07-28","SULAWESI BARAT",78,35,42,1,4433,3189,1162,82
"2021-07-29","SULAWESI BARAT",97,43,51,3,4530,3232,1213,85
"2021-07-30","SULAWESI BARAT",119,43,71,5,4649,3275,1284,90
"2021-07-31","SULAWESI BARAT",166,63,99,4,4815,3338,1383,94
"2021-08-01","SULAWESI BARAT",152,46,103,3,4967,3384,1486,97
"2021-08-02","SULAWESI BARAT",76,37,35,4,5043,3421,1521,101
"2021-08-03","SULAWESI BARAT",42,89,-49,2,5085,3510,1472,103
"2021-08-04","SULAWESI BARAT",14,100,-87,1,5099,3610,1385,104
"2021-08-05","SULAWESI BARAT",34,136,-102,0,5133,3746,1283,104
"2021-08-06","SULAWESI BARAT",6,91,-86,1,5139,3837,1197,105
"2021-08-07","SULAWESI BARAT",11,86,-76,1,5150,3923,1121,106
"2021-08-08","SULAWESI BARAT",2,76,-77,3,5152,3999,1044,109
"2021-08-09","SULAWESI BARAT",62,94,-35,3,5214,4093,1009,112
"2021-08-10","SULAWESI BARAT",223,127,93,3,5437,4220,1102,115
"2021-08-11","SULAWESI BARAT",214,97,112,5,5651,4317,1214,120
"2021-08-12","SULAWESI BARAT",108,86,20,2,5759,4403,1234,122
"2021-08-13","SULAWESI BARAT",213,85,122,6,5972,4488,1356,128
"2021-08-14","SULAWESI BARAT",156,62,89,5,6128,4550,1445,133
"2021-08-15","SULAWESI BARAT",92,86,4,2,6220,4636,1449,135
"2021-08-16","SULAWESI BARAT",61,46,12,3,6281,4682,1461,138
"2021-08-17","SULAWESI BARAT",141,126,13,2,6422,4808,1474,140
"2021-08-18","SULAWESI BARAT",44,109,-73,8,6466,4917,1401,148
"2021-08-19","SULAWESI BARAT",87,154,-70,3,6553,5071,1331,151
"2021-08-20","SULAWESI BARAT",78,70,4,4,6631,5141,1335,155
"2021-08-21","SULAWESI BARAT",102,91,2,9,6733,5232,1337,164
"2021-08-22","SULAWESI BARAT",69,87,-21,3,6802,5319,1316,167
"2021-08-23","SULAWESI BARAT",5,96,-95,4,6807,5415,1221,171
"2021-08-24","SULAWESI BARAT",12,115,-106,3,6819,5530,1115,174
"2021-08-25","SULAWESI BARAT",3,98,-98,3,6822,5628,1017,177
"2021-08-26","SULAWESI BARAT",24,88,-66,2,6846,5716,951,179
"2021-08-27","SULAWESI BARAT",8,104,-97,1,6854,5820,854,180
"2021-08-28","SULAWESI BARAT",6,78,-72,0,6860,5898,782,180
"2021-08-29","SULAWESI BARAT",11,81,-71,1,6871,5979,711,181
"2021-08-30","SULAWESI BARAT",6,63,-58,1,6877,6042,653,182
"2021-08-31","SULAWESI BARAT",8,49,-43,2,6885,6091,610,184
"2021-09-01","SULAWESI BARAT",31,72,-42,1,6916,6163,568,185
"2021-09-02","SULAWESI BARAT",59,50,8,1,6975,6213,576,186
"2021-09-03","SULAWESI BARAT",25,28,-3,0,7000,6241,573,186
"2021-09-04","SULAWESI BARAT",32,26,4,2,7032,6267,577,188
"2021-09-05","SULAWESI BARAT",25,34,-11,2,7057,6301,566,190
"2021-09-06","SULAWESI BARAT",15,27,-15,3,7072,6328,551,193
"2021-09-07","SULAWESI BARAT",22,90,-70,2,7094,6418,481,195
"2021-09-08","SULAWESI BARAT",31,25,6,0,7125,6443,487,195
"2021-09-09","SULAWESI BARAT",36,20,14,2,7161,6463,501,197
"2021-09-10","SULAWESI BARAT",22,44,-22,0,7183,6507,479,197
"2021-09-11","SULAWESI BARAT",17,49,-32,0,7200,6556,447,197
"2021-09-12","SULAWESI BARAT",19,41,-22,0,7219,6597,425,197
"2021-09-13","SULAWESI BARAT",10,24,-15,1,7229,6621,410,198
"2021-09-14","SULAWESI BARAT",20,13,5,2,7249,6634,415,200
"2021-09-15","SULAWESI BARAT",24,20,3,1,7273,6654,418,201
"2021-09-16","SULAWESI BARAT",13,18,-5,0,7286,6672,413,201
"2021-09-17","SULAWESI BARAT",12,45,-33,0,7298,6717,380,201
"2021-09-18","SULAWESI BARAT",9,20,-11,0,7307,6737,369,201
"2021-09-19","SULAWESI BARAT",17,22,-6,1,7324,6759,363,202
"2021-09-20","SULAWESI BARAT",12,26,-14,0,7336,6785,349,202
"2021-09-21","SULAWESI BARAT",16,38,-23,1,7352,6823,326,203
"2021-09-22","SULAWESI BARAT",12,31,-23,4,7364,6854,303,207
"2021-09-23","SULAWESI BARAT",11,22,-11,0,7375,6876,292,207
"2021-09-24","SULAWESI BARAT",9,30,-21,0,7384,6906,271,207
"2021-09-25","SULAWESI BARAT",5,17,-13,1,7389,6923,258,208
"2021-09-26","SULAWESI BARAT",5,11,-6,0,7394,6934,252,208
"2021-09-27","SULAWESI BARAT",1,26,-26,1,7395,6960,226,209
"2021-09-28","SULAWESI BARAT",1,23,-22,0,7396,6983,204,209
"2021-09-29","SULAWESI BARAT",11,25,-14,0,7407,7008,190,209
"2021-09-30","SULAWESI BARAT",7,14,-7,0,7414,7022,183,209
"2021-10-01","SULAWESI BARAT",7,11,-6,2,7421,7033,177,211
"2021-10-02","SULAWESI BARAT",3,12,-9,0,7424,7045,168,211
"2021-10-03","SULAWESI BARAT",8,11,-3,0,7432,7056,165,211
"2021-10-04","SULAWESI BARAT",7,22,-15,0,7439,7078,150,211
"2021-10-05","SULAWESI BARAT",13,19,-7,1,7452,7097,143,212
"2021-10-06","SULAWESI BARAT",6,14,-8,0,7458,7111,135,212
"2021-10-07","SULAWESI BARAT",8,11,-4,1,7466,7122,131,213
"2021-10-08","SULAWESI BARAT",35,8,27,0,7501,7130,158,213
"2021-10-09","SULAWESI BARAT",16,4,12,0,7517,7134,170,213
"2021-10-10","SULAWESI BARAT",8,6,2,0,7525,7140,172,213
"2021-10-11","SULAWESI BARAT",12,7,3,2,7537,7147,175,215
"2021-10-12","SULAWESI BARAT",2,23,-21,0,7539,7170,154,215
"2021-10-13","SULAWESI BARAT",6,29,-23,0,7545,7199,131,215
"2021-10-14","SULAWESI BARAT",5,6,-1,0,7550,7205,130,215
"2021-10-15","SULAWESI BARAT",2,12,-10,0,7552,7217,120,215
"2021-10-16","SULAWESI BARAT",1,3,-2,0,7553,7220,118,215
"2021-10-17","SULAWESI BARAT",0,16,-16,0,7553,7236,102,215
"2021-10-18","SULAWESI BARAT",0,13,-13,0,7553,7249,89,215
"2021-10-19","SULAWESI BARAT",3,29,-26,0,7556,7278,63,215
"2021-10-20","SULAWESI BARAT",1,11,-10,0,7557,7289,53,215
"2021-10-21","SULAWESI BARAT",0,23,-24,1,7557,7312,29,216
"2021-10-22","SULAWESI BARAT",0,8,-8,0,7557,7320,21,216
"2021-10-23","SULAWESI BARAT",2,0,2,0,7559,7320,23,216
"2021-10-24","SULAWESI BARAT",1,5,-4,0,7560,7325,19,216
"2021-10-25","SULAWESI BARAT",0,7,-7,0,7560,7332,12,216
"2021-10-26","SULAWESI BARAT",3,2,0,1,7563,7334,12,217
"2021-10-27","SULAWESI BARAT",2,2,0,0,7565,7336,12,217
"2021-10-28","SULAWESI BARAT",4,0,4,0,7569,7336,16,217
"2021-10-29","SULAWESI BARAT",4,0,4,0,7573,7336,20,217
"2021-10-30","SULAWESI BARAT",0,2,-2,0,7573,7338,18,217
"2021-10-31","SULAWESI BARAT",0,1,-1,0,7573,7339,17,217
"2021-11-01","SULAWESI BARAT",1,1,0,0,7574,7340,17,217
"2021-11-02","SULAWESI BARAT",4,1,2,1,7578,7341,19,218
"2021-11-03","SULAWESI BARAT",3,0,3,0,7581,7341,22,218
"2021-11-04","SULAWESI BARAT",2,0,2,0,7583,7341,24,218
"2021-11-05","SULAWESI BARAT",5,0,5,0,7588,7341,29,218
"2021-11-06","SULAWESI BARAT",0,1,-1,0,7588,7342,28,218
"2021-11-07","SULAWESI BARAT",0,0,0,0,7588,7342,28,218
"2021-11-08","SULAWESI BARAT",0,3,-3,0,7588,7345,25,218
"2021-11-09","SULAWESI BARAT",3,0,3,0,7591,7345,28,218
"2021-11-10","SULAWESI BARAT",0,7,-7,0,7591,7352,21,218
"2021-11-11","SULAWESI BARAT",4,2,2,0,7595,7354,23,218
"2021-11-12","SULAWESI BARAT",1,1,0,0,7596,7355,23,218
"2021-11-13","SULAWESI BARAT",0,3,-3,0,7596,7358,20,218
"2021-11-14","SULAWESI BARAT",0,2,-2,0,7596,7360,18,218
"2021-11-15","SULAWESI BARAT",0,3,-3,0,7596,7363,15,218
"2021-11-16","SULAWESI BARAT",0,1,-1,0,7596,7364,14,218
"2021-11-17","SULAWESI BARAT",1,0,1,0,7597,7364,15,218
"2021-11-18","SULAWESI BARAT",2,0,1,1,7599,7364,16,219
"2021-11-19","SULAWESI BARAT",1,0,1,0,7600,7364,17,219
"2021-11-20","SULAWESI BARAT",1,1,0,0,7601,7365,17,219
"2021-11-21","SULAWESI BARAT",0,5,-5,0,7601,7370,12,219
"2021-11-22","SULAWESI BARAT",0,1,-1,0,7601,7371,11,219
"2021-11-23","SULAWESI BARAT",0,3,-3,0,7601,7374,8,219
"2021-11-24","SULAWESI BARAT",0,3,-3,0,7601,7377,5,219
"2021-11-25","SULAWESI BARAT",0,1,-1,0,7601,7378,4,219
"2021-11-26","SULAWESI BARAT",0,0,0,0,7601,7378,4,219
"2021-11-27","SULAWESI BARAT",1,0,1,0,7602,7378,5,219
"2021-11-28","SULAWESI BARAT",0,1,-1,0,7602,7379,4,219
"2021-11-29","SULAWESI BARAT",0,0,0,0,7602,7379,4,219
"2021-11-30","SULAWESI BARAT",1,0,1,0,7603,7379,5,219
"2021-12-01","SULAWESI BARAT",1,2,-1,0,7604,7381,4,219
"2021-12-02","SULAWESI BARAT",0,0,0,0,7604,7381,4,219
"2021-12-03","SULAWESI BARAT",1,2,-1,0,7605,7383,3,219
"2021-12-04","SULAWESI BARAT",0,0,0,0,7605,7383,3,219
"2021-12-05","SULAWESI BARAT",0,1,-1,0,7605,7384,2,219
"2021-12-06","SULAWESI BARAT",1,1,0,0,7606,7385,2,219
"2021-12-07","SULAWESI BARAT",0,0,0,0,7606,7385,2,219
"2021-12-08","SULAWESI BARAT",2,0,2,0,7608,7385,4,219
"2021-12-09","SULAWESI BARAT",0,0,0,0,7608,7385,4,219
"2021-12-10","SULAWESI BARAT",1,0,1,0,7609,7385,5,219
"2021-12-11","SULAWESI BARAT",1,0,1,0,7610,7385,6,219
"2021-12-12","SULAWESI BARAT",0,0,0,0,7610,7385,6,219
"2021-12-13","SULAWESI BARAT",0,0,0,0,7610,7385,6,219
"2021-12-14","SULAWESI BARAT",2,0,2,0,7612,7385,8,219
"2021-12-15","SULAWESI BARAT",0,0,0,0,7612,7385,8,219
"2021-12-16","SULAWESI BARAT",0,3,-4,1,7612,7388,4,220
"2021-12-17","SULAWESI BARAT",0,0,0,0,7612,7388,4,220
"2021-12-18","SULAWESI BARAT",0,0,0,0,7612,7388,4,220
"2021-12-19","SULAWESI BARAT",0,0,0,0,7612,7388,4,220
"2021-12-20","SULAWESI BARAT",0,0,0,0,7612,7388,4,220
"2021-12-21","SULAWESI BARAT",3,0,3,0,7615,7388,7,220
"2021-12-22","SULAWESI BARAT",0,1,-1,0,7615,7389,6,220
"2021-12-23","SULAWESI BARAT",0,1,-1,0,7615,7390,5,220
"2021-12-24","SULAWESI BARAT",1,0,1,0,7616,7390,6,220
"2021-12-25","SULAWESI BARAT",2,1,1,0,7618,7391,7,220
"2021-12-26","SULAWESI BARAT",1,0,1,0,7619,7391,8,220
"2021-12-27","SULAWESI BARAT",0,0,0,0,7619,7391,8,220
"2021-12-28","SULAWESI BARAT",0,1,-1,0,7619,7392,7,220
"2021-12-29","SULAWESI BARAT",0,1,-1,0,7619,7393,6,220
"2021-12-30","SULAWESI BARAT",0,1,-1,0,7619,7394,5,220
"2021-12-31","SULAWESI BARAT",0,1,-1,0,7619,7395,4,220
"2022-01-01","SULAWESI BARAT",0,0,0,0,7619,7395,4,220
"2022-01-02","SULAWESI BARAT",0,0,0,0,7619,7395,4,220
"2022-01-03","SULAWESI BARAT",0,0,0,0,7619,7395,4,220
"2022-01-04","SULAWESI BARAT",0,1,-1,0,7619,7396,3,220
"2022-01-05","SULAWESI BARAT",0,0,0,0,7619,7396,3,220
"2022-01-06","SULAWESI BARAT",1,2,-1,0,7620,7398,2,220
"2022-01-07","SULAWESI BARAT",0,0,0,0,7620,7398,2,220
"2022-01-08","SULAWESI BARAT",1,0,1,0,7621,7398,3,220
"2022-01-09","SULAWESI BARAT",1,1,0,0,7622,7399,3,220
"2022-01-10","SULAWESI BARAT",0,0,0,0,7622,7399,3,220
"2022-01-11","SULAWESI BARAT",0,0,0,0,7622,7399,3,220
"2022-01-12","SULAWESI BARAT",0,0,0,0,7622,7399,3,220
"2022-01-13","SULAWESI BARAT",0,0,0,0,7622,7399,3,220
"2022-01-14","SULAWESI BARAT",0,0,0,0,7622,7399,3,220
"2022-01-15","SULAWESI BARAT",0,0,0,0,7622,7399,3,220
"2022-01-16","SULAWESI BARAT",0,0,0,0,7622,7399,3,220
"2022-01-17","SULAWESI BARAT",0,0,0,0,7622,7399,3,220
"2022-01-18","SULAWESI BARAT",0,0,0,0,7622,7399,3,220
"2022-01-19","SULAWESI BARAT",0,0,0,0,7622,7399,3,220
"2022-01-20","SULAWESI BARAT",0,0,0,0,7622,7399,3,220
"2022-01-21","SULAWESI BARAT",0,2,-2,0,7622,7401,1,220
"2022-01-22","SULAWESI BARAT",1,0,1,0,7623,7401,2,220
"2022-01-23","SULAWESI BARAT",0,0,0,0,7623,7401,2,220
"2022-01-24","SULAWESI BARAT",0,0,0,0,7623,7401,2,220
"2022-01-25","SULAWESI BARAT",1,0,1,0,7624,7401,3,220
"2022-01-26","SULAWESI BARAT",1,0,1,0,7625,7401,4,220
"2022-01-27","SULAWESI BARAT",3,0,3,0,7628,7401,7,220
"2022-01-28","SULAWESI BARAT",0,0,0,0,7628,7401,7,220
"2022-01-29","SULAWESI BARAT",1,1,0,0,7629,7402,7,220
"2022-01-30","SULAWESI BARAT",0,0,0,0,7629,7402,7,220
"2022-01-31","SULAWESI BARAT",1,0,1,0,7630,7402,8,220
"2022-02-01","SULAWESI BARAT",4,0,4,0,7634,7402,12,220
"2022-02-02","SULAWESI BARAT",1,1,0,0,7635,7403,12,220
"2022-02-03","SULAWESI BARAT",2,0,2,0,7637,7403,14,220
"2022-02-04","SULAWESI BARAT",2,0,2,0,7639,7403,16,220
"2022-02-05","SULAWESI BARAT",7,2,5,0,7646,7405,21,220
"2022-02-06","SULAWESI BARAT",8,0,8,0,7654,7405,29,220
"2022-02-07","SULAWESI BARAT",3,0,3,0,7657,7405,32,220
"2022-02-08","SULAWESI BARAT",4,2,2,0,7661,7407,34,220
"2022-02-09","SULAWESI BARAT",9,0,9,0,7670,7407,43,220
"2022-02-10","SULAWESI BARAT",20,1,19,0,7690,7408,62,220
"2022-02-11","SULAWESI BARAT",11,0,11,0,7701,7408,73,220
"2022-02-12","SULAWESI BARAT",27,2,25,0,7728,7410,98,220
"2022-02-13","SULAWESI BARAT",13,3,9,1,7741,7413,107,221
"2022-02-14","SULAWESI BARAT",18,5,13,0,7759,7418,120,221
"2022-02-15","SULAWESI BARAT",61,8,52,1,7820,7426,172,222
"2022-02-16","SULAWESI BARAT",44,3,41,0,7864,7429,213,222
"2022-02-17","SULAWESI BARAT",54,8,45,1,7918,7437,258,223
"2022-02-18","SULAWESI BARAT",28,0,28,0,7946,7437,286,223
"2022-02-19","SULAWESI BARAT",102,7,94,1,8048,7444,380,224
"2022-02-20","SULAWESI BARAT",51,6,44,1,8099,7450,424,225
"2022-02-21","SULAWESI BARAT",52,19,30,3,8151,7469,454,228
"2022-02-22","SULAWESI BARAT",106,18,88,0,8257,7487,542,228
"2022-02-23","SULAWESI BARAT",142,26,115,1,8399,7513,657,229
"2022-02-24","SULAWESI BARAT",165,26,139,0,8564,7539,796,229
"2022-02-25","SULAWESI BARAT",185,21,164,0,8749,7560,960,229
"2022-02-26","SULAWESI BARAT",131,42,89,0,8880,7602,1049,229
"2022-02-27","SULAWESI BARAT",94,36,57,1,8974,7638,1106,230
"2022-02-28","SULAWESI BARAT",35,50,-18,3,9009,7688,1088,233
"2022-03-01","SULAWESI BARAT",86,63,23,0,9095,7751,1111,233
"2022-03-02","SULAWESI BARAT",187,38,149,0,9282,7789,1260,233
"2022-03-03","SULAWESI BARAT",150,35,112,3,9432,7824,1372,236
"2022-03-04","SULAWESI BARAT",79,109,-33,3,9511,7933,1339,239
"2022-03-05","SULAWESI BARAT",155,82,70,3,9666,8015,1409,242
"2022-03-06","SULAWESI BARAT",90,131,-42,1,9756,8146,1367,243
"2022-03-07","SULAWESI BARAT",46,145,-100,1,9802,8291,1267,244
"2022-03-08","SULAWESI BARAT",1,18,-18,1,9803,8309,1249,245
"2020-08-06","MALUKU",46,0,45,1,46,0,45,1
"2020-08-07","MALUKU",71,0,71,0,117,0,116,1
"2020-08-08","MALUKU",6,0,6,0,123,0,122,1
"2020-08-09","MALUKU",32,0,32,0,155,0,154,1
"2020-08-10","MALUKU",15,0,15,0,170,0,169,1
"2020-08-11","MALUKU",2,1,1,0,172,1,170,1
"2020-08-12","MALUKU",20,0,20,0,192,1,190,1
"2020-08-13","MALUKU",39,1,38,0,231,2,228,1
"2020-08-14","MALUKU",10,0,10,0,241,2,238,1
"2020-08-15","MALUKU",32,2,27,3,273,4,265,4
"2020-08-16","MALUKU",47,3,44,0,320,7,309,4
"2020-08-17","MALUKU",26,0,25,1,346,7,334,5
"2020-08-18","MALUKU",9,8,0,1,355,15,334,6
"2020-08-19","MALUKU",23,6,17,0,378,21,351,6
"2020-08-20","MALUKU",58,0,57,1,436,21,408,7
"2020-08-21","MALUKU",0,0,0,0,436,21,408,7
"2020-08-22","MALUKU",4,0,4,0,440,21,412,7
"2020-08-23","MALUKU",54,0,54,0,494,21,466,7
"2020-08-24","MALUKU",8,3,5,0,502,24,471,7
"2020-08-25","MALUKU",65,34,30,1,567,58,501,8
"2020-08-26","MALUKU",6,24,-19,1,573,82,482,9
"2020-08-27","MALUKU",33,11,22,0,606,93,504,9
"2020-08-28","MALUKU",4,0,4,0,610,93,508,9
"2020-08-29","MALUKU",27,1,26,0,637,94,534,9
"2020-08-30","MALUKU",20,0,20,0,657,94,554,9
"2020-08-31","MALUKU",25,40,-15,0,682,134,539,9
"2020-09-01","MALUKU",43,38,5,0,725,172,544,9
"2020-09-02","MALUKU",10,10,-1,1,735,182,543,10
"2020-09-03","MALUKU",51,15,36,0,786,197,579,10
"2020-09-04","MALUKU",43,22,21,0,829,219,600,10
"2020-09-05","MALUKU",60,11,48,1,889,230,648,11
"2020-09-06","MALUKU",80,22,57,1,969,252,705,12
"2020-09-07","MALUKU",20,29,-9,0,989,281,696,12
"2020-09-08","MALUKU",42,47,-5,0,1031,328,691,12
"2020-09-09","MALUKU",21,11,10,0,1052,339,701,12
"2020-09-10","MALUKU",21,0,21,0,1073,339,722,12
"2020-09-11","MALUKU",117,38,79,0,1190,377,801,12
"2020-09-12","MALUKU",12,7,3,2,1202,384,804,14
"2020-09-13","MALUKU",57,0,57,0,1259,384,861,14
"2020-09-14","MALUKU",31,43,-12,0,1290,427,849,14
"2020-09-15","MALUKU",16,13,3,0,1306,440,852,14
"2020-09-16","MALUKU",19,0,19,0,1325,440,871,14
"2020-09-17","MALUKU",3,0,3,0,1328,440,874,14
"2020-09-18","MALUKU",7,56,-49,0,1335,496,825,14
"2020-09-19","MALUKU",41,44,-3,0,1376,540,822,14
"2020-09-20","MALUKU",15,0,15,0,1391,540,837,14
"2020-09-21","MALUKU",49,2,46,1,1440,542,883,15
"2020-09-22","MALUKU",37,4,32,1,1477,546,915,16
"2020-09-23","MALUKU",2,22,-20,0,1479,568,895,16
"2020-09-24","MALUKU",0,0,0,0,1479,568,895,16
"2020-09-25","MALUKU",0,0,0,0,1479,568,895,16
"2020-09-26","MALUKU",73,8,64,1,1552,576,959,17
"2020-09-27","MALUKU",0,39,-39,0,1552,615,920,17
"2020-09-28","MALUKU",0,0,0,0,1552,615,920,17
"2020-09-29","MALUKU",88,66,22,0,1640,681,942,17
"2020-09-30","MALUKU",0,0,0,0,1640,681,942,17
"2020-10-01","MALUKU",44,40,4,0,1684,721,946,17
"2020-10-02","MALUKU",117,0,117,0,1801,721,1063,17
"2020-10-03","MALUKU",0,27,-27,0,1801,748,1036,17
"2020-10-04","MALUKU",0,31,-31,0,1801,779,1005,17
"2020-10-05","MALUKU",22,0,22,0,1823,779,1027,17
"2020-10-06","MALUKU",68,16,52,0,1891,795,1079,17
"2020-10-07","MALUKU",48,48,0,0,1939,843,1079,17
"2020-10-08","MALUKU",94,32,62,0,2033,875,1141,17
"2020-10-09","MALUKU",0,0,0,0,2033,875,1141,17
"2020-10-10","MALUKU",122,25,96,1,2155,900,1237,18
"2020-10-11","MALUKU",41,0,41,0,2196,900,1278,18
"2020-10-12","MALUKU",13,120,-107,0,2209,1020,1171,18
"2020-10-13","MALUKU",6,89,-83,0,2215,1109,1088,18
"2020-10-14","MALUKU",2,18,-16,0,2217,1127,1072,18
"2020-10-15","MALUKU",15,175,-160,0,2232,1302,912,18
"2020-10-16","MALUKU",8,69,-61,0,2240,1371,851,18
"2020-10-17","MALUKU",42,103,-61,0,2282,1474,790,18
"2020-10-18","MALUKU",40,64,-24,0,2322,1538,766,18
"2020-10-19","MALUKU",36,25,10,1,2358,1563,776,19
"2020-10-20","MALUKU",20,63,-43,0,2378,1626,733,19
"2020-10-21","MALUKU",7,27,-21,1,2385,1653,712,20
"2020-10-22","MALUKU",0,0,0,0,2385,1653,712,20
"2020-10-23","MALUKU",0,45,-45,0,2385,1698,667,20
"2020-10-24","MALUKU",0,42,-43,1,2385,1740,624,21
"2020-10-25","MALUKU",21,93,-72,0,2406,1833,552,21
"2020-10-26","MALUKU",0,56,-56,0,2406,1889,496,21
"2020-10-27","MALUKU",33,34,-3,2,2439,1923,493,23
"2020-10-28","MALUKU",13,39,-26,0,2452,1962,467,23
"2020-10-29","MALUKU",5,28,-23,0,2457,1990,444,23
"2020-10-30","MALUKU",0,0,0,0,2457,1990,444,23
"2020-10-31","MALUKU",62,40,22,0,2519,2030,466,23
"2020-11-01","MALUKU",11,0,11,0,2530,2030,477,23
"2020-11-02","MALUKU",0,19,-19,0,2530,2049,458,23
"2020-11-03","MALUKU",14,1,13,0,2544,2050,471,23
"2020-11-04","MALUKU",0,0,0,0,2544,2050,471,23
"2020-11-05","MALUKU",7,17,-10,0,2551,2067,461,23
"2020-11-06","MALUKU",30,16,13,1,2581,2083,474,24
"2020-11-07","MALUKU",10,63,-54,1,2591,2146,420,25
"2020-11-08","MALUKU",40,12,28,0,2631,2158,448,25
"2020-11-09","MALUKU",11,12,-2,1,2642,2170,446,26
"2020-11-10","MALUKU",29,17,12,0,2671,2187,458,26
"2020-11-11","MALUKU",25,13,12,0,2696,2200,470,26
"2020-11-12","MALUKU",44,20,24,0,2740,2220,494,26
"2020-11-13","MALUKU",17,38,-24,3,2757,2258,470,29
"2020-11-14","MALUKU",25,8,17,0,2782,2266,487,29
"2020-11-15","MALUKU",14,3,11,0,2796,2269,498,29
"2020-11-16","MALUKU",0,2,-2,0,2796,2271,496,29
"2020-11-17","MALUKU",19,31,-12,0,2815,2302,484,29
"2020-11-18","MALUKU",4,3,1,0,2819,2305,485,29
"2020-11-19","MALUKU",50,12,34,4,2869,2317,519,33
"2020-11-20","MALUKU",10,15,-5,0,2879,2332,514,33
"2020-11-21","MALUKU",33,42,-12,3,2912,2374,502,36
"2020-11-22","MALUKU",10,0,10,0,2922,2374,512,36
"2020-11-23","MALUKU",16,31,-15,0,2938,2405,497,36
"2020-11-24","MALUKU",0,0,0,0,2938,2405,497,36
"2020-11-25","MALUKU",53,50,3,0,2991,2455,500,36
"2020-11-26","MALUKU",104,6,98,0,3095,2461,598,36
"2020-11-27","MALUKU",0,2,-2,0,3095,2463,596,36
"2020-11-28","MALUKU",41,15,25,1,3136,2478,621,37
"2020-11-29","MALUKU",108,16,92,0,3244,2494,713,37
"2020-11-30","MALUKU",43,6,37,0,3287,2500,750,37
"2020-12-01","MALUKU",0,5,-5,0,3287,2505,745,37
"2020-12-02","MALUKU",0,12,-12,0,3287,2517,733,37
"2020-12-03","MALUKU",0,0,0,0,3287,2517,733,37
"2020-12-04","MALUKU",5,8,-3,0,3292,2525,730,37
"2020-12-05","MALUKU",0,5,-5,0,3292,2530,725,37
"2020-12-06","MALUKU",47,0,44,3,3339,2530,769,40
"2020-12-07","MALUKU",46,0,46,0,3385,2530,815,40
"2020-12-08","MALUKU",0,25,-25,0,3385,2555,790,40
"2020-12-09","MALUKU",39,0,37,2,3424,2555,827,42
"2020-12-10","MALUKU",11,4,7,0,3435,2559,834,42
"2020-12-11","MALUKU",40,9,31,0,3475,2568,865,42
"2020-12-12","MALUKU",71,7,63,1,3546,2575,928,43
"2020-12-13","MALUKU",32,8,24,0,3578,2583,952,43
"2020-12-14","MALUKU",0,8,-8,0,3578,2591,944,43
"2020-12-15","MALUKU",137,29,107,1,3715,2620,1051,44
"2020-12-16","MALUKU",0,0,0,0,3715,2620,1051,44
"2020-12-17","MALUKU",0,24,-24,0,3715,2644,1027,44
"2020-12-18","MALUKU",0,0,0,0,3715,2644,1027,44
"2020-12-19","MALUKU",0,63,-63,0,3715,2707,964,44
"2020-12-20","MALUKU",0,12,-12,0,3715,2719,952,44
"2020-12-21","MALUKU",0,13,-13,0,3715,2732,939,44
"2020-12-22","MALUKU",0,184,-184,0,3715,2916,755,44
"2020-12-23","MALUKU",0,18,-18,0,3715,2934,737,44
"2020-12-24","MALUKU",42,8,33,1,3757,2942,770,45
"2020-12-25","MALUKU",36,9,27,0,3793,2951,797,45
"2020-12-26","MALUKU",34,11,23,0,3827,2962,820,45
"2020-12-27","MALUKU",33,1,32,0,3860,2963,852,45
"2020-12-28","MALUKU",43,25,18,0,3903,2988,870,45
"2020-12-29","MALUKU",10,21,-11,0,3913,3009,859,45
"2020-12-30","MALUKU",0,16,-16,0,3913,3025,843,45
"2020-12-31","MALUKU",29,70,-41,0,3942,3095,802,45
"2021-01-01","MALUKU",32,8,23,1,3974,3103,825,46
"2021-01-02","MALUKU",18,32,-14,0,3992,3135,811,46
"2021-01-03","MALUKU",0,22,-22,0,3992,3157,789,46
"2021-01-04","MALUKU",0,7,-10,3,3992,3164,779,49
"2021-01-05","MALUKU",0,129,-129,0,3992,3293,650,49
"2021-01-06","MALUKU",0,7,-7,0,3992,3300,643,49
"2021-01-07","MALUKU",0,16,-16,0,3992,3316,627,49
"2021-01-08","MALUKU",0,22,-22,0,3992,3338,605,49
"2021-01-09","MALUKU",0,6,-6,0,3992,3344,599,49
"2021-01-10","MALUKU",0,0,0,0,3992,3344,599,49
"2021-01-11","MALUKU",0,3,-3,0,3992,3347,596,49
"2021-01-12","MALUKU",0,7,-7,0,3992,3354,589,49
"2021-01-13","MALUKU",0,2,-2,0,3992,3356,587,49
"2021-01-14","MALUKU",4,3,1,0,3996,3359,588,49
"2021-01-15","MALUKU",46,38,4,4,4042,3397,592,53
"2021-01-16","MALUKU",38,28,9,1,4080,3425,601,54
"2021-01-17","MALUKU",41,0,41,0,4121,3425,642,54
"2021-01-18","MALUKU",29,30,-2,1,4150,3455,640,55
"2021-01-19","MALUKU",0,4,-4,0,4150,3459,636,55
"2021-01-20","MALUKU",0,12,-12,0,4150,3471,624,55
"2021-01-21","MALUKU",0,3,-3,0,4150,3474,621,55
"2021-01-22","MALUKU",0,0,0,0,4150,3474,621,55
"2021-01-23","MALUKU",0,33,-33,0,4150,3507,588,55
"2021-01-24","MALUKU",0,6,-6,0,4150,3513,582,55
"2021-01-25","MALUKU",0,17,-17,0,4150,3530,565,55
"2021-01-26","MALUKU",0,1,-1,0,4150,3531,564,55
"2021-01-27","MALUKU",0,0,0,0,4150,3531,564,55
"2021-01-28","MALUKU",0,0,0,0,4150,3531,564,55
"2021-01-29","MALUKU",0,4,-4,0,4150,3535,560,55
"2021-01-30","MALUKU",0,1,-1,0,4150,3536,559,55
"2021-01-31","MALUKU",0,0,0,0,4150,3536,559,55
"2021-02-01","MALUKU",0,19,-19,0,4150,3555,540,55
"2021-02-02","MALUKU",8,7,1,0,4158,3562,541,55
"2021-02-03","MALUKU",1,2,-4,3,4159,3564,537,58
"2021-02-04","MALUKU",20,54,-34,0,4179,3618,503,58
"2021-02-05","MALUKU",31,28,3,0,4210,3646,506,58
"2021-02-06","MALUKU",29,21,8,0,4239,3667,514,58
"2021-02-07","MALUKU",23,6,16,1,4262,3673,530,59
"2021-02-08","MALUKU",0,32,-33,1,4262,3705,497,60
"2021-02-09","MALUKU",0,11,-11,0,4262,3716,486,60
"2021-02-10","MALUKU",0,12,-12,0,4262,3728,474,60
"2021-02-11","MALUKU",0,24,-27,3,4262,3752,447,63
"2021-02-12","MALUKU",0,2,-2,0,4262,3754,445,63
"2021-02-13","MALUKU",0,11,-11,0,4262,3765,434,63
"2021-02-14","MALUKU",0,100,-100,0,4262,3865,334,63
"2021-02-15","MALUKU",0,19,-19,0,4262,3884,315,63
"2021-02-16","MALUKU",0,0,0,0,4262,3884,315,63
"2021-02-17","MALUKU",0,27,-27,0,4262,3911,288,63
"2021-02-18","MALUKU",0,7,-7,0,4262,3918,281,63
"2021-02-19","MALUKU",0,19,-19,0,4262,3937,262,63
"2021-02-20","MALUKU",0,61,-61,0,4262,3998,201,63
"2021-02-21","MALUKU",0,1,-1,0,4262,3999,200,63
"2021-02-22","MALUKU",44,4,40,0,4306,4003,240,63
"2021-02-23","MALUKU",9,0,9,0,4315,4003,249,63
"2021-02-24","MALUKU",14,7,7,0,4329,4010,256,63
"2021-02-25","MALUKU",30,19,11,0,4359,4029,267,63
"2021-02-26","MALUKU",24,0,24,0,4383,4029,291,63
"2021-02-27","MALUKU",28,5,23,0,4411,4034,314,63
"2021-02-28","MALUKU",0,5,-5,0,4411,4039,309,63
"2021-03-01","MALUKU",0,4,-4,0,4411,4043,305,63
"2021-03-02","MALUKU",0,6,-6,0,4411,4049,299,63
"2021-03-03","MALUKU",0,22,-22,0,4411,4071,277,63
"2021-03-04","MALUKU",0,16,-16,0,4411,4087,261,63
"2021-03-05","MALUKU",0,0,0,0,4411,4087,261,63
"2021-03-06","MALUKU",0,28,-28,0,4411,4115,233,63
"2021-03-07","MALUKU",0,1,-1,0,4411,4116,232,63
"2021-03-08","MALUKU",0,51,-51,0,4411,4167,181,63
"2021-03-09","MALUKU",0,10,-10,0,4411,4177,171,63
"2021-03-10","MALUKU",0,24,-24,0,4411,4201,147,63
"2021-03-11","MALUKU",0,1,-1,0,4411,4202,146,63
"2021-03-12","MALUKU",0,7,-7,0,4411,4209,139,63
"2021-03-13","MALUKU",0,0,0,0,4411,4209,139,63
"2021-03-14","MALUKU",22,4,17,1,4433,4213,156,64
"2021-03-15","MALUKU",4,5,-1,0,4437,4218,155,64
"2021-03-16","MALUKU",6,2,3,1,4443,4220,158,65
"2021-03-17","MALUKU",4,3,1,0,4447,4223,159,65
"2021-03-18","MALUKU",14,0,14,0,4461,4223,173,65
"2021-03-19","MALUKU",4,13,-9,0,4465,4236,164,65
"2021-03-20","MALUKU",10,2,8,0,4475,4238,172,65
"2021-03-21","MALUKU",4,3,1,0,4479,4241,173,65
"2021-03-22","MALUKU",4,6,-2,0,4483,4247,171,65
"2021-03-23","MALUKU",21,7,14,0,4504,4254,185,65
"2021-03-24","MALUKU",26,0,26,0,4530,4254,211,65
"2021-03-25","MALUKU",0,16,-16,0,4530,4270,195,65
"2021-03-26","MALUKU",0,5,-5,0,4530,4275,190,65
"2021-03-27","MALUKU",0,3,-3,0,4530,4278,187,65
"2021-03-28","MALUKU",0,3,-3,0,4530,4281,184,65
"2021-03-29","MALUKU",0,6,-6,0,4530,4287,178,65
"2021-03-30","MALUKU",0,4,-4,0,4530,4291,174,65
"2021-03-31","MALUKU",0,0,0,0,4530,4291,174,65
"2021-04-01","MALUKU",0,3,-3,0,4530,4294,171,65
"2021-04-02","MALUKU",0,5,-5,0,4530,4299,166,65
"2021-04-03","MALUKU",3,0,3,0,4533,4299,169,65
"2021-04-04","MALUKU",0,8,-8,0,4533,4307,161,65
"2021-04-05","MALUKU",2,1,-1,2,4535,4308,160,67
"2021-04-06","MALUKU",11,2,9,0,4546,4310,169,67
"2021-04-07","MALUKU",6,9,-3,0,4552,4319,166,67
"2021-04-08","MALUKU",9,3,6,0,4561,4322,172,67
"2021-04-09","MALUKU",2,4,-2,0,4563,4326,170,67
"2021-04-10","MALUKU",1,1,0,0,4564,4327,170,67
"2021-04-11","MALUKU",7,9,-2,0,4571,4336,168,67
"2021-04-12","MALUKU",24,1,23,0,4595,4337,191,67
"2021-04-13","MALUKU",2,0,0,2,4597,4337,191,69
"2021-04-14","MALUKU",18,1,17,0,4615,4338,208,69
"2021-04-15","MALUKU",0,0,0,0,4615,4338,208,69
"2021-04-16","MALUKU",0,24,-24,0,4615,4362,184,69
"2021-04-17","MALUKU",0,4,-4,0,4615,4366,180,69
"2021-04-18","MALUKU",0,5,-5,0,4615,4371,175,69
"2021-04-19","MALUKU",0,2,-2,0,4615,4373,173,69
"2021-04-20","MALUKU",0,4,-4,0,4615,4377,169,69
"2021-04-21","MALUKU",0,1,-1,0,4615,4378,168,69
"2021-04-22","MALUKU",0,0,0,0,4615,4378,168,69
"2021-04-23","MALUKU",8,3,5,0,4623,4381,173,69
"2021-04-24","MALUKU",0,9,-9,0,4623,4390,164,69
"2021-04-25","MALUKU",8,2,6,0,4631,4392,170,69
"2021-04-26","MALUKU",0,0,0,0,4631,4392,170,69
"2021-04-27","MALUKU",0,0,0,0,4631,4392,170,69
"2021-04-28","MALUKU",2,46,-44,0,4633,4438,126,69
"2021-04-29","MALUKU",0,2,-2,0,4633,4440,124,69
"2021-04-30","MALUKU",13,0,13,0,4646,4440,137,69
"2021-05-01","MALUKU",0,2,-2,0,4646,4442,135,69
"2021-05-02","MALUKU",5,1,4,0,4651,4443,139,69
"2021-05-03","MALUKU",14,0,14,0,4665,4443,153,69
"2021-05-04","MALUKU",0,0,0,0,4665,4443,153,69
"2021-05-05","MALUKU",0,4,-4,0,4665,4447,149,69
"2021-05-06","MALUKU",0,2,-2,0,4665,4449,147,69
"2021-05-07","MALUKU",0,6,-6,0,4665,4455,141,69
"2021-05-08","MALUKU",0,4,-4,0,4665,4459,137,69
"2021-05-09","MALUKU",0,0,0,0,4665,4459,137,69
"2021-05-10","MALUKU",0,0,0,0,4665,4459,137,69
"2021-05-11","MALUKU",0,3,-3,0,4665,4462,134,69
"2021-05-12","MALUKU",0,15,-15,0,4665,4477,119,69
"2021-05-13","MALUKU",0,0,0,0,4665,4477,119,69
"2021-05-14","MALUKU",32,1,31,0,4697,4478,150,69
"2021-05-15","MALUKU",7,15,-9,1,4704,4493,141,70
"2021-05-16","MALUKU",0,0,0,0,4704,4493,141,70
"2021-05-17","MALUKU",20,1,19,0,4724,4494,160,70
"2021-05-18","MALUKU",0,6,-6,0,4724,4500,154,70
"2021-05-19","MALUKU",0,0,0,0,4724,4500,154,70
"2021-05-20","MALUKU",7,3,4,0,4731,4503,158,70
"2021-05-21","MALUKU",8,38,-30,0,4739,4541,128,70
"2021-05-22","MALUKU",0,0,0,0,4739,4541,128,70
"2021-05-23","MALUKU",5,17,-12,0,4744,4558,116,70
"2021-05-24","MALUKU",0,8,-8,0,4744,4566,108,70
"2021-05-25","MALUKU",42,3,38,1,4786,4569,146,71
"2021-05-26","MALUKU",0,0,0,0,4786,4569,146,71
"2021-05-27","MALUKU",0,6,-6,0,4786,4575,140,71
"2021-05-28","MALUKU",0,0,0,0,4786,4575,140,71
"2021-05-29","MALUKU",0,10,-10,0,4786,4585,130,71
"2021-05-30","MALUKU",0,0,0,0,4786,4585,130,71
"2021-05-31","MALUKU",0,3,-3,0,4786,4588,127,71
"2021-06-01","MALUKU",0,4,-4,0,4786,4592,123,71
"2021-06-02","MALUKU",0,3,-3,0,4786,4595,120,71
"2021-06-03","MALUKU",3,5,-2,0,4789,4600,118,71
"2021-06-04","MALUKU",37,0,36,1,4826,4600,154,72
"2021-06-05","MALUKU",1,12,-12,1,4827,4612,142,73
"2021-06-06","MALUKU",8,0,7,1,4835,4612,149,74
"2021-06-07","MALUKU",25,2,23,0,4860,4614,172,74
"2021-06-08","MALUKU",0,0,0,0,4860,4614,172,74
"2021-06-09","MALUKU",5,14,-9,0,4865,4628,163,74
"2021-06-10","MALUKU",5,8,-4,1,4870,4636,159,75
"2021-06-11","MALUKU",0,2,-2,0,4870,4638,157,75
"2021-06-12","MALUKU",0,4,-4,0,4870,4642,153,75
"2021-06-13","MALUKU",0,3,-3,0,4870,4645,150,75
"2021-06-14","MALUKU",0,4,-4,0,4870,4649,146,75
"2021-06-15","MALUKU",0,10,-10,0,4870,4659,136,75
"2021-06-16","MALUKU",0,0,0,0,4870,4659,136,75
"2021-06-17","MALUKU",0,12,-12,0,4870,4671,124,75
"2021-06-18","MALUKU",0,0,0,0,4870,4671,124,75
"2021-06-19","MALUKU",0,7,-7,0,4870,4678,117,75
"2021-06-20","MALUKU",0,2,-2,0,4870,4680,115,75
"2021-06-21","MALUKU",0,0,0,0,4870,4680,115,75
"2021-06-22","MALUKU",40,13,27,0,4910,4693,142,75
"2021-06-23","MALUKU",33,3,30,0,4943,4696,172,75
"2021-06-24","MALUKU",0,0,0,0,4943,4696,172,75
"2021-06-25","MALUKU",136,8,124,4,5079,4704,296,79
"2021-06-26","MALUKU",0,0,-1,1,5079,4704,295,80
"2021-06-27","MALUKU",0,4,-4,0,5079,4708,291,80
"2021-06-28","MALUKU",0,1,-1,0,5079,4709,290,80
"2021-06-29","MALUKU",0,0,0,0,5079,4709,290,80
"2021-06-30","MALUKU",0,0,0,0,5079,4709,290,80
"2021-07-01","MALUKU",0,4,-4,0,5079,4713,286,80
"2021-07-02","MALUKU",0,0,0,0,5079,4713,286,80
"2021-07-03","MALUKU",0,0,0,0,5079,4713,286,80
"2021-07-04","MALUKU",0,0,0,0,5079,4713,286,80
"2021-07-05","MALUKU",278,3,273,2,5357,4716,559,82
"2021-07-06","MALUKU",349,28,318,3,5706,4744,877,85
"2021-07-07","MALUKU",258,7,245,6,5964,4751,1122,91
"2021-07-08","MALUKU",303,7,292,4,6267,4758,1414,95
"2021-07-09","MALUKU",210,0,207,3,6477,4758,1621,98
"2021-07-10","MALUKU",191,2,183,6,6668,4760,1804,104
"2021-07-11","MALUKU",347,5,340,2,7015,4765,2144,106
"2021-07-12","MALUKU",217,16,198,3,7232,4781,2342,109
"2021-07-13","MALUKU",114,4,110,0,7346,4785,2452,109
"2021-07-14","MALUKU",52,15,34,3,7398,4800,2486,112
"2021-07-15","MALUKU",20,9,11,0,7418,4809,2497,112
"2021-07-16","MALUKU",39,15,23,1,7457,4824,2520,113
"2021-07-17","MALUKU",21,30,-9,0,7478,4854,2511,113
"2021-07-18","MALUKU",59,10,49,0,7537,4864,2560,113
"2021-07-19","MALUKU",211,77,123,11,7748,4941,2683,124
"2021-07-20","MALUKU",56,2,54,0,7804,4943,2737,124
"2021-07-21","MALUKU",188,112,76,0,7992,5055,2813,124
"2021-07-22","MALUKU",72,125,-61,8,8064,5180,2752,132
"2021-07-23","MALUKU",115,112,-2,5,8179,5292,2750,137
"2021-07-24","MALUKU",80,50,30,0,8259,5342,2780,137
"2021-07-25","MALUKU",96,21,75,0,8355,5363,2855,137
"2021-07-26","MALUKU",50,187,-137,0,8405,5550,2718,137
"2021-07-27","MALUKU",105,82,17,6,8510,5632,2735,143
"2021-07-28","MALUKU",77,101,-24,0,8587,5733,2711,143
"2021-07-29","MALUKU",58,96,-38,0,8645,5829,2673,143
"2021-07-30","MALUKU",42,77,-38,3,8687,5906,2635,146
"2021-07-31","MALUKU",40,94,-54,0,8727,6000,2581,146
"2021-08-01","MALUKU",32,40,-8,0,8759,6040,2573,146
"2021-08-02","MALUKU",44,152,-111,3,8803,6192,2462,149
"2021-08-03","MALUKU",29,93,-65,1,8832,6285,2397,150
"2021-08-04","MALUKU",5,78,-73,0,8837,6363,2324,150
"2021-08-05","MALUKU",16,80,-64,0,8853,6443,2260,150
"2021-08-06","MALUKU",4,72,-68,0,8857,6515,2192,150
"2021-08-07","MALUKU",7,46,-39,0,8864,6561,2153,150
"2021-08-08","MALUKU",3,20,-17,0,8867,6581,2136,150
"2021-08-09","MALUKU",73,56,17,0,8940,6637,2153,150
"2021-08-10","MALUKU",171,126,45,0,9111,6763,2198,150
"2021-08-11","MALUKU",40,94,-54,0,9151,6857,2144,150
"2021-08-12","MALUKU",24,80,-56,0,9175,6937,2088,150
"2021-08-13","MALUKU",48,155,-109,2,9223,7092,1979,152
"2021-08-14","MALUKU",10,94,-84,0,9233,7186,1895,152
"2021-08-15","MALUKU",4,37,-33,0,9237,7223,1862,152
"2021-08-16","MALUKU",55,74,-21,2,9292,7297,1841,154
"2021-08-17","MALUKU",19,38,-19,0,9311,7335,1822,154
"2021-08-18","MALUKU",21,53,-32,0,9332,7388,1790,154
"2021-08-19","MALUKU",11,77,-68,2,9343,7465,1722,156
"2021-08-20","MALUKU",16,92,-76,0,9359,7557,1646,156
"2021-08-21","MALUKU",11,73,-65,3,9370,7630,1581,159
"2021-08-22","MALUKU",5,112,-107,0,9375,7742,1474,159
"2021-08-23","MALUKU",6,301,-295,0,9381,8043,1179,159
"2021-08-24","MALUKU",2,291,-292,3,9383,8334,887,162
"2021-08-25","MALUKU",2,200,-198,0,9385,8534,689,162
"2021-08-26","MALUKU",3,171,-168,0,9388,8705,521,162
"2021-08-27","MALUKU",7,167,-160,0,9395,8872,361,162
"2021-08-28","MALUKU",2,93,-91,0,9397,8965,270,162
"2021-08-29","MALUKU",0,17,-17,0,9397,8982,253,162
"2021-08-30","MALUKU",4,31,-27,0,9401,9013,226,162
"2021-08-31","MALUKU",3,7,-4,0,9404,9020,222,162
"2021-09-01","MALUKU",16,9,5,2,9420,9029,227,164
"2021-09-02","MALUKU",6,6,-1,1,9426,9035,226,165
"2021-09-03","MALUKU",9,27,-18,0,9435,9062,208,165
"2021-09-04","MALUKU",5,0,5,0,9440,9062,213,165
"2021-09-05","MALUKU",1,2,-1,0,9441,9064,212,165
"2021-09-06","MALUKU",19,4,15,0,9460,9068,227,165
"2021-09-07","MALUKU",12,3,8,1,9472,9071,235,166
"2021-09-08","MALUKU",6,42,-36,0,9478,9113,199,166
"2021-09-09","MALUKU",5,4,0,1,9483,9117,199,167
"2021-09-10","MALUKU",8,24,-16,0,9491,9141,183,167
"2021-09-11","MALUKU",3,3,-1,1,9494,9144,182,168
"2021-09-12","MALUKU",3,1,2,0,9497,9145,184,168
"2021-09-13","MALUKU",0,11,-11,0,9497,9156,173,168
"2021-09-14","MALUKU",7,9,-2,0,9504,9165,171,168
"2021-09-15","MALUKU",5,7,-2,0,9509,9172,169,168
"2021-09-16","MALUKU",8,3,5,0,9517,9175,174,168
"2021-09-17","MALUKU",5,10,-5,0,9522,9185,169,168
"2021-09-18","MALUKU",4,5,-1,0,9526,9190,168,168
"2021-09-19","MALUKU",2,1,1,0,9528,9191,169,168
"2021-09-20","MALUKU",0,0,0,0,9528,9191,169,168
"2021-09-21","MALUKU",13,7,6,0,9541,9198,175,168
"2021-09-22","MALUKU",0,12,-12,0,9541,9210,163,168
"2021-09-23","MALUKU",37,9,28,0,9578,9219,191,168
"2021-09-24","MALUKU",7,14,-7,0,9585,9233,184,168
"2021-09-25","MALUKU",3,6,-3,0,9588,9239,181,168
"2021-09-26","MALUKU",1,1,0,0,9589,9240,181,168
"2021-09-27","MALUKU",0,5,-5,0,9589,9245,176,168
"2021-09-28","MALUKU",1,44,-43,0,9590,9289,133,168
"2021-09-29","MALUKU",5,2,2,1,9595,9291,135,169
"2021-09-30","MALUKU",4,10,-6,0,9599,9301,129,169
"2021-10-01","MALUKU",2,3,-1,0,9601,9304,128,169
"2021-10-02","MALUKU",5,2,3,0,9606,9306,131,169
"2021-10-03","MALUKU",2,2,0,0,9608,9308,131,169
"2021-10-04","MALUKU",1,1,0,0,9609,9309,131,169
"2021-10-05","MALUKU",1,9,-8,0,9610,9318,123,169
"2021-10-06","MALUKU",3,7,-4,0,9613,9325,119,169
"2021-10-07","MALUKU",4,4,0,0,9617,9329,119,169
"2021-10-08","MALUKU",1,14,-13,0,9618,9343,106,169
"2021-10-09","MALUKU",4,5,-1,0,9622,9348,105,169
"2021-10-10","MALUKU",2,0,2,0,9624,9348,107,169
"2021-10-11","MALUKU",1,38,-37,0,9625,9386,70,169
"2021-10-12","MALUKU",1,9,-8,0,9626,9395,62,169
"2021-10-13","MALUKU",3,6,-3,0,9629,9401,59,169
"2021-10-14","MALUKU",1,7,-6,0,9630,9408,53,169
"2021-10-15","MALUKU",0,5,-6,1,9630,9413,47,170
"2021-10-16","MALUKU",0,1,-1,0,9630,9414,46,170
"2021-10-17","MALUKU",1,5,-4,0,9631,9419,42,170
"2021-10-18","MALUKU",1,6,-5,0,9632,9425,37,170
"2021-10-19","MALUKU",0,8,-9,1,9632,9433,28,171
"2021-10-20","MALUKU",0,2,-2,0,9632,9435,26,171
"2021-10-21","MALUKU",1,6,-5,0,9633,9441,21,171
"2021-10-22","MALUKU",0,4,-4,0,9633,9445,17,171
"2021-10-23","MALUKU",3,0,3,0,9636,9445,20,171
"2021-10-24","MALUKU",0,0,0,0,9636,9445,20,171
"2021-10-25","MALUKU",1,0,1,0,9637,9445,21,171
"2021-10-26","MALUKU",0,2,-2,0,9637,9447,19,171
"2021-10-27","MALUKU",0,0,0,0,9637,9447,19,171
"2021-10-28","MALUKU",1,0,1,0,9638,9447,20,171
"2021-10-29","MALUKU",2,0,2,0,9640,9447,22,171
"2021-10-30","MALUKU",1,0,1,0,9641,9447,23,171
"2021-10-31","MALUKU",0,0,0,0,9641,9447,23,171
"2021-11-01","MALUKU",1,0,1,0,9642,9447,24,171
"2021-11-02","MALUKU",0,1,-1,0,9642,9448,23,171
"2021-11-03","MALUKU",0,0,-1,1,9642,9448,22,172
"2021-11-04","MALUKU",0,0,0,0,9642,9448,22,172
"2021-11-05","MALUKU",0,0,0,0,9642,9448,22,172
"2021-11-06","MALUKU",0,2,-2,0,9642,9450,20,172
"2021-11-07","MALUKU",2,0,2,0,9644,9450,22,172
"2021-11-08","MALUKU",0,3,-3,0,9644,9453,19,172
"2021-11-09","MALUKU",1,2,-1,0,9645,9455,18,172
"2021-11-10","MALUKU",0,0,0,0,9645,9455,18,172
"2021-11-11","MALUKU",0,1,-1,0,9645,9456,17,172
"2021-11-12","MALUKU",1,0,1,0,9646,9456,18,172
"2021-11-13","MALUKU",6,2,4,0,9652,9458,22,172
"2021-11-14","MALUKU",0,0,0,0,9652,9458,22,172
"2021-11-15","MALUKU",0,0,0,0,9652,9458,22,172
"2021-11-16","MALUKU",0,0,0,0,9652,9458,22,172
"2021-11-17","MALUKU",0,1,-1,0,9652,9459,21,172
"2021-11-18","MALUKU",2,0,2,0,9654,9459,23,172
"2021-11-19","MALUKU",1,0,1,0,9655,9459,24,172
"2021-11-20","MALUKU",0,0,0,0,9655,9459,24,172
"2021-11-21","MALUKU",1,1,0,0,9656,9460,24,172
"2021-11-22","MALUKU",0,1,-1,0,9656,9461,23,172
"2021-11-23","MALUKU",0,7,-7,0,9656,9468,16,172
"2021-11-24","MALUKU",0,0,0,0,9656,9468,16,172
"2021-11-25","MALUKU",0,0,0,0,9656,9468,16,172
"2021-11-26","MALUKU",0,0,0,0,9656,9468,16,172
"2021-11-27","MALUKU",0,0,0,0,9656,9468,16,172
"2021-11-28","MALUKU",1,0,1,0,9657,9468,17,172
"2021-11-29","MALUKU",0,2,-2,0,9657,9470,15,172
"2021-11-30","MALUKU",0,0,0,0,9657,9470,15,172
"2021-12-01","MALUKU",0,0,0,0,9657,9470,15,172
"2021-12-02","MALUKU",0,0,0,0,9657,9470,15,172
"2021-12-03","MALUKU",0,0,0,0,9657,9470,15,172
"2021-12-04","MALUKU",2,0,2,0,9659,9470,17,172
"2021-12-05","MALUKU",0,3,-3,0,9659,9473,14,172
"2021-12-06","MALUKU",0,2,-2,0,9659,9475,12,172
"2021-12-07","MALUKU",0,6,-7,1,9659,9481,5,173
"2021-12-08","MALUKU",0,0,0,0,9659,9481,5,173
"2021-12-09","MALUKU",0,0,0,0,9659,9481,5,173
"2021-12-10","MALUKU",0,0,0,0,9659,9481,5,173
"2021-12-11","MALUKU",0,0,0,0,9659,9481,5,173
"2021-12-12","MALUKU",0,0,0,0,9659,9481,5,173
"2021-12-13","MALUKU",0,1,-1,0,9659,9482,4,173
"2021-12-14","MALUKU",0,0,0,0,9659,9482,4,173
"2021-12-15","MALUKU",0,0,0,0,9659,9482,4,173
"2021-12-16","MALUKU",0,0,0,0,9659,9482,4,173
"2021-12-17","MALUKU",0,0,0,0,9659,9482,4,173
"2021-12-18","MALUKU",3,0,2,1,9662,9482,6,174
"2021-12-19","MALUKU",0,0,0,0,9662,9482,6,174
"2021-12-20","MALUKU",0,1,-2,1,9662,9483,4,175
"2021-12-21","MALUKU",0,0,0,0,9662,9483,4,175
"2021-12-22","MALUKU",0,0,0,0,9662,9483,4,175
"2021-12-23","MALUKU",0,0,0,0,9662,9483,4,175
"2021-12-24","MALUKU",0,0,0,0,9662,9483,4,175
"2021-12-25","MALUKU",0,0,0,0,9662,9483,4,175
"2021-12-26","MALUKU",0,0,0,0,9662,9483,4,175
"2021-12-27","MALUKU",0,0,0,0,9662,9483,4,175
"2021-12-28","MALUKU",0,0,0,0,9662,9483,4,175
"2021-12-29","MALUKU",1,0,1,0,9663,9483,5,175
"2021-12-30","MALUKU",1,0,1,0,9664,9483,6,175
"2021-12-31","MALUKU",0,0,0,0,9664,9483,6,175
"2022-01-01","MALUKU",0,1,-1,0,9664,9484,5,175
"2022-01-02","MALUKU",0,1,-2,1,9664,9485,3,176
"2022-01-03","MALUKU",0,0,0,0,9664,9485,3,176
"2022-01-04","MALUKU",0,0,0,0,9664,9485,3,176
"2022-01-05","MALUKU",0,1,-1,0,9664,9486,2,176
"2022-01-06","MALUKU",0,0,0,0,9664,9486,2,176
"2022-01-07","MALUKU",0,0,0,0,9664,9486,2,176
"2022-01-08","MALUKU",0,0,0,0,9664,9486,2,176
"2022-01-09","MALUKU",0,0,0,0,9664,9486,2,176
"2022-01-10","MALUKU",0,0,0,0,9664,9486,2,176
"2022-01-11","MALUKU",0,0,0,0,9664,9486,2,176
"2022-01-12","MALUKU",0,0,0,0,9664,9486,2,176
"2022-01-13","MALUKU",0,0,0,0,9664,9486,2,176
"2022-01-14","MALUKU",1,0,1,0,9665,9486,3,176
"2022-01-15","MALUKU",2,0,2,0,9667,9486,5,176
"2022-01-16","MALUKU",0,0,0,0,9667,9486,5,176
"2022-01-17","MALUKU",0,0,0,0,9667,9486,5,176
"2022-01-18","MALUKU",4,0,4,0,9671,9486,9,176
"2022-01-19","MALUKU",0,0,-1,1,9671,9486,8,177
"2022-01-20","MALUKU",0,0,0,0,9671,9486,8,177
"2022-01-21","MALUKU",3,0,3,0,9674,9486,11,177
"2022-01-22","MALUKU",0,0,0,0,9674,9486,11,177
"2022-01-23","MALUKU",1,0,1,0,9675,9486,12,177
"2022-01-24","MALUKU",0,0,0,0,9675,9486,12,177
"2022-01-25","MALUKU",3,0,2,1,9678,9486,14,178
"2022-01-26","MALUKU",4,8,-4,0,9682,9494,10,178
"2022-01-27","MALUKU",10,0,10,0,9692,9494,20,178
"2022-01-28","MALUKU",6,0,6,0,9698,9494,26,178
"2022-01-29","MALUKU",11,0,11,0,9709,9494,37,178
"2022-01-30","MALUKU",20,0,20,0,9729,9494,57,178
"2022-01-31","MALUKU",12,2,10,0,9741,9496,67,178
"2022-02-01","MALUKU",73,0,72,1,9814,9496,139,179
"2022-02-02","MALUKU",19,0,19,0,9833,9496,158,179
"2022-02-03","MALUKU",129,0,128,1,9962,9496,286,180
"2022-02-04","MALUKU",181,1,180,0,10143,9497,466,180
"2022-02-05","MALUKU",225,2,223,0,10368,9499,689,180
"2022-02-06","MALUKU",130,2,127,1,10498,9501,816,181
"2022-02-07","MALUKU",120,13,106,1,10618,9514,922,182
"2022-02-08","MALUKU",250,10,239,1,10868,9524,1161,183
"2022-02-09","MALUKU",237,51,186,0,11105,9575,1347,183
"2022-02-10","MALUKU",277,26,250,1,11382,9601,1597,184
"2022-02-11","MALUKU",234,54,180,0,11616,9655,1777,184
"2022-02-12","MALUKU",319,47,272,0,11935,9702,2049,184
"2022-02-13","MALUKU",321,71,249,1,12256,9773,2298,185
"2022-02-14","MALUKU",148,137,11,0,12404,9910,2309,185
"2022-02-15","MALUKU",176,122,53,1,12580,10032,2362,186
"2022-02-16","MALUKU",181,154,27,0,12761,10186,2389,186
"2022-02-17","MALUKU",156,113,43,0,12917,10299,2432,186
"2022-02-18","MALUKU",105,147,-44,2,13022,10446,2388,188
"2022-02-19","MALUKU",108,150,-42,0,13130,10596,2346,188
"2022-02-20","MALUKU",60,80,-20,0,13190,10676,2326,188
"2022-02-21","MALUKU",28,228,-201,1,13218,10904,2125,189
"2022-02-22","MALUKU",80,182,-102,0,13298,11086,2023,189
"2022-02-23","MALUKU",35,238,-204,1,13333,11324,1819,190
"2022-02-24","MALUKU",41,258,-217,0,13374,11582,1602,190
"2022-02-25","MALUKU",13,167,-154,0,13387,11749,1448,190
"2022-02-26","MALUKU",35,163,-128,0,13422,11912,1320,190
"2022-02-27","MALUKU",12,138,-126,0,13434,12050,1194,190
"2022-02-28","MALUKU",3,136,-134,1,13437,12186,1060,191
"2022-03-01","MALUKU",8,170,-164,2,13445,12356,896,193
"2022-03-02","MALUKU",17,168,-151,0,13462,12524,745,193
"2022-03-03","MALUKU",38,64,-26,0,13500,12588,719,193
"2022-03-04","MALUKU",4,88,-85,1,13504,12676,634,194
"2022-03-05","MALUKU",4,107,-103,0,13508,12783,531,194
"2022-03-06","MALUKU",4,36,-32,0,13512,12819,499,194
"2022-03-07","MALUKU",3,135,-132,0,13515,12954,367,194
"2020-07-09","MALUKU UTARA",10,0,10,0,10,0,10,0
"2020-07-10","MALUKU UTARA",0,0,0,0,10,0,10,0
"2020-07-11","MALUKU UTARA",0,0,0,0,10,0,10,0
"2020-07-12","MALUKU UTARA",0,0,0,0,10,0,10,0
"2020-07-13","MALUKU UTARA",0,0,0,0,10,0,10,0
"2020-07-14","MALUKU UTARA",0,0,0,0,10,0,10,0
"2020-07-15","MALUKU UTARA",0,0,0,0,10,0,10,0
"2020-07-16","MALUKU UTARA",0,0,0,0,10,0,10,0
"2020-07-17","MALUKU UTARA",0,0,0,0,10,0,10,0
"2020-07-18","MALUKU UTARA",0,0,0,0,10,0,10,0
"2020-07-19","MALUKU UTARA",0,0,0,0,10,0,10,0
"2020-07-20","MALUKU UTARA",0,0,0,0,10,0,10,0
"2020-07-21","MALUKU UTARA",0,0,0,0,10,0,10,0
"2020-07-22","MALUKU UTARA",0,0,0,0,10,0,10,0
"2020-07-23","MALUKU UTARA",0,0,0,0,10,0,10,0
"2020-07-24","MALUKU UTARA",0,0,0,0,10,0,10,0
"2020-07-25","MALUKU UTARA",0,0,0,0,10,0,10,0
"2020-07-26","MALUKU UTARA",0,0,0,0,10,0,10,0
"2020-07-27","MALUKU UTARA",0,0,0,0,10,0,10,0
"2020-07-28","MALUKU UTARA",0,0,0,0,10,0,10,0
"2020-07-29","MALUKU UTARA",0,0,0,0,10,0,10,0
"2020-07-30","MALUKU UTARA",0,0,0,0,10,0,10,0
"2020-07-31","MALUKU UTARA",0,0,0,0,10,0,10,0
"2020-08-01","MALUKU UTARA",0,0,0,0,10,0,10,0
"2020-08-02","MALUKU UTARA",0,0,0,0,10,0,10,0
"2020-08-03","MALUKU UTARA",0,0,0,0,10,0,10,0
"2020-08-04","MALUKU UTARA",0,0,0,0,10,0,10,0
"2020-08-05","MALUKU UTARA",0,0,0,0,10,0,10,0
"2020-08-06","MALUKU UTARA",7,0,7,0,17,0,17,0
"2020-08-07","MALUKU UTARA",31,0,31,0,48,0,48,0
"2020-08-08","MALUKU UTARA",47,0,47,0,95,0,95,0
"2020-08-09","MALUKU UTARA",4,0,2,2,99,0,97,2
"2020-08-10","MALUKU UTARA",6,0,5,1,105,0,102,3
"2020-08-11","MALUKU UTARA",11,0,11,0,116,0,113,3
"2020-08-12","MALUKU UTARA",18,0,15,3,134,0,128,6
"2020-08-13","MALUKU UTARA",8,0,8,0,142,0,136,6
"2020-08-14","MALUKU UTARA",12,0,12,0,154,0,148,6
"2020-08-15","MALUKU UTARA",10,0,10,0,164,0,158,6
"2020-08-16","MALUKU UTARA",2,0,2,0,166,0,160,6
"2020-08-17","MALUKU UTARA",3,6,-3,0,169,6,157,6
"2020-08-18","MALUKU UTARA",2,0,2,0,171,6,159,6
"2020-08-19","MALUKU UTARA",10,10,0,0,181,16,159,6
"2020-08-20","MALUKU UTARA",5,0,5,0,186,16,164,6
"2020-08-21","MALUKU UTARA",0,0,-2,2,186,16,162,8
"2020-08-22","MALUKU UTARA",9,0,9,0,195,16,171,8
"2020-08-23","MALUKU UTARA",4,0,4,0,199,16,175,8
"2020-08-24","MALUKU UTARA",4,0,4,0,203,16,179,8
"2020-08-25","MALUKU UTARA",1,11,-10,0,204,27,169,8
"2020-08-26","MALUKU UTARA",30,0,30,0,234,27,199,8
"2020-08-27","MALUKU UTARA",16,29,-15,2,250,56,184,10
"2020-08-28","MALUKU UTARA",15,0,13,2,265,56,197,12
"2020-08-29","MALUKU UTARA",0,16,-16,0,265,72,181,12
"2020-08-30","MALUKU UTARA",18,0,17,1,283,72,198,13
"2020-08-31","MALUKU UTARA",2,0,2,0,285,72,200,13
"2020-09-01","MALUKU UTARA",6,0,6,0,291,72,206,13
"2020-09-02","MALUKU UTARA",5,0,5,0,296,72,211,13
"2020-09-03","MALUKU UTARA",7,0,7,0,303,72,218,13
"2020-09-04","MALUKU UTARA",9,0,9,0,312,72,227,13
"2020-09-05","MALUKU UTARA",0,0,0,0,312,72,227,13
"2020-09-06","MALUKU UTARA",0,0,0,0,312,72,227,13
"2020-09-07","MALUKU UTARA",9,0,8,1,321,72,235,14
"2020-09-08","MALUKU UTARA",4,0,3,1,325,72,238,15
"2020-09-09","MALUKU UTARA",10,0,8,2,335,72,246,17
"2020-09-10","MALUKU UTARA",1,0,0,1,336,72,246,18
"2020-09-11","MALUKU UTARA",7,5,2,0,343,77,248,18
"2020-09-12","MALUKU UTARA",3,0,3,0,346,77,251,18
"2020-09-13","MALUKU UTARA",14,7,7,0,360,84,258,18
"2020-09-14","MALUKU UTARA",5,0,5,0,365,84,263,18
"2020-09-15","MALUKU UTARA",16,1,14,1,381,85,277,19
"2020-09-16","MALUKU UTARA",10,16,-6,0,391,101,271,19
"2020-09-17","MALUKU UTARA",6,152,-146,0,397,253,125,19
"2020-09-18","MALUKU UTARA",1,12,-11,0,398,265,114,19
"2020-09-19","MALUKU UTARA",19,0,19,0,417,265,133,19
"2020-09-20","MALUKU UTARA",0,0,0,0,417,265,133,19
"2020-09-21","MALUKU UTARA",19,0,18,1,436,265,151,20
"2020-09-22","MALUKU UTARA",3,0,3,0,439,265,154,20
"2020-09-23","MALUKU UTARA",21,0,21,0,460,265,175,20
"2020-09-24","MALUKU UTARA",4,12,-8,0,464,277,167,20
"2020-09-25","MALUKU UTARA",6,0,6,0,470,277,173,20
"2020-09-26","MALUKU UTARA",3,0,3,0,473,277,176,20
"2020-09-27","MALUKU UTARA",0,0,0,0,473,277,176,20
"2020-09-28","MALUKU UTARA",4,0,3,1,477,277,179,21
"2020-09-29","MALUKU UTARA",7,3,4,0,484,280,183,21
"2020-09-30","MALUKU UTARA",6,0,6,0,490,280,189,21
"2020-10-01","MALUKU UTARA",2,0,2,0,492,280,191,21
"2020-10-02","MALUKU UTARA",7,0,7,0,499,280,198,21
"2020-10-03","MALUKU UTARA",0,9,-9,0,499,289,189,21
"2020-10-04","MALUKU UTARA",0,0,0,0,499,289,189,21
"2020-10-05","MALUKU UTARA",2,8,-6,0,501,297,183,21
"2020-10-06","MALUKU UTARA",0,4,-4,0,501,301,179,21
"2020-10-07","MALUKU UTARA",0,8,-8,0,501,309,171,21
"2020-10-08","MALUKU UTARA",5,0,5,0,506,309,176,21
"2020-10-09","MALUKU UTARA",0,33,-33,0,506,342,143,21
"2020-10-10","MALUKU UTARA",7,0,7,0,513,342,150,21
"2020-10-11","MALUKU UTARA",0,0,0,0,513,342,150,21
"2020-10-12","MALUKU UTARA",16,4,12,0,529,346,162,21
"2020-10-13","MALUKU UTARA",5,20,-15,0,534,366,147,21
"2020-10-14","MALUKU UTARA",4,4,0,0,538,370,147,21
"2020-10-15","MALUKU UTARA",1,0,1,0,539,370,148,21
"2020-10-16","MALUKU UTARA",5,14,-9,0,544,384,139,21
"2020-10-17","MALUKU UTARA",0,0,0,0,544,384,139,21
"2020-10-18","MALUKU UTARA",0,0,0,0,544,384,139,21
"2020-10-19","MALUKU UTARA",11,2,9,0,555,386,148,21
"2020-10-20","MALUKU UTARA",11,19,-8,0,566,405,140,21
"2020-10-21","MALUKU UTARA",10,0,10,0,576,405,150,21
"2020-10-22","MALUKU UTARA",28,0,28,0,604,405,178,21
"2020-10-23","MALUKU UTARA",0,0,0,0,604,405,178,21
"2020-10-24","MALUKU UTARA",0,0,0,0,604,405,178,21
"2020-10-25","MALUKU UTARA",0,0,0,0,604,405,178,21
"2020-10-26","MALUKU UTARA",4,0,4,0,608,405,182,21
"2020-10-27","MALUKU UTARA",1,0,1,0,609,405,183,21
"2020-10-28","MALUKU UTARA",3,0,3,0,612,405,186,21
"2020-10-29","MALUKU UTARA",0,0,0,0,612,405,186,21
"2020-10-30","MALUKU UTARA",3,0,3,0,615,405,189,21
"2020-10-31","MALUKU UTARA",0,0,0,0,615,405,189,21
"2020-11-01","MALUKU UTARA",0,0,0,0,615,405,189,21
"2020-11-02","MALUKU UTARA",33,18,15,0,648,423,204,21
"2020-11-03","MALUKU UTARA",0,0,0,0,648,423,204,21
"2020-11-04","MALUKU UTARA",2,0,2,0,650,423,206,21
"2020-11-05","MALUKU UTARA",1,0,1,0,651,423,207,21
"2020-11-06","MALUKU UTARA",3,0,3,0,654,423,210,21
"2020-11-07","MALUKU UTARA",2,0,2,0,656,423,212,21
"2020-11-08","MALUKU UTARA",0,0,0,0,656,423,212,21
"2020-11-09","MALUKU UTARA",4,0,4,0,660,423,216,21
"2020-11-10","MALUKU UTARA",3,0,3,0,663,423,219,21
"2020-11-11","MALUKU UTARA",28,0,28,0,691,423,247,21
"2020-11-12","MALUKU UTARA",0,0,0,0,691,423,247,21
"2020-11-13","MALUKU UTARA",9,0,8,1,700,423,255,22
"2020-11-14","MALUKU UTARA",6,0,6,0,706,423,261,22
"2020-11-15","MALUKU UTARA",4,0,4,0,710,423,265,22
"2020-11-16","MALUKU UTARA",3,0,3,0,713,423,268,22
"2020-11-17","MALUKU UTARA",20,0,20,0,733,423,288,22
"2020-11-18","MALUKU UTARA",5,0,4,1,738,423,292,23
"2020-11-19","MALUKU UTARA",1,12,-13,2,739,435,279,25
"2020-11-20","MALUKU UTARA",13,0,13,0,752,435,292,25
"2020-11-21","MALUKU UTARA",8,4,4,0,760,439,296,25
"2020-11-22","MALUKU UTARA",3,0,3,0,763,439,299,25
"2020-11-23","MALUKU UTARA",2,0,1,1,765,439,300,26
"2020-11-24","MALUKU UTARA",3,5,-3,1,768,444,297,27
"2020-11-25","MALUKU UTARA",3,0,3,0,771,444,300,27
"2020-11-26","MALUKU UTARA",1,0,1,0,772,444,301,27
"2020-11-27","MALUKU UTARA",6,0,6,0,778,444,307,27
"2020-11-28","MALUKU UTARA",7,0,7,0,785,444,314,27
"2020-11-29","MALUKU UTARA",2,0,2,0,787,444,316,27
"2020-11-30","MALUKU UTARA",2,0,2,0,789,444,318,27
"2020-12-01","MALUKU UTARA",3,10,-7,0,792,454,311,27
"2020-12-02","MALUKU UTARA",0,39,-39,0,792,493,272,27
"2020-12-03","MALUKU UTARA",2,0,2,0,794,493,274,27
"2020-12-04","MALUKU UTARA",10,0,10,0,804,493,284,27
"2020-12-05","MALUKU UTARA",6,0,6,0,810,493,290,27
"2020-12-06","MALUKU UTARA",5,0,5,0,815,493,295,27
"2020-12-07","MALUKU UTARA",6,6,0,0,821,499,295,27
"2020-12-08","MALUKU UTARA",9,3,5,1,830,502,300,28
"2020-12-09","MALUKU UTARA",0,0,0,0,830,502,300,28
"2020-12-10","MALUKU UTARA",9,0,9,0,839,502,309,28
"2020-12-11","MALUKU UTARA",5,0,5,0,844,502,314,28
"2020-12-12","MALUKU UTARA",12,0,12,0,856,502,326,28
"2020-12-13","MALUKU UTARA",8,0,8,0,864,502,334,28
"2020-12-14","MALUKU UTARA",9,34,-25,0,873,536,309,28
"2020-12-15","MALUKU UTARA",21,0,21,0,894,536,330,28
"2020-12-16","MALUKU UTARA",0,0,0,0,894,536,330,28
"2020-12-17","MALUKU UTARA",0,0,0,0,894,536,330,28
"2020-12-18","MALUKU UTARA",0,0,0,0,894,536,330,28
"2020-12-19","MALUKU UTARA",0,0,0,0,894,536,330,28
"2020-12-20","MALUKU UTARA",0,0,0,0,894,536,330,28
"2020-12-21","MALUKU UTARA",0,0,0,0,894,536,330,28
"2020-12-22","MALUKU UTARA",0,0,0,0,894,536,330,28
"2020-12-23","MALUKU UTARA",3,12,-9,0,897,548,321,28
"2020-12-24","MALUKU UTARA",9,0,9,0,906,548,330,28
"2020-12-25","MALUKU UTARA",4,0,4,0,910,548,334,28
"2020-12-26","MALUKU UTARA",3,0,3,0,913,548,337,28
"2020-12-27","MALUKU UTARA",3,19,-16,0,916,567,321,28
"2020-12-28","MALUKU UTARA",8,1,7,0,924,568,328,28
"2020-12-29","MALUKU UTARA",6,69,-63,0,930,637,265,28
"2020-12-30","MALUKU UTARA",6,33,-27,0,936,670,238,28
"2020-12-31","MALUKU UTARA",11,1,10,0,947,671,248,28
"2021-01-01","MALUKU UTARA",2,0,1,1,949,671,249,29
"2021-01-02","MALUKU UTARA",9,8,1,0,958,679,250,29
"2021-01-03","MALUKU UTARA",0,0,0,0,958,679,250,29
"2021-01-04","MALUKU UTARA",0,0,-1,1,958,679,249,30
"2021-01-05","MALUKU UTARA",0,0,0,0,958,679,249,30
"2021-01-06","MALUKU UTARA",0,0,0,0,958,679,249,30
"2021-01-07","MALUKU UTARA",0,5,-5,0,958,684,244,30
"2021-01-08","MALUKU UTARA",0,17,-17,0,958,701,227,30
"2021-01-09","MALUKU UTARA",0,33,-33,0,958,734,194,30
"2021-01-10","MALUKU UTARA",0,0,0,0,958,734,194,30
"2021-01-11","MALUKU UTARA",0,13,-13,0,958,747,181,30
"2021-01-12","MALUKU UTARA",0,1,-1,0,958,748,180,30
"2021-01-13","MALUKU UTARA",54,28,26,0,1012,776,206,30
"2021-01-14","MALUKU UTARA",24,19,5,0,1036,795,211,30
"2021-01-15","MALUKU UTARA",25,1,24,0,1061,796,235,30
"2021-01-16","MALUKU UTARA",16,0,16,0,1077,796,251,30
"2021-01-17","MALUKU UTARA",24,0,24,0,1101,796,275,30
"2021-01-18","MALUKU UTARA",19,32,-13,0,1120,828,262,30
"2021-01-19","MALUKU UTARA",0,0,-1,1,1120,828,261,31
"2021-01-20","MALUKU UTARA",0,1,-1,0,1120,829,260,31
"2021-01-21","MALUKU UTARA",0,0,0,0,1120,829,260,31
"2021-01-22","MALUKU UTARA",0,2,-2,0,1120,831,258,31
"2021-01-23","MALUKU UTARA",0,17,-17,0,1120,848,241,31
"2021-01-24","MALUKU UTARA",0,1,-1,0,1120,849,240,31
"2021-01-25","MALUKU UTARA",0,12,-13,1,1120,861,227,32
"2021-01-26","MALUKU UTARA",0,10,-10,0,1120,871,217,32
"2021-01-27","MALUKU UTARA",0,0,0,0,1120,871,217,32
"2021-01-28","MALUKU UTARA",0,3,-3,0,1120,874,214,32
"2021-01-29","MALUKU UTARA",0,48,-48,0,1120,922,166,32
"2021-01-30","MALUKU UTARA",0,0,0,0,1120,922,166,32
"2021-01-31","MALUKU UTARA",0,0,0,0,1120,922,166,32
"2021-02-01","MALUKU UTARA",0,1,-1,0,1120,923,165,32
"2021-02-02","MALUKU UTARA",45,9,35,1,1165,932,200,33
"2021-02-03","MALUKU UTARA",12,0,11,1,1177,932,211,34
"2021-02-04","MALUKU UTARA",30,1,29,0,1207,933,240,34
"2021-02-05","MALUKU UTARA",33,0,33,0,1240,933,273,34
"2021-02-06","MALUKU UTARA",0,0,0,0,1240,933,273,34
"2021-02-07","MALUKU UTARA",10,0,10,0,1250,933,283,34
"2021-02-08","MALUKU UTARA",0,3,-3,0,1250,936,280,34
"2021-02-09","MALUKU UTARA",0,38,-38,0,1250,974,242,34
"2021-02-10","MALUKU UTARA",0,0,0,0,1250,974,242,34
"2021-02-11","MALUKU UTARA",0,2,-2,0,1250,976,240,34
"2021-02-12","MALUKU UTARA",0,9,-9,0,1250,985,231,34
"2021-02-13","MALUKU UTARA",0,4,-4,0,1250,989,227,34
"2021-02-14","MALUKU UTARA",0,9,-9,0,1250,998,218,34
"2021-02-15","MALUKU UTARA",0,26,-26,0,1250,1024,192,34
"2021-02-16","MALUKU UTARA",0,0,0,0,1250,1024,192,34
"2021-02-17","MALUKU UTARA",0,0,0,0,1250,1024,192,34
"2021-02-18","MALUKU UTARA",0,12,-12,0,1250,1036,180,34
"2021-02-19","MALUKU UTARA",0,19,-19,0,1250,1055,161,34
"2021-02-20","MALUKU UTARA",0,3,-3,0,1250,1058,158,34
"2021-02-21","MALUKU UTARA",0,0,0,0,1250,1058,158,34
"2021-02-22","MALUKU UTARA",15,4,11,0,1265,1062,169,34
"2021-02-23","MALUKU UTARA",10,11,-2,1,1275,1073,167,35
"2021-02-24","MALUKU UTARA",12,0,12,0,1287,1073,179,35
"2021-02-25","MALUKU UTARA",5,0,5,0,1292,1073,184,35
"2021-02-26","MALUKU UTARA",6,4,2,0,1298,1077,186,35
"2021-02-27","MALUKU UTARA",1,0,0,1,1299,1077,186,36
"2021-02-28","MALUKU UTARA",0,0,0,0,1299,1077,186,36
"2021-03-01","MALUKU UTARA",5,1,4,0,1304,1078,190,36
"2021-03-02","MALUKU UTARA",0,0,0,0,1304,1078,190,36
"2021-03-03","MALUKU UTARA",0,0,0,0,1304,1078,190,36
"2021-03-04","MALUKU UTARA",0,0,0,0,1304,1078,190,36
"2021-03-05","MALUKU UTARA",0,1,-1,0,1304,1079,189,36
"2021-03-06","MALUKU UTARA",0,4,-4,0,1304,1083,185,36
"2021-03-07","MALUKU UTARA",0,0,0,0,1304,1083,185,36
"2021-03-08","MALUKU UTARA",0,0,0,0,1304,1083,185,36
"2021-03-09","MALUKU UTARA",0,8,-8,0,1304,1091,177,36
"2021-03-10","MALUKU UTARA",0,12,-12,0,1304,1103,165,36
"2021-03-11","MALUKU UTARA",0,1,-1,0,1304,1104,164,36
"2021-03-12","MALUKU UTARA",0,0,0,0,1304,1104,164,36
"2021-03-13","MALUKU UTARA",0,0,0,0,1304,1104,164,36
"2021-03-14","MALUKU UTARA",13,0,13,0,1317,1104,177,36
"2021-03-15","MALUKU UTARA",20,13,6,1,1337,1117,183,37
"2021-03-16","MALUKU UTARA",27,0,26,1,1364,1117,209,38
"2021-03-17","MALUKU UTARA",9,3,6,0,1373,1120,215,38
"2021-03-18","MALUKU UTARA",9,0,9,0,1382,1120,224,38
"2021-03-19","MALUKU UTARA",19,1,18,0,1401,1121,242,38
"2021-03-20","MALUKU UTARA",10,1,9,0,1411,1122,251,38
"2021-03-21","MALUKU UTARA",0,0,0,0,1411,1122,251,38
"2021-03-22","MALUKU UTARA",7,0,7,0,1418,1122,258,38
"2021-03-23","MALUKU UTARA",3,0,3,0,1421,1122,261,38
"2021-03-24","MALUKU UTARA",7,0,7,0,1428,1122,268,38
"2021-03-25","MALUKU UTARA",0,5,-6,1,1428,1127,262,39
"2021-03-26","MALUKU UTARA",0,1,-1,0,1428,1128,261,39
"2021-03-27","MALUKU UTARA",0,0,0,0,1428,1128,261,39
"2021-03-28","MALUKU UTARA",0,0,0,0,1428,1128,261,39
"2021-03-29","MALUKU UTARA",0,18,-18,0,1428,1146,243,39
"2021-03-30","MALUKU UTARA",0,0,0,0,1428,1146,243,39
"2021-03-31","MALUKU UTARA",0,5,-5,0,1428,1151,238,39
"2021-04-01","MALUKU UTARA",0,0,0,0,1428,1151,238,39
"2021-04-02","MALUKU UTARA",0,0,0,0,1428,1151,238,39
"2021-04-03","MALUKU UTARA",0,0,0,0,1428,1151,238,39
"2021-04-04","MALUKU UTARA",0,0,0,0,1428,1151,238,39
"2021-04-05","MALUKU UTARA",1,15,-14,0,1429,1166,224,39
"2021-04-06","MALUKU UTARA",8,0,8,0,1437,1166,232,39
"2021-04-07","MALUKU UTARA",11,3,8,0,1448,1169,240,39
"2021-04-08","MALUKU UTARA",2,8,-6,0,1450,1177,234,39
"2021-04-09","MALUKU UTARA",0,0,0,0,1450,1177,234,39
"2021-04-10","MALUKU UTARA",4,2,2,0,1454,1179,236,39
"2021-04-11","MALUKU UTARA",0,19,-19,0,1454,1198,217,39
"2021-04-12","MALUKU UTARA",0,15,-15,0,1454,1213,202,39
"2021-04-13","MALUKU UTARA",3,6,-3,0,1457,1219,199,39
"2021-04-14","MALUKU UTARA",6,13,-7,0,1463,1232,192,39
"2021-04-15","MALUKU UTARA",0,19,-19,0,1463,1251,173,39
"2021-04-16","MALUKU UTARA",0,0,0,0,1463,1251,173,39
"2021-04-17","MALUKU UTARA",0,12,-12,0,1463,1263,161,39
"2021-04-18","MALUKU UTARA",0,0,0,0,1463,1263,161,39
"2021-04-19","MALUKU UTARA",0,34,-34,0,1463,1297,127,39
"2021-04-20","MALUKU UTARA",0,8,-8,0,1463,1305,119,39
"2021-04-21","MALUKU UTARA",0,17,-17,0,1463,1322,102,39
"2021-04-22","MALUKU UTARA",0,2,-2,0,1463,1324,100,39
"2021-04-23","MALUKU UTARA",3,1,2,0,1466,1325,102,39
"2021-04-24","MALUKU UTARA",6,0,6,0,1472,1325,108,39
"2021-04-25","MALUKU UTARA",5,0,5,0,1477,1325,113,39
"2021-04-26","MALUKU UTARA",0,5,-5,0,1477,1330,108,39
"2021-04-27","MALUKU UTARA",1,4,-3,0,1478,1334,105,39
"2021-04-28","MALUKU UTARA",1,10,-9,0,1479,1344,96,39
"2021-04-29","MALUKU UTARA",0,0,0,0,1479,1344,96,39
"2021-04-30","MALUKU UTARA",2,4,-2,0,1481,1348,94,39
"2021-05-01","MALUKU UTARA",0,0,0,0,1481,1348,94,39
"2021-05-02","MALUKU UTARA",0,0,0,0,1481,1348,94,39
"2021-05-03","MALUKU UTARA",3,17,-14,0,1484,1365,80,39
"2021-05-04","MALUKU UTARA",1,6,-5,0,1485,1371,75,39
"2021-05-05","MALUKU UTARA",0,10,-10,0,1485,1381,65,39
"2021-05-06","MALUKU UTARA",0,8,-8,0,1485,1389,57,39
"2021-05-07","MALUKU UTARA",0,0,0,0,1485,1389,57,39
"2021-05-08","MALUKU UTARA",0,0,0,0,1485,1389,57,39
"2021-05-09","MALUKU UTARA",0,0,0,0,1485,1389,57,39
"2021-05-10","MALUKU UTARA",0,0,0,0,1485,1389,57,39
"2021-05-11","MALUKU UTARA",0,0,0,0,1485,1389,57,39
"2021-05-12","MALUKU UTARA",0,0,0,0,1485,1389,57,39
"2021-05-13","MALUKU UTARA",5,0,5,0,1490,1389,62,39
"2021-05-14","MALUKU UTARA",0,0,0,0,1490,1389,62,39
"2021-05-15","MALUKU UTARA",7,0,7,0,1497,1389,69,39
"2021-05-16","MALUKU UTARA",1,0,1,0,1498,1389,70,39
"2021-05-17","MALUKU UTARA",0,4,-4,0,1498,1393,66,39
"2021-05-18","MALUKU UTARA",4,0,4,0,1502,1393,70,39
"2021-05-19","MALUKU UTARA",2,0,2,0,1504,1393,72,39
"2021-05-20","MALUKU UTARA",8,0,8,0,1512,1393,80,39
"2021-05-21","MALUKU UTARA",2,0,2,0,1514,1393,82,39
"2021-05-22","MALUKU UTARA",7,0,7,0,1521,1393,89,39
"2021-05-23","MALUKU UTARA",9,0,9,0,1530,1393,98,39
"2021-05-24","MALUKU UTARA",4,15,-11,0,1534,1408,87,39
"2021-05-25","MALUKU UTARA",4,0,4,0,1538,1408,91,39
"2021-05-26","MALUKU UTARA",2,0,2,0,1540,1408,93,39
"2021-05-27","MALUKU UTARA",0,0,0,0,1540,1408,93,39
"2021-05-28","MALUKU UTARA",0,0,0,0,1540,1408,93,39
"2021-05-29","MALUKU UTARA",0,0,0,0,1540,1408,93,39
"2021-05-30","MALUKU UTARA",0,15,-15,0,1540,1423,78,39
"2021-05-31","MALUKU UTARA",0,1,-1,0,1540,1424,77,39
"2021-06-01","MALUKU UTARA",0,0,0,0,1540,1424,77,39
"2021-06-02","MALUKU UTARA",3,5,-2,0,1543,1429,75,39
"2021-06-03","MALUKU UTARA",4,5,-1,0,1547,1434,74,39
"2021-06-04","MALUKU UTARA",4,0,4,0,1551,1434,78,39
"2021-06-05","MALUKU UTARA",8,0,8,0,1559,1434,86,39
"2021-06-06","MALUKU UTARA",10,0,10,0,1569,1434,96,39
"2021-06-07","MALUKU UTARA",7,3,4,0,1576,1437,100,39
"2021-06-08","MALUKU UTARA",13,17,-4,0,1589,1454,96,39
"2021-06-09","MALUKU UTARA",8,8,0,0,1597,1462,96,39
"2021-06-10","MALUKU UTARA",8,0,8,0,1605,1462,104,39
"2021-06-11","MALUKU UTARA",0,0,0,0,1605,1462,104,39
"2021-06-12","MALUKU UTARA",0,9,-9,0,1605,1471,95,39
"2021-06-13","MALUKU UTARA",0,0,0,0,1605,1471,95,39
"2021-06-14","MALUKU UTARA",0,11,-11,0,1605,1482,84,39
"2021-06-15","MALUKU UTARA",0,15,-15,0,1605,1497,69,39
"2021-06-16","MALUKU UTARA",0,4,-4,0,1605,1501,65,39
"2021-06-17","MALUKU UTARA",0,2,-2,0,1605,1503,63,39
"2021-06-18","MALUKU UTARA",0,15,-16,1,1605,1518,47,40
"2021-06-19","MALUKU UTARA",0,0,0,0,1605,1518,47,40
"2021-06-20","MALUKU UTARA",0,0,0,0,1605,1518,47,40
"2021-06-21","MALUKU UTARA",0,7,-7,0,1605,1525,40,40
"2021-06-22","MALUKU UTARA",36,2,34,0,1641,1527,74,40
"2021-06-23","MALUKU UTARA",21,1,20,0,1662,1528,94,40
"2021-06-24","MALUKU UTARA",121,0,120,1,1783,1528,214,41
"2021-06-25","MALUKU UTARA",86,2,84,0,1869,1530,298,41
"2021-06-26","MALUKU UTARA",19,0,18,1,1888,1530,316,42
"2021-06-27","MALUKU UTARA",0,0,0,0,1888,1530,316,42
"2021-06-28","MALUKU UTARA",0,0,0,0,1888,1530,316,42
"2021-06-29","MALUKU UTARA",0,0,0,0,1888,1530,316,42
"2021-06-30","MALUKU UTARA",0,3,-3,0,1888,1533,313,42
"2021-07-01","MALUKU UTARA",0,1,-1,0,1888,1534,312,42
"2021-07-02","MALUKU UTARA",0,0,0,0,1888,1534,312,42
"2021-07-03","MALUKU UTARA",0,0,0,0,1888,1534,312,42
"2021-07-04","MALUKU UTARA",146,22,123,1,2034,1556,435,43
"2021-07-05","MALUKU UTARA",68,0,68,0,2102,1556,503,43
"2021-07-06","MALUKU UTARA",117,18,98,1,2219,1574,601,44
"2021-07-07","MALUKU UTARA",218,20,198,0,2437,1594,799,44
"2021-07-08","MALUKU UTARA",125,0,123,2,2562,1594,922,46
"2021-07-09","MALUKU UTARA",171,6,164,1,2733,1600,1086,47
"2021-07-10","MALUKU UTARA",234,0,230,4,2967,1600,1316,51
"2021-07-11","MALUKU UTARA",184,1,180,3,3151,1601,1496,54
"2021-07-12","MALUKU UTARA",125,6,112,7,3276,1607,1608,61
"2021-07-13","MALUKU UTARA",64,9,54,1,3340,1616,1662,62
"2021-07-14","MALUKU UTARA",11,8,0,3,3351,1624,1662,65
"2021-07-15","MALUKU UTARA",17,5,9,3,3368,1629,1671,68
"2021-07-16","MALUKU UTARA",26,72,-46,0,3394,1701,1625,68
"2021-07-17","MALUKU UTARA",311,65,245,1,3705,1766,1870,69
"2021-07-18","MALUKU UTARA",83,90,-12,5,3788,1856,1858,74
"2021-07-19","MALUKU UTARA",92,75,14,3,3880,1931,1872,77
"2021-07-20","MALUKU UTARA",78,71,6,1,3958,2002,1878,78
"2021-07-21","MALUKU UTARA",168,98,66,4,4126,2100,1944,82
"2021-07-22","MALUKU UTARA",152,52,100,0,4278,2152,2044,82
"2021-07-23","MALUKU UTARA",175,276,-108,7,4453,2428,1936,89
"2021-07-24","MALUKU UTARA",76,40,36,0,4529,2468,1972,89
"2021-07-25","MALUKU UTARA",265,51,203,11,4794,2519,2175,100
"2021-07-26","MALUKU UTARA",176,39,130,7,4970,2558,2305,107
"2021-07-27","MALUKU UTARA",131,54,74,3,5101,2612,2379,110
"2021-07-28","MALUKU UTARA",182,60,120,2,5283,2672,2499,112
"2021-07-29","MALUKU UTARA",105,279,-183,9,5388,2951,2316,121
"2021-07-30","MALUKU UTARA",150,156,-9,3,5538,3107,2307,124
"2021-07-31","MALUKU UTARA",20,138,-122,4,5558,3245,2185,128
"2021-08-01","MALUKU UTARA",21,32,-13,2,5579,3277,2172,130
"2021-08-02","MALUKU UTARA",31,46,-15,0,5610,3323,2157,130
"2021-08-03","MALUKU UTARA",30,155,-128,3,5640,3478,2029,133
"2021-08-04","MALUKU UTARA",18,93,-76,1,5658,3571,1953,134
"2021-08-05","MALUKU UTARA",11,27,-18,2,5669,3598,1935,136
"2021-08-06","MALUKU UTARA",8,244,-236,0,5677,3842,1699,136
"2021-08-07","MALUKU UTARA",15,307,-295,3,5692,4149,1404,139
"2021-08-08","MALUKU UTARA",10,266,-256,0,5702,4415,1148,139
"2021-08-09","MALUKU UTARA",33,92,-59,0,5735,4507,1089,139
"2021-08-10","MALUKU UTARA",93,114,-21,0,5828,4621,1068,139
"2021-08-11","MALUKU UTARA",34,106,-75,3,5862,4727,993,142
"2021-08-12","MALUKU UTARA",61,25,35,1,5923,4752,1028,143
"2021-08-13","MALUKU UTARA",72,288,-218,2,5995,5040,810,145
"2021-08-14","MALUKU UTARA",42,10,32,0,6037,5050,842,145
"2021-08-15","MALUKU UTARA",13,22,-11,2,6050,5072,831,147
"2021-08-16","MALUKU UTARA",42,43,-1,0,6092,5115,830,147
"2021-08-17","MALUKU UTARA",39,47,-14,6,6131,5162,816,153
"2021-08-18","MALUKU UTARA",16,8,8,0,6147,5170,824,153
"2021-08-19","MALUKU UTARA",39,138,-106,7,6186,5308,718,160
"2021-08-20","MALUKU UTARA",15,61,-46,0,6201,5369,672,160
"2021-08-21","MALUKU UTARA",32,59,-31,4,6233,5428,641,164
"2021-08-22","MALUKU UTARA",13,121,-111,3,6246,5549,530,167
"2021-08-23","MALUKU UTARA",20,62,-45,3,6266,5611,485,170
"2021-08-24","MALUKU UTARA",2,44,-42,0,6268,5655,443,170
"2021-08-25","MALUKU UTARA",4,16,-12,0,6272,5671,431,170
"2021-08-26","MALUKU UTARA",4,62,-60,2,6276,5733,371,172
"2021-08-27","MALUKU UTARA",10,24,-15,1,6286,5757,356,173
"2021-08-28","MALUKU UTARA",4,86,-82,0,6290,5843,274,173
"2021-08-29","MALUKU UTARA",3,34,-31,0,6293,5877,243,173
"2021-08-30","MALUKU UTARA",3,3,-1,1,6296,5880,242,174
"2021-08-31","MALUKU UTARA",5,43,-38,0,6301,5923,204,174
"2021-09-01","MALUKU UTARA",5,1,4,0,6306,5924,208,174
"2021-09-02","MALUKU UTARA",14,61,-48,1,6320,5985,160,175
"2021-09-03","MALUKU UTARA",9,2,7,0,6329,5987,167,175
"2021-09-04","MALUKU UTARA",4,6,-2,0,6333,5993,165,175
"2021-09-05","MALUKU UTARA",9,0,9,0,6342,5993,174,175
"2021-09-06","MALUKU UTARA",6,4,2,0,6348,5997,176,175
"2021-09-07","MALUKU UTARA",9,2,7,0,6357,5999,183,175
"2021-09-08","MALUKU UTARA",2,4,-2,0,6359,6003,181,175
"2021-09-09","MALUKU UTARA",7,51,-44,0,6366,6054,137,175
"2021-09-10","MALUKU UTARA",6,5,1,0,6372,6059,138,175
"2021-09-11","MALUKU UTARA",6,1,5,0,6378,6060,143,175
"2021-09-12","MALUKU UTARA",7,4,3,0,6385,6064,146,175
"2021-09-13","MALUKU UTARA",3,11,-8,0,6388,6075,138,175
"2021-09-14","MALUKU UTARA",2,8,-7,1,6390,6083,131,176
"2021-09-15","MALUKU UTARA",7,4,3,0,6397,6087,134,176
"2021-09-16","MALUKU UTARA",4,6,-2,0,6401,6093,132,176
"2021-09-17","MALUKU UTARA",9,40,-31,0,6410,6133,101,176
"2021-09-18","MALUKU UTARA",7,1,6,0,6417,6134,107,176
"2021-09-19","MALUKU UTARA",0,5,-5,0,6417,6139,102,176
"2021-09-20","MALUKU UTARA",1,0,1,0,6418,6139,103,176
"2021-09-21","MALUKU UTARA",13,16,-3,0,6431,6155,100,176
"2021-09-22","MALUKU UTARA",2,3,-1,0,6433,6158,99,176
"2021-09-23","MALUKU UTARA",1,4,-3,0,6434,6162,96,176
"2021-09-24","MALUKU UTARA",3,9,-6,0,6437,6171,90,176
"2021-09-25","MALUKU UTARA",0,3,-3,0,6437,6174,87,176
"2021-09-26","MALUKU UTARA",0,2,-2,0,6437,6176,85,176
"2021-09-27","MALUKU UTARA",1,5,-4,0,6438,6181,81,176
"2021-09-28","MALUKU UTARA",5,5,0,0,6443,6186,81,176
"2021-09-29","MALUKU UTARA",1,9,-8,0,6444,6195,73,176
"2021-09-30","MALUKU UTARA",2,8,-6,0,6446,6203,67,176
"2021-10-01","MALUKU UTARA",0,2,-2,0,6446,6205,65,176
"2021-10-02","MALUKU UTARA",16,2,14,0,6462,6207,79,176
"2021-10-03","MALUKU UTARA",3,0,3,0,6465,6207,82,176
"2021-10-04","MALUKU UTARA",1,3,-2,0,6466,6210,80,176
"2021-10-05","MALUKU UTARA",2,10,-8,0,6468,6220,72,176
"2021-10-06","MALUKU UTARA",4,13,-9,0,6472,6233,63,176
"2021-10-07","MALUKU UTARA",8,6,2,0,6480,6239,65,176
"2021-10-08","MALUKU UTARA",9,1,8,0,6489,6240,73,176
"2021-10-09","MALUKU UTARA",5,2,3,0,6494,6242,76,176
"2021-10-10","MALUKU UTARA",7,0,7,0,6501,6242,83,176
"2021-10-11","MALUKU UTARA",0,19,-19,0,6501,6261,64,176
"2021-10-12","MALUKU UTARA",6,1,5,0,6507,6262,69,176
"2021-10-13","MALUKU UTARA",5,1,4,0,6512,6263,73,176
"2021-10-14","MALUKU UTARA",1,12,-11,0,6513,6275,62,176
"2021-10-15","MALUKU UTARA",1,0,1,0,6514,6275,63,176
"2021-10-16","MALUKU UTARA",3,3,-1,1,6517,6278,62,177
"2021-10-17","MALUKU UTARA",0,3,-3,0,6517,6281,59,177
"2021-10-18","MALUKU UTARA",0,3,-3,0,6517,6284,56,177
"2021-10-19","MALUKU UTARA",1,4,-3,0,6518,6288,53,177
"2021-10-20","MALUKU UTARA",5,1,4,0,6523,6289,57,177
"2021-10-21","MALUKU UTARA",0,0,0,0,6523,6289,57,177
"2021-10-22","MALUKU UTARA",0,2,-2,0,6523,6291,55,177
"2021-10-23","MALUKU UTARA",2,0,2,0,6525,6291,57,177
"2021-10-24","MALUKU UTARA",0,0,0,0,6525,6291,57,177
"2021-10-25","MALUKU UTARA",2,1,1,0,6527,6292,58,177
"2021-10-26","MALUKU UTARA",6,8,-2,0,6533,6300,56,177
"2021-10-27","MALUKU UTARA",3,4,-1,0,6536,6304,55,177
"2021-10-28","MALUKU UTARA",0,7,-7,0,6536,6311,48,177
"2021-10-29","MALUKU UTARA",4,7,-3,0,6540,6318,45,177
"2021-10-30","MALUKU UTARA",4,0,4,0,6544,6318,49,177
"2021-10-31","MALUKU UTARA",2,0,2,0,6546,6318,51,177
"2021-11-01","MALUKU UTARA",0,1,-1,0,6546,6319,50,177
"2021-11-02","MALUKU UTARA",5,0,5,0,6551,6319,55,177
"2021-11-03","MALUKU UTARA",0,0,0,0,6551,6319,55,177
"2021-11-04","MALUKU UTARA",0,1,-1,0,6551,6320,54,177
"2021-11-05","MALUKU UTARA",1,1,0,0,6552,6321,54,177
"2021-11-06","MALUKU UTARA",2,0,2,0,6554,6321,56,177
"2021-11-07","MALUKU UTARA",1,1,0,0,6555,6322,56,177
"2021-11-08","MALUKU UTARA",0,0,0,0,6555,6322,56,177
"2021-11-09","MALUKU UTARA",0,15,-15,0,6555,6337,41,177
"2021-11-10","MALUKU UTARA",1,0,1,0,6556,6337,42,177
"2021-11-11","MALUKU UTARA",0,0,0,0,6556,6337,42,177
"2021-11-12","MALUKU UTARA",2,0,2,0,6558,6337,44,177
"2021-11-13","MALUKU UTARA",1,2,-1,0,6559,6339,43,177
"2021-11-14","MALUKU UTARA",0,0,0,0,6559,6339,43,177
"2021-11-15","MALUKU UTARA",0,3,-3,0,6559,6342,40,177
"2021-11-16","MALUKU UTARA",1,0,1,0,6560,6342,41,177
"2021-11-17","MALUKU UTARA",0,1,-1,0,6560,6343,40,177
"2021-11-18","MALUKU UTARA",0,0,0,0,6560,6343,40,177
"2021-11-19","MALUKU UTARA",1,0,1,0,6561,6343,41,177
"2021-11-20","MALUKU UTARA",1,0,1,0,6562,6343,42,177
"2021-11-21","MALUKU UTARA",0,0,0,0,6562,6343,42,177
"2021-11-22","MALUKU UTARA",0,0,0,0,6562,6343,42,177
"2021-11-23","MALUKU UTARA",0,1,-1,0,6562,6344,41,177
"2021-11-24","MALUKU UTARA",0,1,-1,0,6562,6345,40,177
"2021-11-25","MALUKU UTARA",0,0,0,0,6562,6345,40,177
"2021-11-26","MALUKU UTARA",0,0,0,0,6562,6345,40,177
"2021-11-27","MALUKU UTARA",2,0,2,0,6564,6345,42,177
"2021-11-28","MALUKU UTARA",2,3,-1,0,6566,6348,41,177
"2021-11-29","MALUKU UTARA",0,0,0,0,6566,6348,41,177
"2021-11-30","MALUKU UTARA",0,0,0,0,6566,6348,41,177
"2021-12-01","MALUKU UTARA",0,0,0,0,6566,6348,41,177
"2021-12-02","MALUKU UTARA",0,29,-29,0,6566,6377,12,177
"2021-12-03","MALUKU UTARA",0,0,0,0,6566,6377,12,177
"2021-12-04","MALUKU UTARA",0,0,0,0,6566,6377,12,177
"2021-12-05","MALUKU UTARA",0,0,0,0,6566,6377,12,177
"2021-12-06","MALUKU UTARA",0,0,0,0,6566,6377,12,177
"2021-12-07","MALUKU UTARA",0,0,0,0,6566,6377,12,177
"2021-12-08","MALUKU UTARA",0,0,0,0,6566,6377,12,177
"2021-12-09","MALUKU UTARA",1,9,-8,0,6567,6386,4,177
"2021-12-10","MALUKU UTARA",3,0,3,0,6570,6386,7,177
"2021-12-11","MALUKU UTARA",0,0,0,0,6570,6386,7,177
"2021-12-12","MALUKU UTARA",0,0,0,0,6570,6386,7,177
"2021-12-13","MALUKU UTARA",0,2,-2,0,6570,6388,5,177
"2021-12-14","MALUKU UTARA",0,0,0,0,6570,6388,5,177
"2021-12-15","MALUKU UTARA",0,0,0,0,6570,6388,5,177
"2021-12-16","MALUKU UTARA",0,0,0,0,6570,6388,5,177
"2021-12-17","MALUKU UTARA",0,0,0,0,6570,6388,5,177
"2021-12-18","MALUKU UTARA",0,0,0,0,6570,6388,5,177
"2021-12-19","MALUKU UTARA",0,0,0,0,6570,6388,5,177
"2021-12-20","MALUKU UTARA",0,1,-1,0,6570,6389,4,177
"2021-12-21","MALUKU UTARA",0,0,0,0,6570,6389,4,177
"2021-12-22","MALUKU UTARA",0,0,0,0,6570,6389,4,177
"2021-12-23","MALUKU UTARA",0,0,0,0,6570,6389,4,177
"2021-12-24","MALUKU UTARA",0,2,-2,0,6570,6391,2,177
"2021-12-25","MALUKU UTARA",0,0,0,0,6570,6391,2,177
"2021-12-26","MALUKU UTARA",0,0,0,0,6570,6391,2,177
"2021-12-27","MALUKU UTARA",0,1,-1,0,6570,6392,1,177
"2021-12-28","MALUKU UTARA",0,1,-1,0,6570,6393,0,177
"2021-12-29","MALUKU UTARA",0,0,0,0,6570,6393,0,177
"2021-12-30","MALUKU UTARA",0,0,0,0,6570,6393,0,177
"2021-12-31","MALUKU UTARA",0,0,0,0,6570,6393,0,177
"2022-01-01","MALUKU UTARA",0,0,0,0,6570,6393,0,177
"2022-01-02","MALUKU UTARA",0,0,0,0,6570,6393,0,177
"2022-01-03","MALUKU UTARA",0,0,0,0,6570,6393,0,177
"2022-01-04","MALUKU UTARA",0,0,0,0,6570,6393,0,177
"2022-01-05","MALUKU UTARA",0,0,0,0,6570,6393,0,177
"2022-01-06","MALUKU UTARA",0,0,0,0,6570,6393,0,177
"2022-01-07","MALUKU UTARA",0,0,0,0,6570,6393,0,177
"2022-01-08","MALUKU UTARA",1,0,1,0,6571,6393,1,177
"2022-01-09","MALUKU UTARA",0,0,0,0,6571,6393,1,177
"2022-01-10","MALUKU UTARA",2,0,2,0,6573,6393,3,177
"2022-01-11","MALUKU UTARA",1,0,1,0,6574,6393,4,177
"2022-01-12","MALUKU UTARA",1,0,1,0,6575,6393,5,177
"2022-01-13","MALUKU UTARA",0,0,0,0,6575,6393,5,177
"2022-01-14","MALUKU UTARA",0,0,0,0,6575,6393,5,177
"2022-01-15","MALUKU UTARA",2,0,2,0,6577,6393,7,177
"2022-01-16","MALUKU UTARA",2,0,2,0,6579,6393,9,177
"2022-01-17","MALUKU UTARA",1,0,1,0,6580,6393,10,177
"2022-01-18","MALUKU UTARA",1,0,1,0,6581,6393,11,177
"2022-01-19","MALUKU UTARA",0,2,-2,0,6581,6395,9,177
"2022-01-20","MALUKU UTARA",0,0,0,0,6581,6395,9,177
"2022-01-21","MALUKU UTARA",0,0,0,0,6581,6395,9,177
"2022-01-22","MALUKU UTARA",0,0,0,0,6581,6395,9,177
"2022-01-23","MALUKU UTARA",0,0,0,0,6581,6395,9,177
"2022-01-24","MALUKU UTARA",0,0,0,0,6581,6395,9,177
"2022-01-25","MALUKU UTARA",0,2,-2,0,6581,6397,7,177
"2022-01-26","MALUKU UTARA",0,0,0,0,6581,6397,7,177
"2022-01-27","MALUKU UTARA",0,0,0,0,6581,6397,7,177
"2022-01-28","MALUKU UTARA",0,5,-5,0,6581,6402,2,177
"2022-01-29","MALUKU UTARA",0,0,0,0,6581,6402,2,177
"2022-01-30","MALUKU UTARA",0,0,0,0,6581,6402,2,177
"2022-01-31","MALUKU UTARA",1,1,0,0,6582,6403,2,177
"2022-02-01","MALUKU UTARA",3,0,3,0,6585,6403,5,177
"2022-02-02","MALUKU UTARA",3,0,3,0,6588,6403,8,177
"2022-02-03","MALUKU UTARA",2,0,2,0,6590,6403,10,177
"2022-02-04","MALUKU UTARA",7,0,7,0,6597,6403,17,177
"2022-02-05","MALUKU UTARA",4,0,4,0,6601,6403,21,177
"2022-02-06","MALUKU UTARA",7,0,7,0,6608,6403,28,177
"2022-02-07","MALUKU UTARA",3,0,3,0,6611,6403,31,177
"2022-02-08","MALUKU UTARA",15,0,15,0,6626,6403,46,177
"2022-02-09","MALUKU UTARA",9,0,9,0,6635,6403,55,177
"2022-02-10","MALUKU UTARA",17,2,15,0,6652,6405,70,177
"2022-02-11","MALUKU UTARA",10,1,9,0,6662,6406,79,177
"2022-02-12","MALUKU UTARA",22,0,22,0,6684,6406,101,177
"2022-02-13","MALUKU UTARA",33,5,28,0,6717,6411,129,177
"2022-02-14","MALUKU UTARA",38,0,36,2,6755,6411,165,179
"2022-02-15","MALUKU UTARA",42,5,37,0,6797,6416,202,179
"2022-02-16","MALUKU UTARA",113,5,108,0,6910,6421,310,179
"2022-02-17","MALUKU UTARA",99,14,85,0,7009,6435,395,179
"2022-02-18","MALUKU UTARA",69,2,66,1,7078,6437,461,180
"2022-02-19","MALUKU UTARA",118,6,112,0,7196,6443,573,180
"2022-02-20","MALUKU UTARA",48,5,43,0,7244,6448,616,180
"2022-02-21","MALUKU UTARA",66,13,53,0,7310,6461,669,180
"2022-02-22","MALUKU UTARA",108,20,88,0,7418,6481,757,180
"2022-02-23","MALUKU UTARA",134,44,90,0,7552,6525,847,180
"2022-02-24","MALUKU UTARA",120,74,46,0,7672,6599,893,180
"2022-02-25","MALUKU UTARA",144,47,95,2,7816,6646,988,182
"2022-02-26","MALUKU UTARA",91,40,51,0,7907,6686,1039,182
"2022-02-27","MALUKU UTARA",47,54,-7,0,7954,6740,1032,182
"2022-02-28","MALUKU UTARA",55,136,-81,0,8009,6876,951,182
"2022-03-01","MALUKU UTARA",51,109,-60,2,8060,6985,891,184
"2022-03-02","MALUKU UTARA",57,16,41,0,8117,7001,932,184
"2022-03-03","MALUKU UTARA",71,61,10,0,8188,7062,942,184
"2022-03-04","MALUKU UTARA",99,28,70,1,8287,7090,1012,185
"2022-03-05","MALUKU UTARA",66,44,22,0,8353,7134,1034,185
"2022-03-06","MALUKU UTARA",59,28,30,1,8412,7162,1064,186
"2022-03-07","MALUKU UTARA",24,227,-206,3,8436,7389,858,189
"2022-03-08","MALUKU UTARA",1,7,-6,0,8437,7396,852,189
"2020-08-06","PAPUA",17,0,17,0,17,0,17,0
"2020-08-07","PAPUA",22,11,11,0,39,11,28,0
"2020-08-08","PAPUA",0,0,0,0,39,11,28,0
"2020-08-09","PAPUA",43,0,43,0,82,11,71,0
"2020-08-10","PAPUA",21,0,21,0,103,11,92,0
"2020-08-11","PAPUA",1,0,1,0,104,11,93,0
"2020-08-12","PAPUA",26,5,21,0,130,16,114,0
"2020-08-13","PAPUA",31,2,29,0,161,18,143,0
"2020-08-14","PAPUA",9,1,8,0,170,19,151,0
"2020-08-15","PAPUA",0,0,0,0,170,19,151,0
"2020-08-16","PAPUA",77,3,73,1,247,22,224,1
"2020-08-17","PAPUA",10,1,9,0,257,23,233,1
"2020-08-18","PAPUA",0,0,0,0,257,23,233,1
"2020-08-19","PAPUA",21,1,18,2,278,24,251,3
"2020-08-20","PAPUA",65,11,50,4,343,35,301,7
"2020-08-21","PAPUA",14,5,9,0,357,40,310,7
"2020-08-22","PAPUA",33,8,25,0,390,48,335,7
"2020-08-23","PAPUA",0,0,0,0,390,48,335,7
"2020-08-24","PAPUA",83,17,66,0,473,65,401,7
"2020-08-25","PAPUA",0,0,0,0,473,65,401,7
"2020-08-26","PAPUA",36,79,-43,0,509,144,358,7
"2020-08-27","PAPUA",23,8,15,0,532,152,373,7
"2020-08-28","PAPUA",26,21,5,0,558,173,378,7
"2020-08-29","PAPUA",36,19,17,0,594,192,395,7
"2020-08-30","PAPUA",25,3,21,1,619,195,416,8
"2020-08-31","PAPUA",0,0,0,0,619,195,416,8
"2020-09-01","PAPUA",66,22,43,1,685,217,459,9
"2020-09-02","PAPUA",11,15,-4,0,696,232,455,9
"2020-09-03","PAPUA",28,0,27,1,724,232,482,10
"2020-09-04","PAPUA",72,16,55,1,796,248,537,11
"2020-09-05","PAPUA",101,48,51,2,897,296,588,13
"2020-09-06","PAPUA",0,0,0,0,897,296,588,13
"2020-09-07","PAPUA",74,34,38,2,971,330,626,15
"2020-09-08","PAPUA",14,22,-8,0,985,352,618,15
"2020-09-09","PAPUA",0,0,0,0,985,352,618,15
"2020-09-10","PAPUA",113,18,93,2,1098,370,711,17
"2020-09-11","PAPUA",54,17,35,2,1152,387,746,19
"2020-09-12","PAPUA",62,22,40,0,1214,409,786,19
"2020-09-13","PAPUA",84,11,70,3,1298,420,856,22
"2020-09-14","PAPUA",96,0,96,0,1394,420,952,22
"2020-09-15","PAPUA",65,18,45,2,1459,438,997,24
"2020-09-16","PAPUA",126,9,115,2,1585,447,1112,26
"2020-09-17","PAPUA",73,14,56,3,1658,461,1168,29
"2020-09-18","PAPUA",58,52,1,5,1716,513,1169,34
"2020-09-19","PAPUA",203,41,159,3,1919,554,1328,37
"2020-09-20","PAPUA",50,0,50,0,1969,554,1378,37
"2020-09-21","PAPUA",29,0,29,0,1998,554,1407,37
"2020-09-22","PAPUA",73,13,58,2,2071,567,1465,39
"2020-09-23","PAPUA",139,49,86,4,2210,616,1551,43
"2020-09-24","PAPUA",266,68,196,2,2476,684,1747,45
"2020-09-25","PAPUA",110,0,110,0,2586,684,1857,45
"2020-09-26","PAPUA",77,55,22,0,2663,739,1879,45
"2020-09-27","PAPUA",113,0,112,1,2776,739,1991,46
"2020-09-28","PAPUA",46,0,46,0,2822,739,2037,46
"2020-09-29","PAPUA",0,0,0,0,2822,739,2037,46
"2020-09-30","PAPUA",322,91,225,6,3144,830,2262,52
"2020-10-01","PAPUA",61,32,24,5,3205,862,2286,57
"2020-10-02","PAPUA",122,47,72,3,3327,909,2358,60
"2020-10-03","PAPUA",0,46,-48,2,3327,955,2310,62
"2020-10-04","PAPUA",0,31,-34,3,3327,986,2276,65
"2020-10-05","PAPUA",100,0,100,0,3427,986,2376,65
"2020-10-06","PAPUA",192,54,135,3,3619,1040,2511,68
"2020-10-07","PAPUA",141,51,90,0,3760,1091,2601,68
"2020-10-08","PAPUA",98,47,50,1,3858,1138,2651,69
"2020-10-09","PAPUA",116,0,116,0,3974,1138,2767,69
"2020-10-10","PAPUA",44,50,-9,3,4018,1188,2758,72
"2020-10-11","PAPUA",150,0,150,0,4168,1188,2908,72
"2020-10-12","PAPUA",0,0,0,0,4168,1188,2908,72
"2020-10-13","PAPUA",142,112,29,1,4310,1300,2937,73
"2020-10-14","PAPUA",224,44,179,1,4534,1344,3116,74
"2020-10-15","PAPUA",111,55,56,0,4645,1399,3172,74
"2020-10-16","PAPUA",0,0,0,0,4645,1399,3172,74
"2020-10-17","PAPUA",69,17,48,4,4714,1416,3220,78
"2020-10-18","PAPUA",71,0,71,0,4785,1416,3291,78
"2020-10-19","PAPUA",0,0,-1,1,4785,1416,3290,79
"2020-10-20","PAPUA",129,80,46,3,4914,1496,3336,82
"2020-10-21","PAPUA",0,0,0,0,4914,1496,3336,82
"2020-10-22","PAPUA",95,0,95,0,5009,1496,3431,82
"2020-10-23","PAPUA",0,0,-1,1,5009,1496,3430,83
"2020-10-24","PAPUA",0,0,0,0,5009,1496,3430,83
"2020-10-25","PAPUA",49,0,49,0,5058,1496,3479,83
"2020-10-26","PAPUA",167,61,101,5,5225,1557,3580,88
"2020-10-27","PAPUA",0,0,0,0,5225,1557,3580,88
"2020-10-28","PAPUA",125,29,91,5,5350,1586,3671,93
"2020-10-29","PAPUA",20,0,20,0,5370,1586,3691,93
"2020-10-30","PAPUA",62,0,62,0,5432,1586,3753,93
"2020-10-31","PAPUA",45,0,45,0,5477,1586,3798,93
"2020-11-01","PAPUA",0,0,0,0,5477,1586,3798,93
"2020-11-02","PAPUA",0,0,0,0,5477,1586,3798,93
"2020-11-03","PAPUA",45,21,24,0,5522,1607,3822,93
"2020-11-04","PAPUA",0,0,0,0,5522,1607,3822,93
"2020-11-05","PAPUA",193,144,45,4,5715,1751,3867,97
"2020-11-06","PAPUA",0,0,-1,1,5715,1751,3866,98
"2020-11-07","PAPUA",0,0,0,0,5715,1751,3866,98
"2020-11-08","PAPUA",33,47,-16,2,5748,1798,3850,100
"2020-11-09","PAPUA",0,0,0,0,5748,1798,3850,100
"2020-11-10","PAPUA",0,0,0,0,5748,1798,3850,100
"2020-11-11","PAPUA",0,0,0,0,5748,1798,3850,100
"2020-11-12","PAPUA",100,35,64,1,5848,1833,3914,101
"2020-11-13","PAPUA",147,0,147,0,5995,1833,4061,101
"2020-11-14","PAPUA",177,26,150,1,6172,1859,4211,102
"2020-11-15","PAPUA",0,0,0,0,6172,1859,4211,102
"2020-11-16","PAPUA",17,36,-19,0,6189,1895,4192,102
"2020-11-17","PAPUA",6,0,6,0,6195,1895,4198,102
"2020-11-18","PAPUA",4,0,4,0,6199,1895,4202,102
"2020-11-19","PAPUA",0,0,0,0,6199,1895,4202,102
"2020-11-20","PAPUA",0,0,0,0,6199,1895,4202,102
"2020-11-21","PAPUA",0,0,0,0,6199,1895,4202,102
"2020-11-22","PAPUA",0,0,0,0,6199,1895,4202,102
"2020-11-23","PAPUA",0,0,0,0,6199,1895,4202,102
"2020-11-24","PAPUA",100,0,100,0,6299,1895,4302,102
"2020-11-25","PAPUA",39,0,39,0,6338,1895,4341,102
"2020-11-26","PAPUA",36,0,36,0,6374,1895,4377,102
"2020-11-27","PAPUA",39,0,39,0,6413,1895,4416,102
"2020-11-28","PAPUA",28,100,-72,0,6441,1995,4344,102
"2020-11-29","PAPUA",8,100,-92,0,6449,2095,4252,102
"2020-11-30","PAPUA",5,100,-96,1,6454,2195,4156,103
"2020-12-01","PAPUA",80,0,77,3,6534,2195,4233,106
"2020-12-02","PAPUA",0,13,-13,0,6534,2208,4220,106
"2020-12-03","PAPUA",4,25,-22,1,6538,2233,4198,107
"2020-12-04","PAPUA",122,208,-86,0,6660,2441,4112,107
"2020-12-05","PAPUA",52,0,52,0,6712,2441,4164,107
"2020-12-06","PAPUA",19,0,19,0,6731,2441,4183,107
"2020-12-07","PAPUA",48,25,23,0,6779,2466,4206,107
"2020-12-08","PAPUA",123,0,123,0,6902,2466,4329,107
"2020-12-09","PAPUA",59,0,59,0,6961,2466,4388,107
"2020-12-10","PAPUA",37,46,-9,0,6998,2512,4379,107
"2020-12-11","PAPUA",64,42,22,0,7062,2554,4401,107
"2020-12-12","PAPUA",52,22,30,0,7114,2576,4431,107
"2020-12-13","PAPUA",17,0,17,0,7131,2576,4448,107
"2020-12-14","PAPUA",31,0,31,0,7162,2576,4479,107
"2020-12-15","PAPUA",110,2,108,0,7272,2578,4587,107
"2020-12-16","PAPUA",0,0,0,0,7272,2578,4587,107
"2020-12-17","PAPUA",0,39,-43,4,7272,2617,4544,111
"2020-12-18","PAPUA",0,8,-8,0,7272,2625,4536,111
"2020-12-19","PAPUA",0,0,0,0,7272,2625,4536,111
"2020-12-20","PAPUA",0,0,0,0,7272,2625,4536,111
"2020-12-21","PAPUA",0,99,-99,0,7272,2724,4437,111
"2020-12-22","PAPUA",0,6,-6,0,7272,2730,4431,111
"2020-12-23","PAPUA",0,13,-13,0,7272,2743,4418,111
"2020-12-24","PAPUA",41,0,41,0,7313,2743,4459,111
"2020-12-25","PAPUA",22,300,-278,0,7335,3043,4181,111
"2020-12-26","PAPUA",51,200,-149,0,7386,3243,4032,111
"2020-12-27","PAPUA",92,200,-108,0,7478,3443,3924,111
"2020-12-28","PAPUA",26,0,26,0,7504,3443,3950,111
"2020-12-29","PAPUA",46,45,1,0,7550,3488,3951,111
"2020-12-30","PAPUA",31,69,-38,0,7581,3557,3913,111
"2020-12-31","PAPUA",55,21,33,1,7636,3578,3946,112
"2021-01-01","PAPUA",11,122,-113,2,7647,3700,3833,114
"2021-01-02","PAPUA",23,103,-80,0,7670,3803,3753,114
"2021-01-03","PAPUA",0,168,-168,0,7670,3971,3585,114
"2021-01-04","PAPUA",0,19,-20,1,7670,3990,3565,115
"2021-01-05","PAPUA",0,61,-62,1,7670,4051,3503,116
"2021-01-06","PAPUA",0,103,-103,0,7670,4154,3400,116
"2021-01-07","PAPUA",0,104,-104,0,7670,4258,3296,116
"2021-01-08","PAPUA",0,115,-116,1,7670,4373,3180,117
"2021-01-09","PAPUA",0,6,-8,2,7670,4379,3172,119
"2021-01-10","PAPUA",0,8,-11,3,7670,4387,3161,122
"2021-01-11","PAPUA",0,6,-6,0,7670,4393,3155,122
"2021-01-12","PAPUA",0,10,-10,0,7670,4403,3145,122
"2021-01-13","PAPUA",61,11,49,1,7731,4414,3194,123
"2021-01-14","PAPUA",50,8,42,0,7781,4422,3236,123
"2021-01-15","PAPUA",99,7,91,1,7880,4429,3327,124
"2021-01-16","PAPUA",98,6,92,0,7978,4435,3419,124
"2021-01-17","PAPUA",32,0,32,0,8010,4435,3451,124
"2021-01-18","PAPUA",31,6,24,1,8041,4441,3475,125
"2021-01-19","PAPUA",1,3,-3,1,8042,4444,3472,126
"2021-01-20","PAPUA",0,5,-5,0,8042,4449,3467,126
"2021-01-21","PAPUA",0,5,-6,1,8042,4454,3461,127
"2021-01-22","PAPUA",1,11,-10,0,8043,4465,3451,127
"2021-01-23","PAPUA",1,97,-97,1,8044,4562,3354,128
"2021-01-24","PAPUA",0,0,0,0,8044,4562,3354,128
"2021-01-25","PAPUA",0,5,-6,1,8044,4567,3348,129
"2021-01-26","PAPUA",0,2,-2,0,8044,4569,3346,129
"2021-01-27","PAPUA",1,2,-1,0,8045,4571,3345,129
"2021-01-28","PAPUA",0,99,-99,0,8045,4670,3246,129
"2021-01-29","PAPUA",1,0,1,0,8046,4670,3247,129
"2021-01-30","PAPUA",0,0,0,0,8046,4670,3247,129
"2021-01-31","PAPUA",0,10,-11,1,8046,4680,3236,130
"2021-02-01","PAPUA",0,2,-2,0,8046,4682,3234,130
"2021-02-02","PAPUA",77,7,68,2,8123,4689,3302,132
"2021-02-03","PAPUA",69,15,54,0,8192,4704,3356,132
"2021-02-04","PAPUA",145,16,129,0,8337,4720,3485,132
"2021-02-05","PAPUA",63,0,62,1,8400,4720,3547,133
"2021-02-06","PAPUA",65,7,58,0,8465,4727,3605,133
"2021-02-07","PAPUA",56,7,49,0,8521,4734,3654,133
"2021-02-08","PAPUA",1,11,-11,1,8522,4745,3643,134
"2021-02-09","PAPUA",1,1,0,0,8523,4746,3643,134
"2021-02-10","PAPUA",4,1,1,2,8527,4747,3644,136
"2021-02-11","PAPUA",0,5,-5,0,8527,4752,3639,136
"2021-02-12","PAPUA",0,5,-6,1,8527,4757,3633,137
"2021-02-13","PAPUA",0,6,-6,0,8527,4763,3627,137
"2021-02-14","PAPUA",0,6,-6,0,8527,4769,3621,137
"2021-02-15","PAPUA",0,6,-6,0,8527,4775,3615,137
"2021-02-16","PAPUA",0,2,-2,0,8527,4777,3613,137
"2021-02-17","PAPUA",0,205,-205,0,8527,4982,3408,137
"2021-02-18","PAPUA",0,6,-6,0,8527,4988,3402,137
"2021-02-19","PAPUA",4,10,-6,0,8531,4998,3396,137
"2021-02-20","PAPUA",5,9,-4,0,8536,5007,3392,137
"2021-02-21","PAPUA",0,2,-2,0,8536,5009,3390,137
"2021-02-22","PAPUA",91,1,90,0,8627,5010,3480,137
"2021-02-23","PAPUA",76,2,74,0,8703,5012,3554,137
"2021-02-24","PAPUA",41,0,41,0,8744,5012,3595,137
"2021-02-25","PAPUA",50,21,29,0,8794,5033,3624,137
"2021-02-26","PAPUA",159,11,148,0,8953,5044,3772,137
"2021-02-27","PAPUA",93,5,88,0,9046,5049,3860,137
"2021-02-28","PAPUA",55,2,53,0,9101,5051,3913,137
"2021-03-01","PAPUA",41,3,36,2,9142,5054,3949,139
"2021-03-02","PAPUA",4,3,0,1,9146,5057,3949,140
"2021-03-03","PAPUA",6,4,1,1,9152,5061,3950,141
"2021-03-04","PAPUA",2,7,-5,0,9154,5068,3945,141
"2021-03-05","PAPUA",0,9,-9,0,9154,5077,3936,141
"2021-03-06","PAPUA",1,6,-6,1,9155,5083,3930,142
"2021-03-07","PAPUA",0,11,-11,0,9155,5094,3919,142
"2021-03-08","PAPUA",2,33,-31,0,9157,5127,3888,142
"2021-03-09","PAPUA",11,23,-13,1,9168,5150,3875,143
"2021-03-10","PAPUA",10,3,7,0,9178,5153,3882,143
"2021-03-11","PAPUA",3,224,-222,1,9181,5377,3660,144
"2021-03-12","PAPUA",1,21,-20,0,9182,5398,3640,144
"2021-03-13","PAPUA",1,13,-12,0,9183,5411,3628,144
"2021-03-14","PAPUA",32,24,8,0,9215,5435,3636,144
"2021-03-15","PAPUA",45,21,24,0,9260,5456,3660,144
"2021-03-16","PAPUA",70,12,58,0,9330,5468,3718,144
"2021-03-17","PAPUA",65,1,64,0,9395,5469,3782,144
"2021-03-18","PAPUA",125,8,117,0,9520,5477,3899,144
"2021-03-19","PAPUA",110,3,106,1,9630,5480,4005,145
"2021-03-20","PAPUA",40,0,39,1,9670,5480,4044,146
"2021-03-21","PAPUA",5,2,2,1,9675,5482,4046,147
"2021-03-22","PAPUA",20,0,20,0,9695,5482,4066,147
"2021-03-23","PAPUA",59,2,57,0,9754,5484,4123,147
"2021-03-24","PAPUA",66,3,63,0,9820,5487,4186,147
"2021-03-25","PAPUA",2,11,-9,0,9822,5498,4177,147
"2021-03-26","PAPUA",1,0,1,0,9823,5498,4178,147
"2021-03-27","PAPUA",3,0,3,0,9826,5498,4181,147
"2021-03-28","PAPUA",0,14,-14,0,9826,5512,4167,147
"2021-03-29","PAPUA",2,1,0,1,9828,5513,4167,148
"2021-03-30","PAPUA",0,31,-31,0,9828,5544,4136,148
"2021-03-31","PAPUA",0,0,0,0,9828,5544,4136,148
"2021-04-01","PAPUA",0,19,-20,1,9828,5563,4116,149
"2021-04-02","PAPUA",0,16,-16,0,9828,5579,4100,149
"2021-04-03","PAPUA",21,18,3,0,9849,5597,4103,149
"2021-04-04","PAPUA",17,6,11,0,9866,5603,4114,149
"2021-04-05","PAPUA",6,2,3,1,9872,5605,4117,150
"2021-04-06","PAPUA",29,0,29,0,9901,5605,4146,150
"2021-04-07","PAPUA",59,3,56,0,9960,5608,4202,150
"2021-04-08","PAPUA",75,4,71,0,10035,5612,4273,150
"2021-04-09","PAPUA",65,10,55,0,10100,5622,4328,150
"2021-04-10","PAPUA",72,0,72,0,10172,5622,4400,150
"2021-04-11","PAPUA",20,25,-6,1,10192,5647,4394,151
"2021-04-12","PAPUA",29,45,-16,0,10221,5692,4378,151
"2021-04-13","PAPUA",12,1,9,2,10233,5693,4387,153
"2021-04-14","PAPUA",0,27,-27,0,10233,5720,4360,153
"2021-04-15","PAPUA",0,13,-13,0,10233,5733,4347,153
"2021-04-16","PAPUA",1,10,-9,0,10234,5743,4338,153
"2021-04-17","PAPUA",0,11,-11,0,10234,5754,4327,153
"2021-04-18","PAPUA",0,13,-14,1,10234,5767,4313,154
"2021-04-19","PAPUA",1,16,-15,0,10235,5783,4298,154
"2021-04-20","PAPUA",0,21,-21,0,10235,5804,4277,154
"2021-04-21","PAPUA",1,0,1,0,10236,5804,4278,154
"2021-04-22","PAPUA",0,23,-23,0,10236,5827,4255,154
"2021-04-23","PAPUA",8,0,8,0,10244,5827,4263,154
"2021-04-24","PAPUA",5,8,-3,0,10249,5835,4260,154
"2021-04-25","PAPUA",8,11,-3,0,10257,5846,4257,154
"2021-04-26","PAPUA",2,11,-10,1,10259,5857,4247,155
"2021-04-27","PAPUA",14,0,14,0,10273,5857,4261,155
"2021-04-28","PAPUA",11,2,9,0,10284,5859,4270,155
"2021-04-29","PAPUA",18,23,-5,0,10302,5882,4265,155
"2021-04-30","PAPUA",27,23,4,0,10329,5905,4269,155
"2021-05-01","PAPUA",0,2,-2,0,10329,5907,4267,155
"2021-05-02","PAPUA",0,7,-7,0,10329,5914,4260,155
"2021-05-03","PAPUA",0,3,-3,0,10329,5917,4257,155
"2021-05-04","PAPUA",3,1,2,0,10332,5918,4259,155
"2021-05-05","PAPUA",0,0,0,0,10332,5918,4259,155
"2021-05-06","PAPUA",0,9,-9,0,10332,5927,4250,155
"2021-05-07","PAPUA",0,0,0,0,10332,5927,4250,155
"2021-05-08","PAPUA",0,2,-2,0,10332,5929,4248,155
"2021-05-09","PAPUA",0,14,-14,0,10332,5943,4234,155
"2021-05-10","PAPUA",0,0,0,0,10332,5943,4234,155
"2021-05-11","PAPUA",0,1,-1,0,10332,5944,4233,155
"2021-05-12","PAPUA",0,0,0,0,10332,5944,4233,155
"2021-05-13","PAPUA",0,0,0,0,10332,5944,4233,155
"2021-05-14","PAPUA",0,2,-2,0,10332,5946,4231,155
"2021-05-15","PAPUA",0,0,0,0,10332,5946,4231,155
"2021-05-16","PAPUA",0,0,0,0,10332,5946,4231,155
"2021-05-17","PAPUA",0,0,0,0,10332,5946,4231,155
"2021-05-18","PAPUA",0,0,0,0,10332,5946,4231,155
"2021-05-19","PAPUA",0,0,0,0,10332,5946,4231,155
"2021-05-20","PAPUA",0,0,0,0,10332,5946,4231,155
"2021-05-21","PAPUA",0,0,0,0,10332,5946,4231,155
"2021-05-22","PAPUA",0,0,0,0,10332,5946,4231,155
"2021-05-23","PAPUA",0,0,0,0,10332,5946,4231,155
"2021-05-24","PAPUA",28,0,28,0,10360,5946,4259,155
"2021-05-25","PAPUA",0,0,0,0,10360,5946,4259,155
"2021-05-26","PAPUA",0,0,-1,1,10360,5946,4258,156
"2021-05-27","PAPUA",0,0,0,0,10360,5946,4258,156
"2021-05-28","PAPUA",0,0,-1,1,10360,5946,4257,157
"2021-05-29","PAPUA",0,0,0,0,10360,5946,4257,157
"2021-05-30","PAPUA",0,0,0,0,10360,5946,4257,157
"2021-05-31","PAPUA",0,0,0,0,10360,5946,4257,157
"2021-06-01","PAPUA",0,0,0,0,10360,5946,4257,157
"2021-06-02","PAPUA",0,0,0,0,10360,5946,4257,157
"2021-06-03","PAPUA",0,0,0,0,10360,5946,4257,157
"2021-06-04","PAPUA",0,0,0,0,10360,5946,4257,157
"2021-06-05","PAPUA",12,0,12,0,10372,5946,4269,157
"2021-06-06","PAPUA",0,0,0,0,10372,5946,4269,157
"2021-06-07","PAPUA",0,0,0,0,10372,5946,4269,157
"2021-06-08","PAPUA",16,10,6,0,10388,5956,4275,157
"2021-06-09","PAPUA",20,19,0,1,10408,5975,4275,158
"2021-06-10","PAPUA",34,11,21,2,10442,5986,4296,160
"2021-06-11","PAPUA",0,3,-3,0,10442,5989,4293,160
"2021-06-12","PAPUA",0,0,0,0,10442,5989,4293,160
"2021-06-13","PAPUA",0,7,-7,0,10442,5996,4286,160
"2021-06-14","PAPUA",0,0,0,0,10442,5996,4286,160
"2021-06-15","PAPUA",0,6,-6,0,10442,6002,4280,160
"2021-06-16","PAPUA",0,0,0,0,10442,6002,4280,160
"2021-06-17","PAPUA",1,1,0,0,10443,6003,4280,160
"2021-06-18","PAPUA",1,6,-5,0,10444,6009,4275,160
"2021-06-19","PAPUA",0,0,-1,1,10444,6009,4274,161
"2021-06-20","PAPUA",0,0,-1,1,10444,6009,4273,162
"2021-06-21","PAPUA",0,0,-1,1,10444,6009,4272,163
"2021-06-22","PAPUA",37,0,37,0,10481,6009,4309,163
"2021-06-23","PAPUA",37,0,37,0,10518,6009,4346,163
"2021-06-24","PAPUA",10,0,10,0,10528,6009,4356,163
"2021-06-25","PAPUA",45,1,44,0,10573,6010,4400,163
"2021-06-26","PAPUA",0,2,-3,1,10573,6012,4397,164
"2021-06-27","PAPUA",0,1,-2,1,10573,6013,4395,165
"2021-06-28","PAPUA",1,0,1,0,10574,6013,4396,165
"2021-06-29","PAPUA",0,1,-2,1,10574,6014,4394,166
"2021-06-30","PAPUA",0,12,-12,0,10574,6026,4382,166
"2021-07-01","PAPUA",0,0,0,0,10574,6026,4382,166
"2021-07-02","PAPUA",0,1,-1,0,10574,6027,4381,166
"2021-07-03","PAPUA",1,1,-2,2,10575,6028,4379,168
"2021-07-04","PAPUA",67,13,54,0,10642,6041,4433,168
"2021-07-05","PAPUA",44,0,43,1,10686,6041,4476,169
"2021-07-06","PAPUA",15,0,15,0,10701,6041,4491,169
"2021-07-07","PAPUA",69,0,66,3,10770,6041,4557,172
"2021-07-08","PAPUA",101,3,97,1,10871,6044,4654,173
"2021-07-09","PAPUA",125,20,105,0,10996,6064,4759,173
"2021-07-10","PAPUA",74,3,70,1,11070,6067,4829,174
"2021-07-11","PAPUA",89,11,78,0,11159,6078,4907,174
"2021-07-12","PAPUA",190,0,190,0,11349,6078,5097,174
"2021-07-13","PAPUA",94,8,85,1,11443,6086,5182,175
"2021-07-14","PAPUA",86,1,85,0,11529,6087,5267,175
"2021-07-15","PAPUA",68,0,68,0,11597,6087,5335,175
"2021-07-16","PAPUA",57,0,57,0,11654,6087,5392,175
"2021-07-17","PAPUA",98,0,97,1,11752,6087,5489,176
"2021-07-18","PAPUA",133,56,77,0,11885,6143,5566,176
"2021-07-19","PAPUA",173,0,172,1,12058,6143,5738,177
"2021-07-20","PAPUA",250,2,248,0,12308,6145,5986,177
"2021-07-21","PAPUA",246,0,241,5,12554,6145,6227,182
"2021-07-22","PAPUA",195,0,193,2,12749,6145,6420,184
"2021-07-23","PAPUA",278,0,273,5,13027,6145,6693,189
"2021-07-24","PAPUA",238,20,216,2,13265,6165,6909,191
"2021-07-25","PAPUA",174,1,170,3,13439,6166,7079,194
"2021-07-26","PAPUA",314,0,310,4,13753,6166,7389,198
"2021-07-27","PAPUA",304,104,199,1,14057,6270,7588,199
"2021-07-28","PAPUA",301,175,123,3,14358,6445,7711,202
"2021-07-29","PAPUA",295,122,161,12,14653,6567,7872,214
"2021-07-30","PAPUA",302,7,276,19,14955,6574,8148,233
"2021-07-31","PAPUA",240,0,238,2,15195,6574,8386,235
"2021-08-01","PAPUA",174,8,157,9,15369,6582,8543,244
"2021-08-02","PAPUA",163,12,146,5,15532,6594,8689,249
"2021-08-03","PAPUA",168,8,154,6,15700,6602,8843,255
"2021-08-04","PAPUA",87,115,-33,5,15787,6717,8810,260
"2021-08-05","PAPUA",84,112,-30,2,15871,6829,8780,262
"2021-08-06","PAPUA",59,169,-113,3,15930,6998,8667,265
"2021-08-07","PAPUA",62,206,-150,6,15992,7204,8517,271
"2021-08-08","PAPUA",27,128,-105,4,16019,7332,8412,275
"2021-08-09","PAPUA",68,1800,-1736,4,16087,9132,6676,279
"2021-08-10","PAPUA",185,214,-35,6,16272,9346,6641,285
"2021-08-11","PAPUA",156,52,95,9,16428,9398,6736,294
"2021-08-12","PAPUA",205,89,111,5,16633,9487,6847,299
"2021-08-13","PAPUA",207,79,123,5,16840,9566,6970,304
"2021-08-14","PAPUA",159,124,29,6,16999,9690,6999,310
"2021-08-15","PAPUA",130,6,124,0,17129,9696,7123,310
"2021-08-16","PAPUA",180,81,97,2,17309,9777,7220,312
"2021-08-17","PAPUA",206,111,85,10,17515,9888,7305,322
"2021-08-18","PAPUA",137,98,38,1,17652,9986,7343,323
"2021-08-19","PAPUA",172,71,100,1,17824,10057,7443,324
"2021-08-20","PAPUA",118,61,57,0,17942,10118,7500,324
"2021-08-21","PAPUA",164,22,139,3,18106,10140,7639,327
"2021-08-22","PAPUA",69,43,26,0,18175,10183,7665,327
"2021-08-23","PAPUA",48,49,-1,0,18223,10232,7664,327
"2021-08-24","PAPUA",39,43,-5,1,18262,10275,7659,328
"2021-08-25","PAPUA",30,15,14,1,18292,10290,7673,329
"2021-08-26","PAPUA",42,17,25,0,18334,10307,7698,329
"2021-08-27","PAPUA",35,35,-1,1,18369,10342,7697,330
"2021-08-28","PAPUA",35,316,-282,1,18404,10658,7415,331
"2021-08-29","PAPUA",16,14,2,0,18420,10672,7417,331
"2021-08-30","PAPUA",19,116,-98,1,18439,10788,7319,332
"2021-08-31","PAPUA",35,11,24,0,18474,10799,7343,332
"2021-09-01","PAPUA",96,30,65,1,18570,10829,7408,333
"2021-09-02","PAPUA",94,5,88,1,18664,10834,7496,334
"2021-09-03","PAPUA",55,6,47,2,18719,10840,7543,336
"2021-09-04","PAPUA",74,10,60,4,18793,10850,7603,340
"2021-09-05","PAPUA",60,3,56,1,18853,10853,7659,341
"2021-09-06","PAPUA",35,13,22,0,18888,10866,7681,341
"2021-09-07","PAPUA",95,60,35,0,18983,10926,7716,341
"2021-09-08","PAPUA",103,427,-326,2,19086,11353,7390,343
"2021-09-09","PAPUA",43,375,-333,1,19129,11728,7057,344
"2021-09-10","PAPUA",40,197,-159,2,19169,11925,6898,346
"2021-09-11","PAPUA",62,4,57,1,19231,11929,6955,347
"2021-09-12","PAPUA",29,551,-537,15,19260,12480,6418,362
"2021-09-13","PAPUA",26,1399,-1374,1,19286,13879,5044,363
"2021-09-14","PAPUA",40,133,-95,2,19326,14012,4949,365
"2021-09-15","PAPUA",34,12,22,0,19360,14024,4971,365
"2021-09-16","PAPUA",26,3408,-3383,1,19386,17432,1588,366
"2021-09-17","PAPUA",33,0,33,0,19419,17432,1621,366
"2021-09-18","PAPUA",63,406,-343,0,19482,17838,1278,366
"2021-09-19","PAPUA",32,0,32,0,19514,17838,1310,366
"2021-09-20","PAPUA",17,40,-23,0,19531,17878,1287,366
"2021-09-21","PAPUA",35,18,16,1,19566,17896,1303,367
"2021-09-22","PAPUA",29,35,-6,0,19595,17931,1297,367
"2021-09-23","PAPUA",39,5,34,0,19634,17936,1331,367
"2021-09-24","PAPUA",38,12,26,0,19672,17948,1357,367
"2021-09-25","PAPUA",24,16,8,0,19696,17964,1365,367
"2021-09-26","PAPUA",9,0,9,0,19705,17964,1374,367
"2021-09-27","PAPUA",2,3,-1,0,19707,17967,1373,367
"2021-09-28","PAPUA",10,6,4,0,19717,17973,1377,367
"2021-09-29","PAPUA",8,57,-49,0,19725,18030,1328,367
"2021-09-30","PAPUA",14,5,9,0,19739,18035,1337,367
"2021-10-01","PAPUA",16,4,12,0,19755,18039,1349,367
"2021-10-02","PAPUA",10,29,-19,0,19765,18068,1330,367
"2021-10-03","PAPUA",22,0,22,0,19787,18068,1352,367
"2021-10-04","PAPUA",35,6,29,0,19822,18074,1381,367
"2021-10-05","PAPUA",25,9,16,0,19847,18083,1397,367
"2021-10-06","PAPUA",11,7,4,0,19858,18090,1401,367
"2021-10-07","PAPUA",29,0,29,0,19887,18090,1430,367
"2021-10-08","PAPUA",12,149,-137,0,19899,18239,1293,367
"2021-10-09","PAPUA",21,0,21,0,19920,18239,1314,367
"2021-10-10","PAPUA",5,0,5,0,19925,18239,1319,367
"2021-10-11","PAPUA",16,14,2,0,19941,18253,1321,367
"2021-10-12","PAPUA",16,33,-17,0,19957,18286,1304,367
"2021-10-13","PAPUA",21,0,21,0,19978,18286,1325,367
"2021-10-14","PAPUA",16,0,16,0,19994,18286,1341,367
"2021-10-15","PAPUA",31,0,31,0,20025,18286,1372,367
"2021-10-16","PAPUA",23,2,21,0,20048,18288,1393,367
"2021-10-17","PAPUA",9,0,9,0,20057,18288,1402,367
"2021-10-18","PAPUA",3,37,-35,1,20060,18325,1367,368
"2021-10-19","PAPUA",11,3,8,0,20071,18328,1375,368
"2021-10-20","PAPUA",8,0,8,0,20079,18328,1383,368
"2021-10-21","PAPUA",4,8,-4,0,20083,18336,1379,368
"2021-10-22","PAPUA",6,7,-1,0,20089,18343,1378,368
"2021-10-23","PAPUA",8,0,8,0,20097,18343,1386,368
"2021-10-24","PAPUA",3,0,3,0,20100,18343,1389,368
"2021-10-25","PAPUA",7,0,7,0,20107,18343,1396,368
"2021-10-26","PAPUA",11,0,11,0,20118,18343,1407,368
"2021-10-27","PAPUA",7,2,5,0,20125,18345,1412,368
"2021-10-28","PAPUA",5,70,-65,0,20130,18415,1347,368
"2021-10-29","PAPUA",20,0,20,0,20150,18415,1367,368
"2021-10-30","PAPUA",3,0,3,0,20153,18415,1370,368
"2021-10-31","PAPUA",6,0,6,0,20159,18415,1376,368
"2021-11-01","PAPUA",4,6,-3,1,20163,18421,1373,369
"2021-11-02","PAPUA",6,3,3,0,20169,18424,1376,369
"2021-11-03","PAPUA",7,99,-92,0,20176,18523,1284,369
"2021-11-04","PAPUA",3,0,3,0,20179,18523,1287,369
"2021-11-05","PAPUA",5,0,5,0,20184,18523,1292,369
"2021-11-06","PAPUA",8,0,8,0,20192,18523,1300,369
"2021-11-07","PAPUA",1,0,1,0,20193,18523,1301,369
"2021-11-08","PAPUA",3,0,3,0,20196,18523,1304,369
"2021-11-09","PAPUA",4,1,3,0,20200,18524,1307,369
"2021-11-10","PAPUA",1,0,1,0,20201,18524,1308,369
"2021-11-11","PAPUA",6,0,6,0,20207,18524,1314,369
"2021-11-12","PAPUA",16,0,16,0,20223,18524,1330,369
"2021-11-13","PAPUA",10,0,10,0,20233,18524,1340,369
"2021-11-14","PAPUA",2,0,2,0,20235,18524,1342,369
"2021-11-15","PAPUA",8,0,8,0,20243,18524,1350,369
"2021-11-16","PAPUA",3,0,3,0,20246,18524,1353,369
"2021-11-17","PAPUA",3,0,3,0,20249,18524,1356,369
"2021-11-18","PAPUA",3,0,3,0,20252,18524,1359,369
"2021-11-19","PAPUA",3,0,3,0,20255,18524,1362,369
"2021-11-20","PAPUA",4,0,4,0,20259,18524,1366,369
"2021-11-21","PAPUA",1,0,1,0,20260,18524,1367,369
"2021-11-22","PAPUA",2,0,2,0,20262,18524,1369,369
"2021-11-23","PAPUA",7,0,7,0,20269,18524,1376,369
"2021-11-24","PAPUA",9,0,9,0,20278,18524,1385,369
"2021-11-25","PAPUA",2,2,-2,2,20280,18526,1383,371
"2021-11-26","PAPUA",7,0,7,0,20287,18526,1390,371
"2021-11-27","PAPUA",4,0,4,0,20291,18526,1394,371
"2021-11-28","PAPUA",0,0,0,0,20291,18526,1394,371
"2021-11-29","PAPUA",1,29,-29,1,20292,18555,1365,372
"2021-11-30","PAPUA",1,0,1,0,20293,18555,1366,372
"2021-12-01","PAPUA",1,0,1,0,20294,18555,1367,372
"2021-12-02","PAPUA",2,9,-7,0,20296,18564,1360,372
"2021-12-03","PAPUA",0,0,0,0,20296,18564,1360,372
"2021-12-04","PAPUA",1,1,0,0,20297,18565,1360,372
"2021-12-05","PAPUA",0,0,0,0,20297,18565,1360,372
"2021-12-06","PAPUA",1,1230,-1229,0,20298,19795,131,372
"2021-12-07","PAPUA",5,1,3,1,20303,19796,134,373
"2021-12-08","PAPUA",1,0,1,0,20304,19796,135,373
"2021-12-09","PAPUA",4,0,4,0,20308,19796,139,373
"2021-12-10","PAPUA",0,2,-2,0,20308,19798,137,373
"2021-12-11","PAPUA",2,0,2,0,20310,19798,139,373
"2021-12-12","PAPUA",1,0,1,0,20311,19798,140,373
"2021-12-13","PAPUA",0,0,0,0,20311,19798,140,373
"2021-12-14","PAPUA",2,1,1,0,20313,19799,141,373
"2021-12-15","PAPUA",1,0,1,0,20314,19799,142,373
"2021-12-16","PAPUA",0,0,0,0,20314,19799,142,373
"2021-12-17","PAPUA",1,0,1,0,20315,19799,143,373
"2021-12-18","PAPUA",2,0,2,0,20317,19799,145,373
"2021-12-19","PAPUA",0,0,0,0,20317,19799,145,373
"2021-12-20","PAPUA",0,0,0,0,20317,19799,145,373
"2021-12-21","PAPUA",1,0,1,0,20318,19799,146,373
"2021-12-22","PAPUA",0,45,-45,0,20318,19844,101,373
"2021-12-23","PAPUA",2,0,2,0,20320,19844,103,373
"2021-12-24","PAPUA",3,2,1,0,20323,19846,104,373
"2021-12-25","PAPUA",1,0,1,0,20324,19846,105,373
"2021-12-26","PAPUA",0,0,0,0,20324,19846,105,373
"2021-12-27","PAPUA",0,0,0,0,20324,19846,105,373
"2021-12-28","PAPUA",1,0,1,0,20325,19846,106,373
"2021-12-29","PAPUA",0,0,0,0,20325,19846,106,373
"2021-12-30","PAPUA",2,0,2,0,20327,19846,108,373
"2021-12-31","PAPUA",0,0,0,0,20327,19846,108,373
"2022-01-01","PAPUA",0,1,-1,0,20327,19847,107,373
"2022-01-02","PAPUA",0,0,0,0,20327,19847,107,373
"2022-01-03","PAPUA",2,0,2,0,20329,19847,109,373
"2022-01-04","PAPUA",4,0,4,0,20333,19847,113,373
"2022-01-05","PAPUA",2,1,1,0,20335,19848,114,373
"2022-01-06","PAPUA",1,0,1,0,20336,19848,115,373
"2022-01-07","PAPUA",1,0,1,0,20337,19848,116,373
"2022-01-08","PAPUA",2,0,2,0,20339,19848,118,373
"2022-01-09","PAPUA",0,0,0,0,20339,19848,118,373
"2022-01-10","PAPUA",1,0,1,0,20340,19848,119,373
"2022-01-11","PAPUA",2,0,2,0,20342,19848,121,373
"2022-01-12","PAPUA",2,0,2,0,20344,19848,123,373
"2022-01-13","PAPUA",2,0,2,0,20346,19848,125,373
"2022-01-14","PAPUA",1,0,1,0,20347,19848,126,373
"2022-01-15","PAPUA",3,0,3,0,20350,19848,129,373
"2022-01-16","PAPUA",3,7,-4,0,20353,19855,125,373
"2022-01-17","PAPUA",5,0,5,0,20358,19855,130,373
"2022-01-18","PAPUA",5,0,5,0,20363,19855,135,373
"2022-01-19","PAPUA",6,0,6,0,20369,19855,141,373
"2022-01-20","PAPUA",7,0,7,0,20376,19855,148,373
"2022-01-21","PAPUA",6,0,6,0,20382,19855,154,373
"2022-01-22","PAPUA",9,0,9,0,20391,19855,163,373
"2022-01-23","PAPUA",2,0,2,0,20393,19855,165,373
"2022-01-24","PAPUA",2,1,1,0,20395,19856,166,373
"2022-01-25","PAPUA",19,2,17,0,20414,19858,183,373
"2022-01-26","PAPUA",18,0,18,0,20432,19858,201,373
"2022-01-27","PAPUA",13,0,13,0,20445,19858,214,373
"2022-01-28","PAPUA",46,0,46,0,20491,19858,260,373
"2022-01-29","PAPUA",33,0,33,0,20524,19858,293,373
"2022-01-30","PAPUA",34,0,34,0,20558,19858,327,373
"2022-01-31","PAPUA",52,0,52,0,20610,19858,379,373
"2022-02-01","PAPUA",107,0,107,0,20717,19858,486,373
"2022-02-02","PAPUA",50,0,50,0,20767,19858,536,373
"2022-02-03","PAPUA",181,0,181,0,20948,19858,717,373
"2022-02-04","PAPUA",238,0,238,0,21186,19858,955,373
"2022-02-05","PAPUA",256,0,256,0,21442,19858,1211,373
"2022-02-06","PAPUA",161,0,161,0,21603,19858,1372,373
"2022-02-07","PAPUA",179,0,179,0,21782,19858,1551,373
"2022-02-08","PAPUA",456,0,456,0,22238,19858,2007,373
"2022-02-09","PAPUA",502,0,502,0,22740,19858,2509,373
"2022-02-10","PAPUA",434,1,431,2,23174,19859,2940,375
"2022-02-11","PAPUA",480,0,480,0,23654,19859,3420,375
"2022-02-12","PAPUA",615,0,615,0,24269,19859,4035,375
"2022-02-13","PAPUA",474,0,474,0,24743,19859,4509,375
"2022-02-14","PAPUA",500,0,500,0,25243,19859,5009,375
"2022-02-15","PAPUA",1000,0,1000,0,26243,19859,6009,375
"2022-02-16","PAPUA",707,0,707,0,26950,19859,6716,375
"2022-02-17","PAPUA",719,0,719,0,27669,19859,7435,375
"2022-02-18","PAPUA",646,0,646,0,28315,19859,8081,375
"2022-02-19","PAPUA",541,0,541,0,28856,19859,8622,375
"2022-02-20","PAPUA",311,0,311,0,29167,19859,8933,375
"2022-02-21","PAPUA",293,0,293,0,29460,19859,9226,375
"2022-02-22","PAPUA",543,0,543,0,30003,19859,9769,375
"2022-02-23","PAPUA",429,2,427,0,30432,19861,10196,375
"2022-02-24","PAPUA",414,0,414,0,30846,19861,10610,375
"2022-02-25","PAPUA",376,0,376,0,31222,19861,10986,375
"2022-02-26","PAPUA",348,0,348,0,31570,19861,11334,375
"2022-02-27","PAPUA",156,0,156,0,31726,19861,11490,375
"2022-02-28","PAPUA",111,0,111,0,31837,19861,11601,375
"2022-03-01","PAPUA",173,0,173,0,32010,19861,11774,375
"2022-03-02","PAPUA",256,0,256,0,32266,19861,12030,375
"2022-03-03","PAPUA",151,3,148,0,32417,19864,12178,375
"2022-03-04","PAPUA",130,4,126,0,32547,19868,12304,375
"2022-03-05","PAPUA",182,0,182,0,32729,19868,12486,375
"2022-03-06","PAPUA",111,0,111,0,32840,19868,12597,375
"2022-03-07","PAPUA",76,0,76,0,32916,19868,12673,375
"2020-08-06","PAPUA BARAT",11,0,11,0,11,0,11,0
"2020-08-07","PAPUA BARAT",44,0,44,0,55,0,55,0
"2020-08-08","PAPUA BARAT",15,0,15,0,70,0,70,0
"2020-08-09","PAPUA BARAT",1,0,1,0,71,0,71,0
"2020-08-10","PAPUA BARAT",5,0,5,0,76,0,76,0
"2020-08-11","PAPUA BARAT",1,0,1,0,77,0,77,0
"2020-08-12","PAPUA BARAT",13,0,12,1,90,0,89,1
"2020-08-13","PAPUA BARAT",24,0,24,0,114,0,113,1
"2020-08-14","PAPUA BARAT",0,1,-1,0,114,1,112,1
"2020-08-15","PAPUA BARAT",6,0,6,0,120,1,118,1
"2020-08-16","PAPUA BARAT",4,11,-7,0,124,12,111,1
"2020-08-17","PAPUA BARAT",2,1,1,0,126,13,112,1
"2020-08-18","PAPUA BARAT",13,15,-2,0,139,28,110,1
"2020-08-19","PAPUA BARAT",14,25,-11,0,153,53,99,1
"2020-08-20","PAPUA BARAT",6,1,5,0,159,54,104,1
"2020-08-21","PAPUA BARAT",3,1,2,0,162,55,106,1
"2020-08-22","PAPUA BARAT",4,6,-2,0,166,61,104,1
"2020-08-23","PAPUA BARAT",2,0,1,1,168,61,105,2
"2020-08-24","PAPUA BARAT",10,6,3,1,178,67,108,3
"2020-08-25","PAPUA BARAT",0,0,0,0,178,67,108,3
"2020-08-26","PAPUA BARAT",52,18,32,2,230,85,140,5
"2020-08-27","PAPUA BARAT",9,3,5,1,239,88,145,6
"2020-08-28","PAPUA BARAT",6,3,3,0,245,91,148,6
"2020-08-29","PAPUA BARAT",20,0,19,1,265,91,167,7
"2020-08-30","PAPUA BARAT",6,1,5,0,271,92,172,7
"2020-08-31","PAPUA BARAT",55,6,49,0,326,98,221,7
"2020-09-01","PAPUA BARAT",24,20,2,2,350,118,223,9
"2020-09-02","PAPUA BARAT",5,6,-1,0,355,124,222,9
"2020-09-03","PAPUA BARAT",25,1,24,0,380,125,246,9
"2020-09-04","PAPUA BARAT",27,5,22,0,407,130,268,9
"2020-09-05","PAPUA BARAT",7,16,-9,0,414,146,259,9
"2020-09-06","PAPUA BARAT",13,2,9,2,427,148,268,11
"2020-09-07","PAPUA BARAT",32,8,24,0,459,156,292,11
"2020-09-08","PAPUA BARAT",1,3,-2,0,460,159,290,11
"2020-09-09","PAPUA BARAT",18,12,6,0,478,171,296,11
"2020-09-10","PAPUA BARAT",11,4,7,0,489,175,303,11
"2020-09-11","PAPUA BARAT",49,17,30,2,538,192,333,13
"2020-09-12","PAPUA BARAT",67,5,61,1,605,197,394,14
"2020-09-13","PAPUA BARAT",0,0,0,0,605,197,394,14
"2020-09-14","PAPUA BARAT",99,19,76,4,704,216,470,18
"2020-09-15","PAPUA BARAT",51,12,39,0,755,228,509,18
"2020-09-16","PAPUA BARAT",42,22,20,0,797,250,529,18
"2020-09-17","PAPUA BARAT",55,7,47,1,852,257,576,19
"2020-09-18","PAPUA BARAT",54,122,-69,1,906,379,507,20
"2020-09-19","PAPUA BARAT",48,0,48,0,954,379,555,20
"2020-09-20","PAPUA BARAT",60,50,10,0,1014,429,565,20
"2020-09-21","PAPUA BARAT",21,13,8,0,1035,442,573,20
"2020-09-22","PAPUA BARAT",70,3,67,0,1105,445,640,20
"2020-09-23","PAPUA BARAT",87,19,68,0,1192,464,708,20
"2020-09-24","PAPUA BARAT",0,0,0,0,1192,464,708,20
"2020-09-25","PAPUA BARAT",146,101,42,3,1338,565,750,23
"2020-09-26","PAPUA BARAT",131,17,114,0,1469,582,864,23
"2020-09-27","PAPUA BARAT",39,17,22,0,1508,599,886,23
"2020-09-28","PAPUA BARAT",64,39,23,2,1572,638,909,25
"2020-09-29","PAPUA BARAT",34,15,16,3,1606,653,925,28
"2020-09-30","PAPUA BARAT",47,27,19,1,1653,680,944,29
"2020-10-01","PAPUA BARAT",31,11,20,0,1684,691,964,29
"2020-10-02","PAPUA BARAT",47,0,47,0,1731,691,1011,29
"2020-10-03","PAPUA BARAT",0,3,-3,0,1731,694,1008,29
"2020-10-04","PAPUA BARAT",0,91,-91,0,1731,785,917,29
"2020-10-05","PAPUA BARAT",16,20,-4,0,1747,805,913,29
"2020-10-06","PAPUA BARAT",114,67,47,0,1861,872,960,29
"2020-10-07","PAPUA BARAT",68,41,24,3,1929,913,984,32
"2020-10-08","PAPUA BARAT",210,7,203,0,2139,920,1187,32
"2020-10-09","PAPUA BARAT",101,73,28,0,2240,993,1215,32
"2020-10-10","PAPUA BARAT",38,19,18,1,2278,1012,1233,33
"2020-10-11","PAPUA BARAT",125,57,68,0,2403,1069,1301,33
"2020-10-12","PAPUA BARAT",21,27,-7,1,2424,1096,1294,34
"2020-10-13","PAPUA BARAT",43,705,-663,1,2467,1801,631,35
"2020-10-14","PAPUA BARAT",0,0,0,0,2467,1801,631,35
"2020-10-15","PAPUA BARAT",154,51,100,3,2621,1852,731,38
"2020-10-16","PAPUA BARAT",118,42,76,0,2739,1894,807,38
"2020-10-17","PAPUA BARAT",112,56,55,1,2851,1950,862,39
"2020-10-18","PAPUA BARAT",161,32,128,1,3012,1982,990,40
"2020-10-19","PAPUA BARAT",10,7,1,2,3022,1989,991,42
"2020-10-20","PAPUA BARAT",17,98,-83,2,3039,2087,908,44
"2020-10-21","PAPUA BARAT",35,45,-16,6,3074,2132,892,50
"2020-10-22","PAPUA BARAT",73,14,59,0,3147,2146,951,50
"2020-10-23","PAPUA BARAT",0,37,-38,1,3147,2183,913,51
"2020-10-24","PAPUA BARAT",0,80,-81,1,3147,2263,832,52
"2020-10-25","PAPUA BARAT",6,227,-221,0,3153,2490,611,52
"2020-10-26","PAPUA BARAT",6,18,-14,2,3159,2508,597,54
"2020-10-27","PAPUA BARAT",83,199,-116,0,3242,2707,481,54
"2020-10-28","PAPUA BARAT",106,109,-4,1,3348,2816,477,55
"2020-10-29","PAPUA BARAT",8,10,-2,0,3356,2826,475,55
"2020-10-30","PAPUA BARAT",48,0,48,0,3404,2826,523,55
"2020-10-31","PAPUA BARAT",13,87,-74,0,3417,2913,449,55
"2020-11-01","PAPUA BARAT",40,52,-13,1,3457,2965,436,56
"2020-11-02","PAPUA BARAT",0,0,0,0,3457,2965,436,56
"2020-11-03","PAPUA BARAT",91,24,67,0,3548,2989,503,56
"2020-11-04","PAPUA BARAT",18,10,6,2,3566,2999,509,58
"2020-11-05","PAPUA BARAT",31,9,21,1,3597,3008,530,59
"2020-11-06","PAPUA BARAT",66,8,58,0,3663,3016,588,59
"2020-11-07","PAPUA BARAT",54,12,42,0,3717,3028,630,59
"2020-11-08","PAPUA BARAT",52,149,-97,0,3769,3177,533,59
"2020-11-09","PAPUA BARAT",8,7,-1,2,3777,3184,532,61
"2020-11-10","PAPUA BARAT",23,2,21,0,3800,3186,553,61
"2020-11-11","PAPUA BARAT",72,33,39,0,3872,3219,592,61
"2020-11-12","PAPUA BARAT",11,19,-8,0,3883,3238,584,61
"2020-11-13","PAPUA BARAT",25,13,12,0,3908,3251,596,61
"2020-11-14","PAPUA BARAT",31,20,11,0,3939,3271,607,61
"2020-11-15","PAPUA BARAT",0,114,-114,0,3939,3385,493,61
"2020-11-16","PAPUA BARAT",0,15,-16,1,3939,3400,477,62
"2020-11-17","PAPUA BARAT",1,15,-14,0,3940,3415,463,62
"2020-11-18","PAPUA BARAT",75,90,-15,0,4015,3505,448,62
"2020-11-19","PAPUA BARAT",36,53,-21,4,4051,3558,427,66
"2020-11-20","PAPUA BARAT",69,3,66,0,4120,3561,493,66
"2020-11-21","PAPUA BARAT",71,36,32,3,4191,3597,525,69
"2020-11-22","PAPUA BARAT",46,53,-8,1,4237,3650,517,70
"2020-11-23","PAPUA BARAT",31,56,-26,1,4268,3706,491,71
"2020-11-24","PAPUA BARAT",76,27,48,1,4344,3733,539,72
"2020-11-25","PAPUA BARAT",79,24,55,0,4423,3757,594,72
"2020-11-26","PAPUA BARAT",49,38,11,0,4472,3795,605,72
"2020-11-27","PAPUA BARAT",14,16,-2,0,4486,3811,603,72
"2020-11-28","PAPUA BARAT",35,14,19,2,4521,3825,622,74
"2020-11-29","PAPUA BARAT",4,1,1,2,4525,3826,623,76
"2020-11-30","PAPUA BARAT",19,14,4,1,4544,3840,627,77
"2020-12-01","PAPUA BARAT",76,41,34,1,4620,3881,661,78
"2020-12-02","PAPUA BARAT",0,39,-39,0,4620,3920,622,78
"2020-12-03","PAPUA BARAT",0,42,-42,0,4620,3962,580,78
"2020-12-04","PAPUA BARAT",20,28,-8,0,4640,3990,572,78
"2020-12-05","PAPUA BARAT",19,30,-11,0,4659,4020,561,78
"2020-12-06","PAPUA BARAT",2,45,-43,0,4661,4065,518,78
"2020-12-07","PAPUA BARAT",7,3,3,1,4668,4068,521,79
"2020-12-08","PAPUA BARAT",9,38,-32,3,4677,4106,489,82
"2020-12-09","PAPUA BARAT",56,50,5,1,4733,4156,494,83
"2020-12-10","PAPUA BARAT",31,63,-33,1,4764,4219,461,84
"2020-12-11","PAPUA BARAT",11,45,-34,0,4775,4264,427,84
"2020-12-12","PAPUA BARAT",37,44,-7,0,4812,4308,420,84
"2020-12-13","PAPUA BARAT",41,17,24,0,4853,4325,444,84
"2020-12-14","PAPUA BARAT",6,32,-27,1,4859,4357,417,85
"2020-12-15","PAPUA BARAT",11,9,-1,3,4870,4366,416,88
"2020-12-16","PAPUA BARAT",0,28,-28,0,4870,4394,388,88
"2020-12-17","PAPUA BARAT",0,13,-13,0,4870,4407,375,88
"2020-12-18","PAPUA BARAT",0,15,-15,0,4870,4422,360,88
"2020-12-19","PAPUA BARAT",0,36,-36,0,4870,4458,324,88
"2020-12-20","PAPUA BARAT",0,10,-10,0,4870,4468,314,88
"2020-12-21","PAPUA BARAT",0,22,-22,0,4870,4490,292,88
"2020-12-22","PAPUA BARAT",0,9,-9,0,4870,4499,283,88
"2020-12-23","PAPUA BARAT",0,12,-13,1,4870,4511,270,89
"2020-12-24","PAPUA BARAT",32,14,18,0,4902,4525,288,89
"2020-12-25","PAPUA BARAT",42,2,40,0,4944,4527,328,89
"2020-12-26","PAPUA BARAT",15,38,-23,0,4959,4565,305,89
"2020-12-27","PAPUA BARAT",14,0,14,0,4973,4565,319,89
"2020-12-28","PAPUA BARAT",3,9,-6,0,4976,4574,313,89
"2020-12-29","PAPUA BARAT",5,0,5,0,4981,4574,318,89
"2020-12-30","PAPUA BARAT",5,15,-10,0,4986,4589,308,89
"2020-12-31","PAPUA BARAT",33,12,21,0,5019,4601,329,89
"2021-01-01","PAPUA BARAT",16,0,15,1,5035,4601,344,90
"2021-01-02","PAPUA BARAT",17,9,7,1,5052,4610,351,91
"2021-01-03","PAPUA BARAT",0,52,-52,0,5052,4662,299,91
"2021-01-04","PAPUA BARAT",0,37,-37,0,5052,4699,262,91
"2021-01-05","PAPUA BARAT",0,19,-19,0,5052,4718,243,91
"2021-01-06","PAPUA BARAT",0,4,-4,0,5052,4722,239,91
"2021-01-07","PAPUA BARAT",0,4,-4,0,5052,4726,235,91
"2021-01-08","PAPUA BARAT",0,19,-19,0,5052,4745,216,91
"2021-01-09","PAPUA BARAT",0,4,-4,0,5052,4749,212,91
"2021-01-10","PAPUA BARAT",0,0,0,0,5052,4749,212,91
"2021-01-11","PAPUA BARAT",0,5,-5,0,5052,4754,207,91
"2021-01-12","PAPUA BARAT",0,2,-2,0,5052,4756,205,91
"2021-01-13","PAPUA BARAT",24,2,21,1,5076,4758,226,92
"2021-01-14","PAPUA BARAT",14,0,14,0,5090,4758,240,92
"2021-01-15","PAPUA BARAT",20,2,18,0,5110,4760,258,92
"2021-01-16","PAPUA BARAT",57,2,55,0,5167,4762,313,92
"2021-01-17","PAPUA BARAT",12,0,12,0,5179,4762,325,92
"2021-01-18","PAPUA BARAT",21,1,19,1,5200,4763,344,93
"2021-01-19","PAPUA BARAT",0,1,-1,0,5200,4764,343,93
"2021-01-20","PAPUA BARAT",0,3,-3,0,5200,4767,340,93
"2021-01-21","PAPUA BARAT",0,15,-15,0,5200,4782,325,93
"2021-01-22","PAPUA BARAT",0,2,-2,0,5200,4784,323,93
"2021-01-23","PAPUA BARAT",0,14,-14,0,5200,4798,309,93
"2021-01-24","PAPUA BARAT",0,2,-2,0,5200,4800,307,93
"2021-01-25","PAPUA BARAT",0,17,-17,0,5200,4817,290,93
"2021-01-26","PAPUA BARAT",0,19,-19,0,5200,4836,271,93
"2021-01-27","PAPUA BARAT",0,11,-11,0,5200,4847,260,93
"2021-01-28","PAPUA BARAT",0,6,-6,0,5200,4853,254,93
"2021-01-29","PAPUA BARAT",0,12,-12,0,5200,4865,242,93
"2021-01-30","PAPUA BARAT",0,14,-14,0,5200,4879,228,93
"2021-01-31","PAPUA BARAT",0,21,-21,0,5200,4900,207,93
"2021-02-01","PAPUA BARAT",0,22,-22,0,5200,4922,185,93
"2021-02-02","PAPUA BARAT",25,2,23,0,5225,4924,208,93
"2021-02-03","PAPUA BARAT",36,8,28,0,5261,4932,236,93
"2021-02-04","PAPUA BARAT",5,1,4,0,5266,4933,240,93
"2021-02-05","PAPUA BARAT",13,10,3,0,5279,4943,243,93
"2021-02-06","PAPUA BARAT",14,1,13,0,5293,4944,256,93
"2021-02-07","PAPUA BARAT",13,3,10,0,5306,4947,266,93
"2021-02-08","PAPUA BARAT",0,4,-4,0,5306,4951,262,93
"2021-02-09","PAPUA BARAT",0,20,-20,0,5306,4971,242,93
"2021-02-10","PAPUA BARAT",0,2,-2,0,5306,4973,240,93
"2021-02-11","PAPUA BARAT",0,2,-3,1,5306,4975,237,94
"2021-02-12","PAPUA BARAT",0,5,-5,0,5306,4980,232,94
"2021-02-13","PAPUA BARAT",0,5,-5,0,5306,4985,227,94
"2021-02-14","PAPUA BARAT",0,5,-6,1,5306,4990,221,95
"2021-02-15","PAPUA BARAT",0,2,-2,0,5306,4992,219,95
"2021-02-16","PAPUA BARAT",0,0,0,0,5306,4992,219,95
"2021-02-17","PAPUA BARAT",0,4,-4,0,5306,4996,215,95
"2021-02-18","PAPUA BARAT",0,6,-6,0,5306,5002,209,95
"2021-02-19","PAPUA BARAT",0,7,-7,0,5306,5009,202,95
"2021-02-20","PAPUA BARAT",0,41,-41,0,5306,5050,161,95
"2021-02-21","PAPUA BARAT",0,13,-13,0,5306,5063,148,95
"2021-02-22","PAPUA BARAT",31,8,23,0,5337,5071,171,95
"2021-02-23","PAPUA BARAT",32,3,27,2,5369,5074,198,97
"2021-02-24","PAPUA BARAT",52,12,40,0,5421,5086,238,97
"2021-02-25","PAPUA BARAT",33,4,28,1,5454,5090,266,98
"2021-02-26","PAPUA BARAT",37,23,14,0,5491,5113,280,98
"2021-02-27","PAPUA BARAT",33,7,26,0,5524,5120,306,98
"2021-02-28","PAPUA BARAT",33,11,22,0,5557,5131,328,98
"2021-03-01","PAPUA BARAT",18,1,17,0,5575,5132,345,98
"2021-03-02","PAPUA BARAT",0,2,-2,0,5575,5134,343,98
"2021-03-03","PAPUA BARAT",0,1,-1,0,5575,5135,342,98
"2021-03-04","PAPUA BARAT",0,19,-19,0,5575,5154,323,98
"2021-03-05","PAPUA BARAT",0,11,-11,0,5575,5165,312,98
"2021-03-06","PAPUA BARAT",0,25,-25,0,5575,5190,287,98
"2021-03-07","PAPUA BARAT",0,10,-10,0,5575,5200,277,98
"2021-03-08","PAPUA BARAT",0,13,-13,0,5575,5213,264,98
"2021-03-09","PAPUA BARAT",0,29,-29,0,5575,5242,235,98
"2021-03-10","PAPUA BARAT",0,15,-15,0,5575,5257,220,98
"2021-03-11","PAPUA BARAT",0,12,-12,0,5575,5269,208,98
"2021-03-12","PAPUA BARAT",0,13,-13,0,5575,5282,195,98
"2021-03-13","PAPUA BARAT",0,16,-16,0,5575,5298,179,98
"2021-03-14","PAPUA BARAT",37,19,18,0,5612,5317,197,98
"2021-03-15","PAPUA BARAT",8,15,-7,0,5620,5332,190,98
"2021-03-16","PAPUA BARAT",27,1,26,0,5647,5333,216,98
"2021-03-17","PAPUA BARAT",43,2,41,0,5690,5335,257,98
"2021-03-18","PAPUA BARAT",37,3,33,1,5727,5338,290,99
"2021-03-19","PAPUA BARAT",25,1,24,0,5752,5339,314,99
"2021-03-20","PAPUA BARAT",42,4,37,1,5794,5343,351,100
"2021-03-21","PAPUA BARAT",37,9,28,0,5831,5352,379,100
"2021-03-22","PAPUA BARAT",15,9,6,0,5846,5361,385,100
"2021-03-23","PAPUA BARAT",24,2,22,0,5870,5363,407,100
"2021-03-24","PAPUA BARAT",15,3,11,1,5885,5366,418,101
"2021-03-25","PAPUA BARAT",0,34,-34,0,5885,5400,384,101
"2021-03-26","PAPUA BARAT",0,26,-26,0,5885,5426,358,101
"2021-03-27","PAPUA BARAT",0,31,-31,0,5885,5457,327,101
"2021-03-28","PAPUA BARAT",0,35,-35,0,5885,5492,292,101
"2021-03-29","PAPUA BARAT",0,7,-7,0,5885,5499,285,101
"2021-03-30","PAPUA BARAT",0,16,-16,0,5885,5515,269,101
"2021-03-31","PAPUA BARAT",0,11,-11,0,5885,5526,258,101
"2021-04-01","PAPUA BARAT",0,7,-7,0,5885,5533,251,101
"2021-04-02","PAPUA BARAT",0,26,-26,0,5885,5559,225,101
"2021-04-03","PAPUA BARAT",15,37,-22,0,5900,5596,203,101
"2021-04-04","PAPUA BARAT",18,12,5,1,5918,5608,208,102
"2021-04-05","PAPUA BARAT",11,16,-5,0,5929,5624,203,102
"2021-04-06","PAPUA BARAT",20,5,13,2,5949,5629,216,104
"2021-04-07","PAPUA BARAT",26,6,17,3,5975,5635,233,107
"2021-04-08","PAPUA BARAT",31,14,16,1,6006,5649,249,108
"2021-04-09","PAPUA BARAT",27,14,13,0,6033,5663,262,108
"2021-04-10","PAPUA BARAT",15,8,7,0,6048,5671,269,108
"2021-04-11","PAPUA BARAT",10,3,7,0,6058,5674,276,108
"2021-04-12","PAPUA BARAT",8,0,8,0,6066,5674,284,108
"2021-04-13","PAPUA BARAT",61,7,53,1,6127,5681,337,109
"2021-04-14","PAPUA BARAT",30,15,15,0,6157,5696,352,109
"2021-04-15","PAPUA BARAT",0,7,-7,0,6157,5703,345,109
"2021-04-16","PAPUA BARAT",0,6,-6,0,6157,5709,339,109
"2021-04-17","PAPUA BARAT",0,48,-48,0,6157,5757,291,109
"2021-04-18","PAPUA BARAT",0,26,-26,0,6157,5783,265,109
"2021-04-19","PAPUA BARAT",0,19,-19,0,6157,5802,246,109
"2021-04-20","PAPUA BARAT",0,23,-23,0,6157,5825,223,109
"2021-04-21","PAPUA BARAT",0,5,-5,0,6157,5830,218,109
"2021-04-22","PAPUA BARAT",0,20,-20,0,6157,5850,198,109
"2021-04-23","PAPUA BARAT",24,16,8,0,6181,5866,206,109
"2021-04-24","PAPUA BARAT",20,14,6,0,6201,5880,212,109
"2021-04-25","PAPUA BARAT",3,15,-14,2,6204,5895,198,111
"2021-04-26","PAPUA BARAT",11,15,-4,0,6215,5910,194,111
"2021-04-27","PAPUA BARAT",38,6,32,0,6253,5916,226,111
"2021-04-28","PAPUA BARAT",33,2,28,3,6286,5918,254,114
"2021-04-29","PAPUA BARAT",21,51,-30,0,6307,5969,224,114
"2021-04-30","PAPUA BARAT",9,22,-15,2,6316,5991,209,116
"2021-05-01","PAPUA BARAT",32,16,16,0,6348,6007,225,116
"2021-05-02","PAPUA BARAT",12,8,4,0,6360,6015,229,116
"2021-05-03","PAPUA BARAT",1,27,-28,2,6361,6042,201,118
"2021-05-04","PAPUA BARAT",21,3,18,0,6382,6045,219,118
"2021-05-05","PAPUA BARAT",0,38,-38,0,6382,6083,181,118
"2021-05-06","PAPUA BARAT",0,9,-9,0,6382,6092,172,118
"2021-05-07","PAPUA BARAT",0,27,-27,0,6382,6119,145,118
"2021-05-08","PAPUA BARAT",0,17,-17,0,6382,6136,128,118
"2021-05-09","PAPUA BARAT",0,10,-10,0,6382,6146,118,118
"2021-05-10","PAPUA BARAT",0,14,-14,0,6382,6160,104,118
"2021-05-11","PAPUA BARAT",0,17,-17,0,6382,6177,87,118
"2021-05-12","PAPUA BARAT",0,2,-2,0,6382,6179,85,118
"2021-05-13","PAPUA BARAT",2,1,1,0,6384,6180,86,118
"2021-05-14","PAPUA BARAT",3,1,2,0,6387,6181,88,118
"2021-05-15","PAPUA BARAT",5,3,2,0,6392,6184,90,118
"2021-05-16","PAPUA BARAT",6,3,2,1,6398,6187,92,119
"2021-05-17","PAPUA BARAT",1,6,-5,0,6399,6193,87,119
"2021-05-18","PAPUA BARAT",20,20,-2,2,6419,6213,85,121
"2021-05-19","PAPUA BARAT",6,7,-2,1,6425,6220,83,122
"2021-05-20","PAPUA BARAT",6,0,6,0,6431,6220,89,122
"2021-05-21","PAPUA BARAT",30,28,0,2,6461,6248,89,124
"2021-05-22","PAPUA BARAT",5,6,-2,1,6466,6254,87,125
"2021-05-23","PAPUA BARAT",24,10,13,1,6490,6264,100,126
"2021-05-24","PAPUA BARAT",2,15,-15,2,6492,6279,85,128
"2021-05-25","PAPUA BARAT",2,11,-9,0,6494,6290,76,128
"2021-05-26","PAPUA BARAT",14,4,8,2,6508,6294,84,130
"2021-05-27","PAPUA BARAT",0,0,0,0,6508,6294,84,130
"2021-05-28","PAPUA BARAT",0,4,-4,0,6508,6298,80,130
"2021-05-29","PAPUA BARAT",0,3,-3,0,6508,6301,77,130
"2021-05-30","PAPUA BARAT",0,2,-2,0,6508,6303,75,130
"2021-05-31","PAPUA BARAT",0,3,-3,0,6508,6306,72,130
"2021-06-01","PAPUA BARAT",0,0,0,0,6508,6306,72,130
"2021-06-02","PAPUA BARAT",5,11,-7,1,6513,6317,65,131
"2021-06-03","PAPUA BARAT",16,13,3,0,6529,6330,68,131
"2021-06-04","PAPUA BARAT",11,8,3,0,6540,6338,71,131
"2021-06-05","PAPUA BARAT",7,8,-1,0,6547,6346,70,131
"2021-06-06","PAPUA BARAT",33,13,20,0,6580,6359,90,131
"2021-06-07","PAPUA BARAT",1,7,-6,0,6581,6366,84,131
"2021-06-08","PAPUA BARAT",16,23,-7,0,6597,6389,77,131
"2021-06-09","PAPUA BARAT",6,3,3,0,6603,6392,80,131
"2021-06-10","PAPUA BARAT",2,18,-17,1,6605,6410,63,132
"2021-06-11","PAPUA BARAT",0,8,-9,1,6605,6418,54,133
"2021-06-12","PAPUA BARAT",0,7,-7,0,6605,6425,47,133
"2021-06-13","PAPUA BARAT",0,2,-2,0,6605,6427,45,133
"2021-06-14","PAPUA BARAT",0,5,-5,0,6605,6432,40,133
"2021-06-15","PAPUA BARAT",0,9,-9,0,6605,6441,31,133
"2021-06-16","PAPUA BARAT",0,9,-9,0,6605,6450,22,133
"2021-06-17","PAPUA BARAT",0,8,-8,0,6605,6458,14,133
"2021-06-18","PAPUA BARAT",0,1,-1,0,6605,6459,13,133
"2021-06-19","PAPUA BARAT",0,2,-3,1,6605,6461,10,134
"2021-06-20","PAPUA BARAT",0,0,0,0,6605,6461,10,134
"2021-06-21","PAPUA BARAT",0,0,0,0,6605,6461,10,134
"2021-06-22","PAPUA BARAT",24,2,22,0,6629,6463,32,134
"2021-06-23","PAPUA BARAT",87,1,86,0,6716,6464,118,134
"2021-06-24","PAPUA BARAT",124,3,121,0,6840,6467,239,134
"2021-06-25","PAPUA BARAT",85,3,80,2,6925,6470,319,136
"2021-06-26","PAPUA BARAT",0,0,-2,2,6925,6470,317,138
"2021-06-27","PAPUA BARAT",0,6,-6,0,6925,6476,311,138
"2021-06-28","PAPUA BARAT",0,4,-4,0,6925,6480,307,138
"2021-06-29","PAPUA BARAT",0,3,-3,0,6925,6483,304,138
"2021-06-30","PAPUA BARAT",0,1,-1,0,6925,6484,303,138
"2021-07-01","PAPUA BARAT",0,0,-1,1,6925,6484,302,139
"2021-07-02","PAPUA BARAT",2,9,-7,0,6927,6493,295,139
"2021-07-03","PAPUA BARAT",0,4,-4,0,6927,6497,291,139
"2021-07-04","PAPUA BARAT",276,19,257,0,7203,6516,548,139
"2021-07-05","PAPUA BARAT",339,36,303,0,7542,6552,851,139
"2021-07-06","PAPUA BARAT",258,22,236,0,7800,6574,1087,139
"2021-07-07","PAPUA BARAT",287,36,250,1,8087,6610,1337,140
"2021-07-08","PAPUA BARAT",317,64,250,3,8404,6674,1587,143
"2021-07-09","PAPUA BARAT",213,7,202,4,8617,6681,1789,147
"2021-07-10","PAPUA BARAT",190,25,163,2,8807,6706,1952,149
"2021-07-11","PAPUA BARAT",199,56,143,0,9006,6762,2095,149
"2021-07-12","PAPUA BARAT",148,56,85,7,9154,6818,2180,156
"2021-07-13","PAPUA BARAT",59,46,10,3,9213,6864,2190,159
"2021-07-14","PAPUA BARAT",25,91,-68,2,9238,6955,2122,161
"2021-07-15","PAPUA BARAT",9,32,-24,1,9247,6987,2098,162
"2021-07-16","PAPUA BARAT",16,80,-64,0,9263,7067,2034,162
"2021-07-17","PAPUA BARAT",205,127,75,3,9468,7194,2109,165
"2021-07-18","PAPUA BARAT",156,75,79,2,9624,7269,2188,167
"2021-07-19","PAPUA BARAT",70,67,1,2,9694,7336,2189,169
"2021-07-20","PAPUA BARAT",317,96,221,0,10011,7432,2410,169
"2021-07-21","PAPUA BARAT",234,140,94,0,10245,7572,2504,169
"2021-07-22","PAPUA BARAT",147,59,84,4,10392,7631,2588,173
"2021-07-23","PAPUA BARAT",236,139,95,2,10628,7770,2683,175
"2021-07-24","PAPUA BARAT",125,138,-15,2,10753,7908,2668,177
"2021-07-25","PAPUA BARAT",274,327,-63,10,11027,8235,2605,187
"2021-07-26","PAPUA BARAT",71,242,-178,7,11098,8477,2427,194
"2021-07-27","PAPUA BARAT",184,344,-163,3,11282,8821,2264,197
"2021-07-28","PAPUA BARAT",113,154,-41,0,11395,8975,2223,197
"2021-07-29","PAPUA BARAT",318,414,-101,5,11713,9389,2122,202
"2021-07-30","PAPUA BARAT",175,223,-53,5,11888,9612,2069,207
"2021-07-31","PAPUA BARAT",322,109,212,1,12210,9721,2281,208
"2021-08-01","PAPUA BARAT",237,40,195,2,12447,9761,2476,210
"2021-08-02","PAPUA BARAT",118,498,-383,3,12565,10259,2093,213
"2021-08-03","PAPUA BARAT",81,99,-18,0,12646,10358,2075,213
"2021-08-04","PAPUA BARAT",14,151,-137,0,12660,10509,1938,213
"2021-08-05","PAPUA BARAT",9,108,-99,0,12669,10617,1839,213
"2021-08-06","PAPUA BARAT",12,150,-138,0,12681,10767,1701,213
"2021-08-07","PAPUA BARAT",3,56,-54,1,12684,10823,1647,214
"2021-08-08","PAPUA BARAT",2,181,-179,0,12686,11004,1468,214
"2021-08-09","PAPUA BARAT",275,190,83,2,12961,11194,1551,216
"2021-08-10","PAPUA BARAT",416,280,133,3,13377,11474,1684,219
"2021-08-11","PAPUA BARAT",338,351,-17,4,13715,11825,1667,223
"2021-08-12","PAPUA BARAT",224,251,-31,4,13939,12076,1636,227
"2021-08-13","PAPUA BARAT",136,110,26,0,14075,12186,1662,227
"2021-08-14","PAPUA BARAT",85,141,-59,3,14160,12327,1603,230
"2021-08-15","PAPUA BARAT",67,244,-179,2,14227,12571,1424,232
"2021-08-16","PAPUA BARAT",23,74,-51,0,14250,12645,1373,232
"2021-08-17","PAPUA BARAT",39,93,-56,2,14289,12738,1317,234
"2021-08-18","PAPUA BARAT",83,60,21,2,14372,12798,1338,236
"2021-08-19","PAPUA BARAT",79,33,46,0,14451,12831,1384,236
"2021-08-20","PAPUA BARAT",47,30,17,0,14498,12861,1401,236
"2021-08-21","PAPUA BARAT",18,291,-277,4,14516,13152,1124,240
"2021-08-22","PAPUA BARAT",8,329,-323,2,14524,13481,801,242
"2021-08-23","PAPUA BARAT",2,129,-128,1,14526,13610,673,243
"2021-08-24","PAPUA BARAT",4,254,-251,1,14530,13864,422,244
"2021-08-25","PAPUA BARAT",3,119,-117,1,14533,13983,305,245
"2021-08-26","PAPUA BARAT",1,79,-78,0,14534,14062,227,245
"2021-08-27","PAPUA BARAT",4,45,-41,0,14538,14107,186,245
"2021-08-28","PAPUA BARAT",2,32,-31,1,14540,14139,155,246
"2021-08-29","PAPUA BARAT",1,41,-40,0,14541,14180,115,246
"2021-08-30","PAPUA BARAT",1,25,-25,1,14542,14205,90,247
"2021-08-31","PAPUA BARAT",1,33,-32,0,14543,14238,58,247
"2021-09-01","PAPUA BARAT",93,12,80,1,14636,14250,138,248
"2021-09-02","PAPUA BARAT",50,54,-4,0,14686,14304,134,248
"2021-09-03","PAPUA BARAT",29,72,-43,0,14715,14376,91,248
"2021-09-04","PAPUA BARAT",23,32,-9,0,14738,14408,82,248
"2021-09-05","PAPUA BARAT",59,16,43,0,14797,14424,125,248
"2021-09-06","PAPUA BARAT",21,34,-13,0,14818,14458,112,248
"2021-09-07","PAPUA BARAT",44,21,23,0,14862,14479,135,248
"2021-09-08","PAPUA BARAT",41,27,14,0,14903,14506,149,248
"2021-09-09","PAPUA BARAT",25,7,18,0,14928,14513,167,248
"2021-09-10","PAPUA BARAT",8,22,-14,0,14936,14535,153,248
"2021-09-11","PAPUA BARAT",11,7,4,0,14947,14542,157,248
"2021-09-12","PAPUA BARAT",9,10,-1,0,14956,14552,156,248
"2021-09-13","PAPUA BARAT",7,10,-3,0,14963,14562,153,248
"2021-09-14","PAPUA BARAT",7,11,-4,0,14970,14573,149,248
"2021-09-15","PAPUA BARAT",6,8,-3,1,14976,14581,146,249
"2021-09-16","PAPUA BARAT",21,21,0,0,14997,14602,146,249
"2021-09-17","PAPUA BARAT",4,39,-37,2,15001,14641,109,251
"2021-09-18","PAPUA BARAT",11,10,1,0,15012,14651,110,251
"2021-09-19","PAPUA BARAT",3,8,-5,0,15015,14659,105,251
"2021-09-20","PAPUA BARAT",3,13,-10,0,15018,14672,95,251
"2021-09-21","PAPUA BARAT",35,4,31,0,15053,14676,126,251
"2021-09-22","PAPUA BARAT",12,41,-29,0,15065,14717,97,251
"2021-09-23","PAPUA BARAT",32,12,20,0,15097,14729,117,251
"2021-09-24","PAPUA BARAT",10,29,-20,1,15107,14758,97,252
"2021-09-25","PAPUA BARAT",2,9,-7,0,15109,14767,90,252
"2021-09-26","PAPUA BARAT",0,8,-9,1,15109,14775,81,253
"2021-09-27","PAPUA BARAT",0,17,-17,0,15109,14792,64,253
"2021-09-28","PAPUA BARAT",1,0,1,0,15110,14792,65,253
"2021-09-29","PAPUA BARAT",0,6,-6,0,15110,14798,59,253
"2021-09-30","PAPUA BARAT",0,8,-8,0,15110,14806,51,253
"2021-10-01","PAPUA BARAT",5,3,2,0,15115,14809,53,253
"2021-10-02","PAPUA BARAT",2,12,-10,0,15117,14821,43,253
"2021-10-03","PAPUA BARAT",12,3,9,0,15129,14824,52,253
"2021-10-04","PAPUA BARAT",4,2,2,0,15133,14826,54,253
"2021-10-05","PAPUA BARAT",21,9,12,0,15154,14835,66,253
"2021-10-06","PAPUA BARAT",33,1,32,0,15187,14836,98,253
"2021-10-07","PAPUA BARAT",21,2,19,0,15208,14838,117,253
"2021-10-08","PAPUA BARAT",32,1,31,0,15240,14839,148,253
"2021-10-09","PAPUA BARAT",1,3,-2,0,15241,14842,146,253
"2021-10-10","PAPUA BARAT",2,1,1,0,15243,14843,147,253
"2021-10-11","PAPUA BARAT",0,7,-7,0,15243,14850,140,253
"2021-10-12","PAPUA BARAT",1,1,0,0,15244,14851,140,253
"2021-10-13","PAPUA BARAT",3,5,-2,0,15247,14856,138,253
"2021-10-14","PAPUA BARAT",4,4,0,0,15251,14860,138,253
"2021-10-15","PAPUA BARAT",6,2,4,0,15257,14862,142,253
"2021-10-16","PAPUA BARAT",1,14,-13,0,15258,14876,129,253
"2021-10-17","PAPUA BARAT",1,0,1,0,15259,14876,130,253
"2021-10-18","PAPUA BARAT",10,4,6,0,15269,14880,136,253
"2021-10-19","PAPUA BARAT",1,12,-12,1,15270,14892,124,254
"2021-10-20","PAPUA BARAT",1,29,-29,1,15271,14921,95,255
"2021-10-21","PAPUA BARAT",0,1,-1,0,15271,14922,94,255
"2021-10-22","PAPUA BARAT",3,2,1,0,15274,14924,95,255
"2021-10-23","PAPUA BARAT",3,0,3,0,15277,14924,98,255
"2021-10-24","PAPUA BARAT",0,0,0,0,15277,14924,98,255
"2021-10-25","PAPUA BARAT",0,0,0,0,15277,14924,98,255
"2021-10-26","PAPUA BARAT",5,82,-77,0,15282,15006,21,255
"2021-10-27","PAPUA BARAT",1,5,-4,0,15283,15011,17,255
"2021-10-28","PAPUA BARAT",0,1,-1,0,15283,15012,16,255
"2021-10-29","PAPUA BARAT",2,0,2,0,15285,15012,18,255
"2021-10-30","PAPUA BARAT",0,1,-1,0,15285,15013,17,255
"2021-10-31","PAPUA BARAT",0,1,-2,1,15285,15014,15,256
"2021-11-01","PAPUA BARAT",10,0,10,0,15295,15014,25,256
"2021-11-02","PAPUA BARAT",35,1,34,0,15330,15015,59,256
"2021-11-03","PAPUA BARAT",17,3,14,0,15347,15018,73,256
"2021-11-04","PAPUA BARAT",6,0,6,0,15353,15018,79,256
"2021-11-05","PAPUA BARAT",10,5,5,0,15363,15023,84,256
"2021-11-06","PAPUA BARAT",7,2,5,0,15370,15025,89,256
"2021-11-07","PAPUA BARAT",19,1,18,0,15389,15026,107,256
"2021-11-08","PAPUA BARAT",5,0,4,1,15394,15026,111,257
"2021-11-09","PAPUA BARAT",8,2,6,0,15402,15028,117,257
"2021-11-10","PAPUA BARAT",7,0,6,1,15409,15028,123,258
"2021-11-11","PAPUA BARAT",9,2,7,0,15418,15030,130,258
"2021-11-12","PAPUA BARAT",13,0,13,0,15431,15030,143,258
"2021-11-13","PAPUA BARAT",5,1,4,0,15436,15031,147,258
"2021-11-14","PAPUA BARAT",15,2,13,0,15451,15033,160,258
"2021-11-15","PAPUA BARAT",5,0,5,0,15456,15033,165,258
"2021-11-16","PAPUA BARAT",12,0,12,0,15468,15033,177,258
"2021-11-17","PAPUA BARAT",7,4,3,0,15475,15037,180,258
"2021-11-18","PAPUA BARAT",11,0,11,0,15486,15037,191,258
"2021-11-19","PAPUA BARAT",6,1,5,0,15492,15038,196,258
"2021-11-20","PAPUA BARAT",5,2,3,0,15497,15040,199,258
"2021-11-21","PAPUA BARAT",5,0,5,0,15502,15040,204,258
"2021-11-22","PAPUA BARAT",4,3,1,0,15506,15043,205,258
"2021-11-23","PAPUA BARAT",5,4,1,0,15511,15047,206,258
"2021-11-24","PAPUA BARAT",6,6,0,0,15517,15053,206,258
"2021-11-25","PAPUA BARAT",4,0,4,0,15521,15053,210,258
"2021-11-26","PAPUA BARAT",6,2,4,0,15527,15055,214,258
"2021-11-27","PAPUA BARAT",9,1,8,0,15536,15056,222,258
"2021-11-28","PAPUA BARAT",3,1,2,0,15539,15057,224,258
"2021-11-29","PAPUA BARAT",2,5,-3,0,15541,15062,221,258
"2021-11-30","PAPUA BARAT",3,0,3,0,15544,15062,224,258
"2021-12-01","PAPUA BARAT",2,1,1,0,15546,15063,225,258
"2021-12-02","PAPUA BARAT",9,1,8,0,15555,15064,233,258
"2021-12-03","PAPUA BARAT",4,0,4,0,15559,15064,237,258
"2021-12-04","PAPUA BARAT",13,0,13,0,15572,15064,250,258
"2021-12-05","PAPUA BARAT",7,1,6,0,15579,15065,256,258
"2021-12-06","PAPUA BARAT",5,1,4,0,15584,15066,260,258
"2021-12-07","PAPUA BARAT",13,3,10,0,15597,15069,270,258
"2021-12-08","PAPUA BARAT",2,0,2,0,15599,15069,272,258
"2021-12-09","PAPUA BARAT",8,0,8,0,15607,15069,280,258
"2021-12-10","PAPUA BARAT",3,1,2,0,15610,15070,282,258
"2021-12-11","PAPUA BARAT",3,0,3,0,15613,15070,285,258
"2021-12-12","PAPUA BARAT",8,1,7,0,15621,15071,292,258
"2021-12-13","PAPUA BARAT",7,0,7,0,15628,15071,299,258
"2021-12-14","PAPUA BARAT",6,0,6,0,15634,15071,305,258
"2021-12-15","PAPUA BARAT",7,0,7,0,15641,15071,312,258
"2021-12-16","PAPUA BARAT",17,0,17,0,15658,15071,329,258
"2021-12-17","PAPUA BARAT",8,0,8,0,15666,15071,337,258
"2021-12-18","PAPUA BARAT",17,0,17,0,15683,15071,354,258
"2021-12-19","PAPUA BARAT",7,5,2,0,15690,15076,356,258
"2021-12-20","PAPUA BARAT",2,0,2,0,15692,15076,358,258
"2021-12-21","PAPUA BARAT",7,0,7,0,15699,15076,365,258
"2021-12-22","PAPUA BARAT",4,0,4,0,15703,15076,369,258
"2021-12-23","PAPUA BARAT",2,1,1,0,15705,15077,370,258
"2021-12-24","PAPUA BARAT",6,2,4,0,15711,15079,374,258
"2021-12-25","PAPUA BARAT",18,0,18,0,15729,15079,392,258
"2021-12-26","PAPUA BARAT",5,16,-11,0,15734,15095,381,258
"2021-12-27","PAPUA BARAT",9,4,5,0,15743,15099,386,258
"2021-12-28","PAPUA BARAT",15,0,15,0,15758,15099,401,258
"2021-12-29","PAPUA BARAT",45,95,-50,0,15803,15194,351,258
"2021-12-30","PAPUA BARAT",29,241,-212,0,15832,15435,139,258
"2021-12-31","PAPUA BARAT",2,32,-30,0,15834,15467,109,258
"2022-01-01","PAPUA BARAT",13,17,-4,0,15847,15484,105,258
"2022-01-02","PAPUA BARAT",4,7,-3,0,15851,15491,102,258
"2022-01-03","PAPUA BARAT",7,0,7,0,15858,15491,109,258
"2022-01-04","PAPUA BARAT",16,9,7,0,15874,15500,116,258
"2022-01-05","PAPUA BARAT",15,4,11,0,15889,15504,127,258
"2022-01-06","PAPUA BARAT",4,68,-64,0,15893,15572,63,258
"2022-01-07","PAPUA BARAT",3,13,-10,0,15896,15585,53,258
"2022-01-08","PAPUA BARAT",2,7,-5,0,15898,15592,48,258
"2022-01-09","PAPUA BARAT",0,0,0,0,15898,15592,48,258
"2022-01-10","PAPUA BARAT",1,10,-9,0,15899,15602,39,258
"2022-01-11","PAPUA BARAT",2,7,-5,0,15901,15609,34,258
"2022-01-12","PAPUA BARAT",1,1,0,0,15902,15610,34,258
"2022-01-13","PAPUA BARAT",11,3,8,0,15913,15613,42,258
"2022-01-14","PAPUA BARAT",3,6,-3,0,15916,15619,39,258
"2022-01-15","PAPUA BARAT",1,4,-3,0,15917,15623,36,258
"2022-01-16","PAPUA BARAT",1,3,-2,0,15918,15626,34,258
"2022-01-17","PAPUA BARAT",0,16,-16,0,15918,15642,18,258
"2022-01-18","PAPUA BARAT",1,2,-1,0,15919,15644,17,258
"2022-01-19","PAPUA BARAT",1,1,0,0,15920,15645,17,258
"2022-01-20","PAPUA BARAT",2,1,1,0,15922,15646,18,258
"2022-01-21","PAPUA BARAT",2,7,-5,0,15924,15653,13,258
"2022-01-22","PAPUA BARAT",3,0,3,0,15927,15653,16,258
"2022-01-23","PAPUA BARAT",1,1,0,0,15928,15654,16,258
"2022-01-24","PAPUA BARAT",0,2,-2,0,15928,15656,14,258
"2022-01-25","PAPUA BARAT",9,3,6,0,15937,15659,20,258
"2022-01-26","PAPUA BARAT",5,1,4,0,15942,15660,24,258
"2022-01-27","PAPUA BARAT",8,1,7,0,15950,15661,31,258
"2022-01-28","PAPUA BARAT",2,1,1,0,15952,15662,32,258
"2022-01-29","PAPUA BARAT",6,3,3,0,15958,15665,35,258
"2022-01-30","PAPUA BARAT",1,1,0,0,15959,15666,35,258
"2022-01-31","PAPUA BARAT",9,2,7,0,15968,15668,42,258
"2022-02-01","PAPUA BARAT",34,1,33,0,16002,15669,75,258
"2022-02-02","PAPUA BARAT",29,4,25,0,16031,15673,100,258
"2022-02-03","PAPUA BARAT",76,2,74,0,16107,15675,174,258
"2022-02-04","PAPUA BARAT",68,9,59,0,16175,15684,233,258
"2022-02-05","PAPUA BARAT",70,1,69,0,16245,15685,302,258
"2022-02-06","PAPUA BARAT",45,7,38,0,16290,15692,340,258
"2022-02-07","PAPUA BARAT",41,6,35,0,16331,15698,375,258
"2022-02-08","PAPUA BARAT",164,15,148,1,16495,15713,523,259
"2022-02-09","PAPUA BARAT",175,19,156,0,16670,15732,679,259
"2022-02-10","PAPUA BARAT",212,26,186,0,16882,15758,865,259
"2022-02-11","PAPUA BARAT",165,27,138,0,17047,15785,1003,259
"2022-02-12","PAPUA BARAT",302,47,254,1,17349,15832,1257,260
"2022-02-13","PAPUA BARAT",203,75,128,0,17552,15907,1385,260
"2022-02-14","PAPUA BARAT",199,52,147,0,17751,15959,1532,260
"2022-02-15","PAPUA BARAT",337,65,272,0,18088,16024,1804,260
"2022-02-16","PAPUA BARAT",398,85,313,0,18486,16109,2117,260
"2022-02-17","PAPUA BARAT",420,128,292,0,18906,16237,2409,260
"2022-02-18","PAPUA BARAT",261,145,116,0,19167,16382,2525,260
"2022-02-19","PAPUA BARAT",467,150,317,0,19634,16532,2842,260
"2022-02-20","PAPUA BARAT",256,195,60,1,19890,16727,2902,261
"2022-02-21","PAPUA BARAT",154,210,-56,0,20044,16937,2846,261
"2022-02-22","PAPUA BARAT",331,354,-23,0,20375,17291,2823,261
"2022-02-23","PAPUA BARAT",237,279,-42,0,20612,17570,2781,261
"2022-02-24","PAPUA BARAT",190,185,5,0,20802,17755,2786,261
"2022-02-25","PAPUA BARAT",145,421,-277,1,20947,18176,2509,262
"2022-02-26","PAPUA BARAT",217,215,1,1,21164,18391,2510,263
"2022-02-27","PAPUA BARAT",124,387,-263,0,21288,18778,2247,263
"2022-02-28","PAPUA BARAT",85,180,-97,2,21373,18958,2150,265
"2022-03-01","PAPUA BARAT",136,338,-202,0,21509,19296,1948,265
"2022-03-02","PAPUA BARAT",191,355,-165,1,21700,19651,1783,266
"2022-03-03","PAPUA BARAT",173,126,47,0,21873,19777,1830,266
"2022-03-04","PAPUA BARAT",149,302,-154,1,22022,20079,1676,267
"2022-03-05","PAPUA BARAT",137,176,-39,0,22159,20255,1637,267
"2022-03-06","PAPUA BARAT",76,205,-130,1,22235,20460,1507,268
"2022-03-07","PAPUA BARAT",167,103,64,0,22402,20563,1571,268
"2022-03-08","PAPUA BARAT",1,109,-108,0,22403,20672,1463,268
