"Date","Location","jumlah_positif","jumlah_sembuh","jumlah_dirawat","jumlah_meninggal","jumlah_positif_kum","jumlah_sembuh_kum","jumlah_dirawat_kum","jumlah_meninggal_kum"
"2020-03-02","National",2,0,2,0,2,0,2,0
"2020-03-03","National",0,0,0,0,2,0,2,0
"2020-03-04","National",0,0,0,0,2,0,2,0
"2020-03-05","National",0,0,0,0,2,0,2,0
"2020-03-06","National",2,0,2,0,4,0,4,0
"2020-03-07","National",0,0,0,0,4,0,4,0
"2020-03-08","National",2,0,2,0,6,0,6,0
"2020-03-09","National",13,0,13,0,19,0,19,0
"2020-03-10","National",8,2,6,0,27,2,25,0
"2020-03-11","National",7,0,6,1,34,2,31,1
"2020-03-12","National",0,0,0,0,34,2,31,1
"2020-03-13","National",35,0,32,3,69,2,63,4
"2020-03-14","National",27,6,20,1,96,8,83,5
"2020-03-15","National",21,0,21,0,117,8,104,5
"2020-03-16","National",17,0,17,0,134,8,121,5
"2020-03-17","National",38,1,37,0,172,9,158,5
"2020-03-18","National",55,2,39,14,227,11,197,19
"2020-03-19","National",82,4,72,6,309,15,269,25
"2020-03-20","National",60,2,51,7,369,17,320,32
"2020-03-21","National",81,3,72,6,450,20,392,38
"2020-03-22","National",64,9,45,10,514,29,437,48
"2020-03-23","National",65,1,63,1,579,30,500,49
"2020-03-24","National",106,0,100,6,685,30,600,55
"2020-03-25","National",105,1,101,3,790,31,701,58
"2020-03-26","National",103,4,79,20,893,35,780,78
"2020-03-27","National",153,11,133,9,1046,46,913,87
"2020-03-28","National",109,13,81,15,1155,59,994,102
"2020-03-29","National",130,5,113,12,1285,64,1107,114
"2020-03-30","National",129,11,110,8,1414,75,1217,122
"2020-03-31","National",114,6,94,14,1528,81,1311,136
"2020-04-01","National",149,22,106,21,1677,103,1417,157
"2020-04-02","National",113,9,91,13,1790,112,1508,170
"2020-04-03","National",196,22,163,11,1986,134,1671,181
"2020-04-04","National",106,16,80,10,2092,150,1751,191
"2020-04-05","National",181,14,160,7,2273,164,1911,198
"2020-04-06","National",218,28,179,11,2491,192,2090,209
"2020-04-07","National",247,12,223,12,2738,204,2313,221
"2020-04-08","National",218,18,181,19,2956,222,2494,240
"2020-04-09","National",337,30,267,40,3293,252,2761,280
"2020-04-10","National",219,30,163,26,3512,282,2924,306
"2020-04-11","National",330,4,305,21,3842,286,3229,327
"2020-04-12","National",399,73,280,46,4241,359,3509,373
"2020-04-13","National",316,21,269,26,4557,380,3778,399
"2020-04-14","National",282,46,176,60,4839,426,3954,459
"2020-04-15","National",297,20,267,10,5136,446,4221,469
"2020-04-16","National",380,102,251,27,5516,548,4472,496
"2020-04-17","National",407,59,324,24,5923,607,4796,520
"2020-04-18","National",325,24,286,15,6248,631,5082,535
"2020-04-19","National",327,55,225,47,6575,686,5307,582
"2020-04-20","National",185,61,116,8,6760,747,5423,590
"2020-04-21","National",375,95,254,26,7135,842,5677,616
"2020-04-22","National",283,71,193,19,7418,913,5870,635
"2020-04-23","National",357,47,298,12,7775,960,6168,647
"2020-04-24","National",436,42,352,42,8211,1002,6520,689
"2020-04-25","National",396,40,325,31,8607,1042,6845,720
"2020-04-26","National",275,65,187,23,8882,1107,7032,743
"2020-04-27","National",214,44,148,22,9096,1151,7180,765
"2020-04-28","National",415,103,304,8,9511,1254,7484,773
"2020-04-29","National",260,137,112,11,9771,1391,7596,784
"2020-04-30","National",347,131,208,8,10118,1522,7804,792
"2020-05-01","National",433,69,356,8,10551,1591,8160,800
"2020-05-02","National",292,74,187,31,10843,1665,8347,831
"2020-05-03","National",349,211,124,14,11192,1876,8471,845
"2020-05-04","National",395,78,298,19,11587,1954,8769,864
"2020-05-05","National",484,243,233,8,12071,2197,9002,872
"2020-05-06","National",367,120,224,23,12438,2317,9226,895
"2020-05-07","National",338,64,239,35,12776,2381,9465,930
"2020-05-08","National",336,113,210,13,13112,2494,9675,943
"2020-05-09","National",533,113,404,16,13645,2607,10079,959
"2020-05-10","National",387,91,282,14,14032,2698,10361,973
"2020-05-11","National",233,183,32,18,14265,2881,10393,991
"2020-05-12","National",484,182,286,16,14749,3063,10679,1007
"2020-05-13","National",689,224,444,21,15438,3287,11123,1028
"2020-05-14","National",568,231,322,15,16006,3518,11445,1043
"2020-05-15","National",490,285,172,33,16496,3803,11617,1076
"2020-05-16","National",529,108,408,13,17025,3911,12025,1089
"2020-05-17","National",489,218,212,59,17514,4129,12237,1148
"2020-05-18","National",496,195,258,43,18010,4324,12495,1191
"2020-05-19","National",486,143,313,30,18496,4467,12808,1221
"2020-05-20","National",693,108,564,21,19189,4575,13372,1242
"2020-05-21","National",973,263,674,36,20162,4838,14046,1278
"2020-05-22","National",634,219,367,48,20796,5057,14413,1326
"2020-05-23","National",949,192,732,25,21745,5249,15145,1351
"2020-05-24","National",526,153,352,21,22271,5402,15497,1372
"2020-05-25","National",479,240,220,19,22750,5642,15717,1391
"2020-05-26","National",415,235,153,27,23165,5877,15870,1418
"2020-05-27","National",686,180,451,55,23851,6057,16321,1473
"2020-05-28","National",687,183,481,23,24538,6240,16802,1496
"2020-05-29","National",678,252,402,24,25216,6492,17204,1520
"2020-05-30","National",557,523,-19,53,25773,7015,17185,1573
"2020-05-31","National",700,293,367,40,26473,7308,17552,1613
"2020-06-01","National",467,329,110,28,26940,7637,17662,1641
"2020-06-02","National",609,298,289,22,27549,7935,17951,1663
"2020-06-03","National",684,471,178,35,28233,8406,18129,1698
"2020-06-04","National",585,486,76,23,28818,8892,18205,1721
"2020-06-05","National",703,551,103,49,29521,9443,18308,1770
"2020-06-06","National",993,464,498,31,30514,9907,18806,1801
"2020-06-07","National",672,591,31,50,31186,10498,18837,1851
"2020-06-08","National",847,406,409,32,32033,10904,19246,1883
"2020-06-09","National",1042,510,492,40,33075,11414,19738,1923
"2020-06-10","National",1241,715,490,36,34316,12129,20228,1959
"2020-06-11","National",979,507,431,41,35295,12636,20659,2000
"2020-06-12","National",1111,577,486,48,36406,13213,21145,2048
"2020-06-13","National",1014,563,408,43,37420,13776,21553,2091
"2020-06-14","National",857,755,59,43,38277,14531,21612,2134
"2020-06-15","National",1017,592,361,64,39294,15123,21973,2198
"2020-06-16","National",1106,580,493,33,40400,15703,22466,2231
"2020-06-17","National",1031,540,446,45,41431,16243,22912,2276
"2020-06-18","National",1331,555,713,63,42762,16798,23625,2339
"2020-06-19","National",1041,551,456,34,43803,17349,24081,2373
"2020-06-20","National",1226,534,636,56,45029,17883,24717,2429
"2020-06-21","National",862,521,305,36,45891,18404,25022,2465
"2020-06-22","National",954,331,588,35,46845,18735,25610,2500
"2020-06-23","National",1051,506,510,35,47896,19241,26120,2535
"2020-06-24","National",1113,417,658,38,49009,19658,26778,2573
"2020-06-25","National",1178,791,340,47,50187,20449,27118,2620
"2020-06-26","National",1240,884,293,63,51427,21333,27411,2683
"2020-06-27","National",1385,576,772,37,52812,21909,28183,2720
"2020-06-28","National",1198,1027,137,34,54010,22936,28320,2754
"2020-06-29","National",1082,864,167,51,55092,23800,28487,2805
"2020-06-30","National",1293,1006,216,71,56385,24806,28703,2876
"2020-07-01","National",1385,789,538,58,57770,25595,29241,2934
"2020-07-02","National",1624,1072,499,53,59394,26667,29740,2987
"2020-07-03","National",1301,901,351,49,60695,27568,30091,3036
"2020-07-04","National",1447,651,743,53,62142,28219,30834,3089
"2020-07-05","National",1607,886,639,82,63749,29105,31473,3171
"2020-07-06","National",1209,814,325,70,64958,29919,31798,3241
"2020-07-07","National",1268,866,334,68,66226,30785,32132,3309
"2020-07-08","National",1853,800,1003,50,68079,31585,33135,3359
"2020-07-09","National",2657,1066,1533,58,70736,32651,34668,3417
"2020-07-10","National",1611,878,681,52,72347,33529,35349,3469
"2020-07-11","National",1671,1190,415,66,74018,34719,35764,3535
"2020-07-12","National",1681,919,691,71,75699,35638,36455,3606
"2020-07-13","National",1282,1051,181,50,76981,36689,36636,3656
"2020-07-14","National",1591,947,590,54,78572,37636,37226,3710
"2020-07-15","National",1522,1414,21,87,80094,39050,37247,3797
"2020-07-16","National",1574,1295,203,76,81668,40345,37450,3873
"2020-07-17","National",1462,1489,-111,84,83130,41834,37339,3957
"2020-07-18","National",1752,1434,259,59,84882,43268,37598,4016
"2020-07-19","National",1639,2133,-621,127,86521,45401,36977,4143
"2020-07-20","National",1693,1576,21,96,88214,46977,36998,4239
"2020-07-21","National",1655,1489,85,81,89869,48466,37083,4320
"2020-07-22","National",1882,1789,-46,139,91751,50255,37037,4459
"2020-07-23","National",1906,1909,-120,117,93657,52164,36917,4576
"2020-07-24","National",1761,1781,-109,89,95418,53945,36808,4665
"2020-07-25","National",1868,1409,410,49,97286,55354,37218,4714
"2020-07-26","National",1492,1301,124,67,98778,56655,37342,4781
"2020-07-27","National",1525,1518,-50,57,100303,58173,37292,4838
"2020-07-28","National",1748,2366,-681,63,102051,60539,36611,4901
"2020-07-29","National",2381,1599,708,74,104432,62138,37319,4975
"2020-07-30","National",1904,2154,-333,83,106336,64292,36986,5058
"2020-07-31","National",2040,1615,352,73,108376,65907,37338,5131
"2020-08-01","National",1560,2012,-514,62,109936,67919,36824,5193
"2020-08-02","National",1519,1056,420,43,111455,68975,37244,5236
"2020-08-03","National",1679,1262,351,66,113134,70237,37595,5302
"2020-08-04","National",1922,1813,23,86,115056,72050,37618,5388
"2020-08-05","National",1815,1839,-88,64,116871,73889,37530,5452
"2020-08-06","National",1882,1756,57,69,118753,75645,37587,5521
"2020-08-07","National",2473,1912,489,72,121226,77557,38076,5593
"2020-08-08","National",2277,1749,463,65,123503,79306,38539,5658
"2020-08-09","National",1893,1646,182,65,125396,80952,38721,5723
"2020-08-10","National",1687,1284,361,42,127083,82236,39082,5765
"2020-08-11","National",1693,1474,160,59,128776,83710,39242,5824
"2020-08-12","National",1942,2088,-225,79,130718,85798,39017,5903
"2020-08-13","National",2098,1760,273,65,132816,87558,39290,5968
"2020-08-14","National",2307,2060,194,53,135123,89618,39484,6021
"2020-08-15","National",2345,1703,592,50,137468,91321,40076,6071
"2020-08-16","National",2081,1782,220,79,139549,93103,40296,6150
"2020-08-17","National",1821,1355,409,57,141370,94458,40705,6207
"2020-08-18","National",1673,1848,-245,70,143043,96306,40460,6277
"2020-08-19","National",1902,2351,-518,69,144945,98657,39942,6346
"2020-08-20","National",2266,2017,177,72,147211,100674,40119,6418
"2020-08-21","National",2197,2317,-202,82,149408,102991,39917,6500
"2020-08-22","National",2090,2207,-211,94,151498,105198,39706,6594
"2020-08-23","National",2037,2302,-351,86,153535,107500,39355,6680
"2020-08-24","National",1877,3560,-1762,79,155412,111060,37593,6759
"2020-08-25","National",2447,1807,541,99,157859,112867,38134,6858
"2020-08-26","National",2306,2542,-322,86,160165,115409,37812,6944
"2020-08-27","National",2719,3166,-567,120,162884,118575,37245,7064
"2020-08-28","National",3003,2325,573,105,165887,120900,37818,7169
"2020-08-29","National",3308,1902,1314,92,169195,122802,39132,7261
"2020-08-30","National",2858,1383,1393,82,172053,124185,40525,7343
"2020-08-31","National",2743,1774,895,74,174796,125959,41420,7417
"2020-09-01","National",2775,2098,589,88,177571,128057,42009,7505
"2020-09-02","National",3075,1914,1050,111,180646,129971,43059,7616
"2020-09-03","National",3622,2084,1404,134,184268,132055,44463,7750
"2020-09-04","National",3269,2126,1061,82,187537,134181,45524,7832
"2020-09-05","National",3128,2220,800,108,190665,136401,46324,7940
"2020-09-06","National",3444,2174,1185,85,194109,138575,47509,8025
"2020-09-07","National",2880,2077,698,105,196989,140652,48207,8130
"2020-09-08","National",3046,2306,640,100,200035,142958,48847,8230
"2020-09-09","National",3307,2242,959,106,203342,145200,49806,8336
"2020-09-10","National",3861,2310,1431,120,207203,147510,51237,8456
"2020-09-11","National",3737,2707,942,88,210940,150217,52179,8544
"2020-09-12","National",3806,2241,1459,106,214746,152458,53638,8650
"2020-09-13","National",3636,2552,1011,73,218382,155010,54649,8723
"2020-09-14","National",3141,3395,-372,118,221523,158405,54277,8841
"2020-09-15","National",3507,2660,723,124,225030,161065,55000,8965
"2020-09-16","National",3963,3036,792,135,228993,164101,55792,9100
"2020-09-17","National",3635,2585,928,122,232628,166686,56720,9222
"2020-09-18","National",3891,4088,-311,114,236519,170774,56409,9336
"2020-09-19","National",4168,3576,480,112,240687,174350,56889,9448
"2020-09-20","National",3989,2977,907,105,244676,177327,57796,9553
"2020-09-21","National",4176,3470,582,124,248852,180797,58378,9677
"2020-09-22","National",4071,3501,410,160,252923,184298,58788,9837
"2020-09-23","National",4465,3660,665,140,257388,187958,59453,9977
"2020-09-24","National",4634,3895,611,128,262022,191853,60064,10105
"2020-09-25","National",4823,4343,367,113,266845,196196,60431,10218
"2020-09-26","National",4494,3207,1197,90,271339,199403,61628,10308
"2020-09-27","National",3874,3611,185,78,275213,203014,61813,10386
"2020-09-28","National",3509,3856,-434,87,278722,206870,61379,10473
"2020-09-29","National",4002,3567,307,128,282724,210437,61686,10601
"2020-09-30","National",4284,4510,-365,139,287008,214947,61321,10740
"2020-10-01","National",4174,3540,518,116,291182,218487,61839,10856
"2020-10-02","National",4317,2853,1348,116,295499,221340,63187,10972
"2020-10-03","National",4007,3712,212,83,299506,225052,63399,11055
"2020-10-04","National",3992,3401,495,96,303498,228453,63894,11151
"2020-10-05","National",3622,4140,-620,102,307120,232593,63274,11253
"2020-10-06","National",4056,3844,91,121,311176,236437,63365,11374
"2020-10-07","National",4538,3854,586,98,315714,240291,63951,11472
"2020-10-08","National",4850,3769,973,108,320564,244060,64924,11580
"2020-10-09","National",4094,3607,390,97,324658,247667,65314,11677
"2020-10-10","National",4294,3814,392,88,328952,251481,65706,11765
"2020-10-11","National",4497,3546,872,79,333449,255027,66578,11844
"2020-10-12","National",3267,3492,-316,91,336716,258519,66262,11935
"2020-10-13","National",3906,4777,-963,92,340622,263296,65299,12027
"2020-10-14","National",4127,4555,-557,129,344749,267851,64742,12156
"2020-10-15","National",4411,5810,-1511,112,349160,273661,63231,12268
"2020-10-16","National",4301,3883,339,79,353461,277544,63570,12347
"2020-10-17","National",4301,4048,169,84,357762,281592,63739,12431
"2020-10-18","National",4105,3732,293,80,361867,285324,64032,12511
"2020-10-19","National",3373,3919,-652,106,365240,289243,63380,12617
"2020-10-20","National",3602,4410,-925,117,368842,293653,62455,12734
"2020-10-21","National",4267,3856,288,123,373109,297509,62743,12857
"2020-10-22","National",4432,3497,833,102,377541,301006,63576,12959
"2020-10-23","National",4369,4094,157,118,381910,305100,63733,13077
"2020-10-24","National",4070,4119,-177,128,385980,309219,63556,13205
"2020-10-25","National",3732,4545,-907,94,389712,313764,62649,13299
"2020-10-26","National",3222,3908,-798,112,392934,317672,61851,13411
"2020-10-27","National",3520,4576,-1157,101,396454,322248,60694,13512
"2020-10-28","National",4029,3545,384,100,400483,325793,61078,13612
"2020-10-29","National",3565,3985,-509,89,404048,329778,60569,13701
"2020-10-30","National",2897,4517,-1701,81,406945,334295,58868,13782
"2020-10-31","National",3143,3506,-450,87,410088,337801,58418,13869
"2020-11-01","National",2696,4141,-1519,74,412784,341942,56899,13943
"2020-11-02","National",2618,3624,-1107,101,415402,345566,55792,14044
"2020-11-03","National",2973,3931,-1060,102,418375,349497,54732,14146
"2020-11-04","National",3356,3785,-542,113,421731,353282,54190,14259
"2020-11-05","National",4065,3860,116,89,425796,357142,54306,14348
"2020-11-06","National",3778,3563,121,94,429574,360705,54427,14442
"2020-11-07","National",4262,3712,452,98,433836,364417,54879,14540
"2020-11-08","National",3880,3881,-75,74,437716,368298,54804,14614
"2020-11-09","National",2853,3968,-1190,75,440569,372266,53614,14689
"2020-11-10","National",3779,3475,232,72,444348,375741,53846,14761
"2020-11-11","National",3770,3241,454,75,448118,378982,54300,14836
"2020-11-12","National",4173,3102,974,97,452291,382084,55274,14933
"2020-11-13","National",5444,3010,2330,104,457735,385094,57604,15037
"2020-11-14","National",5272,3000,2161,111,463007,388094,59765,15148
"2020-11-15","National",4106,3897,146,63,467113,391991,59911,15211
"2020-11-16","National",3535,3452,-2,85,470648,395443,59909,15296
"2020-11-17","National",3807,3193,517,97,474455,398636,60426,15393
"2020-11-18","National",4265,3711,444,110,478720,402347,60870,15503
"2020-11-19","National",4798,4265,436,97,483518,406612,61306,15600
"2020-11-20","National",4792,3940,774,78,488310,410552,62080,15678
"2020-11-21","National",4998,3403,1499,96,493308,413955,63579,15774
"2020-11-22","National",4360,4233,17,110,497668,418188,63596,15884
"2020-11-23","National",4442,4198,126,118,502110,422386,63722,16002
"2020-11-24","National",4192,2927,1156,109,506302,425313,64878,16111
"2020-11-25","National",5534,4494,926,114,511836,429807,65804,16225
"2020-11-26","National",4917,3842,948,127,516753,433649,66752,16352
"2020-11-27","National",5828,3807,1852,169,522581,437456,68604,16521
"2020-11-28","National",5418,4527,766,125,527999,441983,69370,16646
"2020-11-29","National",6267,3810,2288,169,534266,445793,71658,16815
"2020-11-30","National",4617,4725,-238,130,538883,450518,71420,16945
"2020-12-01","National",5092,4361,595,136,543975,454879,72015,17081
"2020-12-02","National",5533,4001,1414,118,549508,458880,73429,17199
"2020-12-03","National",8369,3673,4540,156,557877,462553,77969,17355
"2020-12-04","National",5803,3625,2054,124,563680,466178,80023,17479
"2020-12-05","National",6027,4271,1646,110,569707,470449,81669,17589
"2020-12-06","National",6089,4322,1616,151,575796,474771,83285,17740
"2020-12-07","National",5754,4431,1196,127,581550,479202,84481,17867
"2020-12-08","National",5292,4295,864,133,586842,483497,85345,18000
"2020-12-09","National",6058,3948,1939,171,592900,487445,87284,18171
"2020-12-10","National",6033,4530,1338,165,598933,491975,88622,18336
"2020-12-11","National",6310,4911,1224,175,605243,496886,89846,18511
"2020-12-12","National",6388,4490,1756,142,611631,501376,91602,18653
"2020-12-13","National",6189,4460,1563,166,617820,505836,93165,18819
"2020-12-14","National",5489,5121,231,137,623309,510957,93396,18956
"2020-12-15","National",6120,5699,266,155,629429,516656,93662,19111
"2020-12-16","National",6725,5328,1260,137,636154,521984,94922,19248
"2020-12-17","National",7354,4995,2217,142,643508,526979,97139,19390
"2020-12-18","National",6689,5016,1549,124,650197,531995,98688,19514
"2020-12-19","National",7751,4265,3341,145,657948,536260,102029,19659
"2020-12-20","National",6982,5551,1210,221,664930,541811,103239,19880
"2020-12-21","National",6848,5073,1570,205,671778,546884,104809,20085
"2020-12-22","National",6347,5838,337,172,678125,552722,105146,20257
"2020-12-23","National",7514,5981,1382,151,685639,558703,106528,20408
"2020-12-24","National",7199,5277,1741,181,692838,563980,108269,20589
"2020-12-25","National",7259,6324,677,258,700097,570304,108946,20847
"2020-12-26","National",6740,6389,204,147,706837,576693,109150,20994
"2020-12-27","National",6528,6983,-698,243,713365,583676,108452,21237
"2020-12-28","National",5854,6302,-663,215,719219,589978,107789,21452
"2020-12-29","National",7903,6805,847,251,727122,596783,108636,21703
"2020-12-30","National",8002,6958,803,241,735124,603741,109439,21944
"2020-12-31","National",8074,7356,524,194,743198,611097,109963,22138
"2021-01-01","National",8072,6839,1042,191,751270,617936,111005,22329
"2021-01-02","National",7203,7582,-605,226,758473,625518,110400,22555
"2021-01-03","National",6877,6419,279,179,765350,631937,110679,22734
"2021-01-04","National",6753,7166,-590,177,772103,639103,110089,22911
"2021-01-05","National",7445,6643,604,198,779548,645746,110693,23109
"2021-01-06","National",8854,6767,1900,187,788402,652513,112593,23296
"2021-01-07","National",9321,6924,2173,224,797723,659437,114766,23520
"2021-01-08","National",10617,7446,2938,233,808340,666883,117704,23753
"2021-01-09","National",10046,6628,3224,194,818386,673511,120928,23947
"2021-01-10","National",9640,7513,1945,182,828026,681024,122873,24129
"2021-01-11","National",8692,7715,763,214,836718,688739,123636,24343
"2021-01-12","National",10047,7068,2677,302,846765,695807,126313,24645
"2021-01-13","National",11278,7657,3315,306,858043,703464,129628,24951
"2021-01-14","National",11557,7741,3521,295,869600,711205,133149,25246
"2021-01-15","National",12818,7491,5089,238,882418,718696,138238,25484
"2021-01-16","National",14224,8662,5279,283,896642,727358,143517,25767
"2021-01-17","National",11287,9102,1965,220,907929,736460,145482,25987
"2021-01-18","National",9086,9475,-684,295,917015,745935,144798,26282
"2021-01-19","National",10365,8013,2044,308,927380,753948,146842,26590
"2021-01-20","National",12568,9755,2546,267,939948,763703,149388,26857
"2021-01-21","National",11703,9087,2270,346,951651,772790,151658,27203
"2021-01-22","National",13632,8357,5025,250,965283,781147,156683,27453
"2021-01-23","National",12191,9912,2068,211,977474,791059,158751,27664
"2021-01-24","National",11788,7751,3866,171,989262,798810,162617,27835
"2021-01-25","National",9994,10678,-981,297,999256,809488,161636,28132
"2021-01-26","National",13094,10868,1890,336,1012350,820356,163526,28468
"2021-01-27","National",11948,10974,587,387,1024298,831330,164113,28855
"2021-01-28","National",13695,10792,2427,476,1037993,842122,166540,29331
"2021-01-29","National",13802,10138,3477,187,1051795,852260,170017,29518
"2021-01-30","National",14518,10242,4066,210,1066313,862502,174083,29728
"2021-01-31","National",12001,10719,1012,270,1078314,873221,175095,29998
"2021-02-01","National",10994,10461,254,279,1089308,883682,175349,30277
"2021-02-02","National",10379,12848,-2773,304,1099687,896530,172576,30581
"2021-02-03","National",11984,9135,2660,189,1111671,905665,175236,30770
"2021-02-04","National",11434,11641,-438,231,1123105,917306,174798,31001
"2021-02-05","National",11749,9674,1874,201,1134854,926980,176672,31202
"2021-02-06","National",12156,12204,-239,191,1147010,939184,176433,31393
"2021-02-07","National",10827,10806,-142,163,1157837,949990,176291,31556
"2021-02-08","National",8242,13038,-5003,207,1166079,963028,171288,31763
"2021-02-09","National",8700,10424,-1937,213,1174779,973452,169351,31976
"2021-02-10","National",8776,9520,-935,191,1183555,982972,168416,32167
"2021-02-11","National",8435,10145,-1924,214,1191990,993117,166492,32381
"2021-02-12","National",9869,11000,-1406,275,1201859,1004117,165086,32656
"2021-02-13","National",8844,11919,-3355,280,1210703,1016036,161731,32936
"2021-02-14","National",6765,9237,-2719,247,1217468,1025273,159012,33183
"2021-02-15","National",6462,6792,-514,184,1223930,1032065,158498,33367
"2021-02-16","National",10029,7609,2191,229,1233959,1039674,160689,33596
"2021-02-17","National",9687,8002,1493,192,1243646,1047676,162182,33788
"2021-02-18","National",9039,10546,-1688,181,1252685,1058222,160494,33969
"2021-02-19","National",10614,10783,-352,183,1263299,1069005,160142,34152
"2021-02-20","National",8054,9835,-1945,164,1271353,1078840,158197,34316
"2021-02-21","National",7300,8236,-1109,173,1278653,1087076,157088,34489
"2021-02-22","National",10180,9918,60,202,1288833,1096994,157148,34691
"2021-02-23","National",9775,7996,1456,323,1298608,1104990,158604,35014
"2021-02-24","National",7533,7735,-442,240,1306141,1112725,158162,35254
"2021-02-25","National",8493,8686,-457,264,1314634,1121411,157705,35518
"2021-02-26","National",8232,7261,703,268,1322866,1128672,158408,35786
"2021-02-27","National",6208,7382,-1369,195,1329074,1136054,157039,35981
"2021-02-28","National",5560,6649,-1274,185,1334634,1142703,155765,36166
"2021-03-01","National",6680,9212,-2691,159,1341314,1151915,153074,36325
"2021-03-02","National",5712,8948,-3429,193,1347026,1160863,149645,36518
"2021-03-03","National",6808,9053,-2448,203,1353834,1169916,147197,36721
"2021-03-04","National",7264,6440,648,176,1361098,1176356,147845,36897
"2021-03-05","National",6971,6331,511,129,1368069,1182687,148356,37026
"2021-03-06","National",5767,6823,-1184,128,1373836,1189510,147172,37154
"2021-03-07","National",5826,5146,568,112,1379662,1194656,147740,37266
"2021-03-08","National",6894,8725,-2112,281,1386556,1203381,145628,37547
"2021-03-09","National",6389,7496,-1317,210,1392945,1210877,144311,37757
"2021-03-10","National",5633,5556,-98,175,1398578,1216433,144213,37932
"2021-03-11","National",5144,8170,-3143,117,1403722,1224603,141070,38049
"2021-03-12","National",6412,6851,-619,180,1410134,1231454,140451,38229
"2021-03-13","National",4607,6016,-1509,100,1414741,1237470,138942,38329
"2021-03-14","National",4714,5647,-1030,97,1419455,1243117,137912,38426
"2021-03-15","National",5589,6830,-1388,147,1425044,1249947,136524,38573
"2021-03-16","National",5414,7716,-2482,180,1430458,1257663,134042,38753
"2021-03-17","National",6825,9010,-2347,162,1437283,1266673,131695,38915
"2021-03-18","National",6570,6285,58,227,1443853,1272958,131753,39142
"2021-03-19","National",6279,6007,75,197,1450132,1278965,131828,39339
"2021-03-20","National",5656,5760,-212,108,1455788,1284725,131616,39447
"2021-03-21","National",4396,6065,-1772,103,1460184,1290790,129844,39550
"2021-03-22","National",5744,7177,-1594,161,1465928,1297967,128250,39711
"2021-03-23","National",5297,6954,-1811,154,1471225,1304921,126439,39865
"2021-03-24","National",5227,7622,-2513,118,1476452,1312543,123926,39983
"2021-03-25","National",6107,4656,1353,98,1482559,1317199,125279,40081
"2021-03-26","National",4982,5679,-782,85,1487541,1322878,124497,40166
"2021-03-27","National",4461,4243,20,198,1492002,1327121,124517,40364
"2021-03-28","National",4083,4279,-281,85,1496085,1331400,124236,40449
"2021-03-29","National",5008,5418,-542,132,1501093,1336818,123694,40581
"2021-03-30","National",4682,5877,-1368,173,1505775,1342695,122326,40754
"2021-03-31","National",5937,5635,198,104,1511712,1348330,122524,40858
"2021-04-01","National",6142,7248,-1302,196,1517854,1355578,121222,41054
"2021-04-02","National",5325,5439,-211,97,1523179,1361017,121011,41151
"2021-04-03","National",4345,5197,-943,91,1527524,1366214,120068,41242
"2021-04-04","National",6731,9663,-3359,427,1534255,1375877,116709,41669
"2021-04-05","National",3712,5800,-2234,146,1537967,1381677,114475,41815
"2021-04-06","National",4549,4296,91,162,1542516,1385973,114566,41977
"2021-04-07","National",4860,5769,-996,87,1547376,1391742,113570,42064
"2021-04-08","National",5504,7640,-2299,163,1552880,1399382,111271,42227
"2021-04-09","National",5265,6277,-1133,121,1558145,1405659,110138,42348
"2021-04-10","National",4723,3629,999,95,1562868,1409288,111137,42443
"2021-04-11","National",4127,5219,-1179,87,1566995,1414507,109958,42530
"2021-04-12","National",4829,5289,-586,126,1571824,1419796,109372,42656
"2021-04-13","National",5702,6349,-773,126,1577526,1426145,108599,42782
"2021-04-14","National",5656,5747,-215,124,1583182,1431892,108384,42906
"2021-04-15","National",6177,6362,-352,167,1589359,1438254,108032,43073
"2021-04-16","National",5363,5975,-735,123,1594722,1444229,107297,43196
"2021-04-17","National",5041,5963,-1054,132,1599763,1450192,106243,43328
"2021-04-18","National",4585,4873,-384,96,1604348,1455065,105859,43424
"2021-04-19","National",4952,6349,-1540,143,1609300,1461414,104319,43567
"2021-04-20","National",5549,6728,-1389,210,1614849,1468142,102930,43777
"2021-04-21","National",5720,7314,-1824,230,1620569,1475456,101106,44007
"2021-04-22","National",6243,5993,85,165,1626812,1481449,101191,44172
"2021-04-23","National",5436,5920,-658,174,1632248,1487369,100533,44346
"2021-04-24","National",4544,4953,-563,154,1636792,1492322,99970,44500
"2021-04-25","National",4402,3804,504,94,1641194,1496126,100474,44594
"2021-04-26","National",5944,5589,178,177,1647138,1501715,100652,44771
"2021-04-27","National",4656,4884,-396,168,1651794,1506599,100256,44939
"2021-04-28","National",5241,4818,246,177,1657035,1511417,100502,45116
"2021-04-29","National",5833,6015,-400,218,1662868,1517432,100102,45334
"2021-04-30","National",5500,5202,111,187,1668368,1522634,100213,45521
"2021-05-01","National",4512,4344,37,131,1672880,1526978,100250,45652
"2021-05-02","National",4394,3740,510,144,1677274,1530718,100760,45796
"2021-05-03","National",4730,4773,-196,153,1682004,1535491,100564,45949
"2021-05-04","National",4369,5658,-1477,188,1686373,1541149,99087,46137
"2021-05-05","National",5285,5943,-870,212,1691658,1547092,98217,46349
"2021-05-06","National",5647,5440,60,147,1697305,1552532,98277,46496
"2021-05-07","National",6327,5891,269,167,1703632,1558423,98546,46663
"2021-05-08","National",6130,5494,457,179,1709762,1563917,99003,46842
"2021-05-09","National",3922,4360,-608,170,1713684,1568277,98395,47012
"2021-05-10","National",4891,6338,-1653,206,1718575,1574615,96742,47218
"2021-05-11","National",5021,5592,-818,247,1723596,1580207,95924,47465
"2021-05-12","National",4608,4671,-215,152,1728204,1584878,95709,47617
"2021-05-13","National",3448,4201,-852,99,1731652,1589079,94857,47716
"2021-05-14","National",2633,3807,-1281,107,1734285,1592886,93576,47823
"2021-05-15","National",2385,4181,-1940,144,1736670,1597067,91636,47967
"2021-05-16","National",3080,3790,-836,126,1739750,1600857,90800,48093
"2021-05-17","National",4295,5754,-1671,212,1744045,1606611,89129,48305
"2021-05-18","National",4185,5628,-1615,172,1748230,1612239,87514,48477
"2021-05-19","National",4871,4364,315,192,1753101,1616603,87829,48669
"2021-05-20","National",5797,4969,610,218,1758898,1621572,88439,48887
"2021-05-21","National",5746,4570,990,186,1764644,1626142,89429,49073
"2021-05-22","National",5296,3353,1811,132,1769940,1629495,91240,49205
"2021-05-23","National",5280,3550,1607,123,1775220,1633045,92847,49328
"2021-05-24","National",5907,5234,546,127,1781127,1638279,93393,49455
"2021-05-25","National",5060,3795,1093,172,1786187,1642074,94486,49627
"2021-05-26","National",5034,3189,1701,144,1791221,1645263,96187,49771
"2021-05-27","National",6278,3924,2218,136,1797499,1649187,98405,49907
"2021-05-28","National",5862,5370,299,193,1803361,1654557,98704,50100
"2021-05-29","National",6565,5417,986,162,1809926,1659974,99690,50262
"2021-05-30","National",6115,4024,1949,142,1816041,1663998,101639,50404
"2021-05-31","National",5662,5121,367,174,1821703,1669119,102006,50578
"2021-06-01","National",4824,5360,-681,145,1826527,1674479,101325,50723
"2021-06-02","National",5246,6022,-961,185,1831773,1680501,100364,50908
"2021-06-03","National",5353,11092,-5926,187,1837126,1691593,94438,51095
"2021-06-04","National",6486,5950,335,201,1843612,1697543,94773,51296
"2021-06-05","National",6594,4241,2200,153,1850206,1701784,96973,51449
"2021-06-06","National",5832,4187,1482,163,1856038,1705971,98455,51612
"2021-06-07","National",6993,5594,1208,191,1863031,1711565,99663,51803
"2021-06-08","National",6294,5805,300,189,1869325,1717370,99963,51992
"2021-06-09","National",7725,5883,1672,170,1877050,1723253,101635,52162
"2021-06-10","National",8892,5661,3020,211,1885942,1728914,104655,52373
"2021-06-11","National",8083,6230,1660,193,1894025,1735144,106315,52566
"2021-06-12","National",7465,5292,2009,164,1901490,1740436,108324,52730
"2021-06-13","National",9868,4655,5064,149,1911358,1745091,113388,52879
"2021-06-14","National",8189,6143,1809,237,1919547,1751234,115197,53116
"2021-06-15","National",8161,6407,1590,164,1927708,1757641,116787,53280
"2021-06-16","National",9944,6229,3519,196,1937652,1763870,120306,53476
"2021-06-17","National",12624,7350,4997,277,1950276,1771220,125303,53753
"2021-06-18","National",12990,7907,4793,290,1963266,1779127,130096,54043
"2021-06-19","National",12906,7016,5642,248,1976172,1786143,135738,54291
"2021-06-20","National",13737,6385,6981,371,1989909,1792528,142719,54662
"2021-06-21","National",14536,9233,5009,294,2004445,1801761,147728,54956
"2021-06-22","National",13668,8375,4958,335,2018113,1810136,152686,55291
"2021-06-23","National",15308,7167,7838,303,2033421,1817303,160524,55594
"2021-06-24","National",20574,9201,11018,355,2053995,1826504,171542,55949
"2021-06-25","National",18872,8557,9893,422,2072867,1835061,181435,56371
"2021-06-26","National",21095,7396,13341,358,2093962,1842457,194776,56729
"2021-06-27","National",21342,8024,12909,409,2115304,1850481,207685,57138
"2021-06-28","National",20694,9480,10791,423,2135998,1859961,218476,57561
"2021-06-29","National",20467,9645,10359,463,2156465,1869606,228835,58024
"2021-06-30","National",21807,10807,10533,467,2178272,1880413,239368,58491
"2021-07-01","National",24836,9874,14458,504,2203108,1890287,253826,58995
"2021-07-02","National",25830,11578,13713,539,2228938,1901865,267539,59534
"2021-07-03","National",27913,13282,14138,493,2256851,1915147,281677,60027
"2021-07-04","National",27233,13127,13551,555,2284084,1928274,295228,60582
"2021-07-05","National",29745,14416,14771,558,2313829,1942690,309999,61140
"2021-07-06","National",31189,15863,14598,728,2345018,1958553,324597,61868
"2021-07-07","National",34379,14835,18504,1040,2379397,1973388,343101,62908
"2021-07-08","National",38391,21185,16354,852,2417788,1994573,359455,63760
"2021-07-09","National",38124,28975,8278,871,2455912,2023548,367733,64631
"2021-07-10","National",35094,28561,5707,826,2491006,2052109,373440,65457
"2021-07-11","National",36197,32615,2575,1007,2527203,2084724,376015,66464
"2021-07-12","National",40427,34754,4782,891,2567630,2119478,380797,67355
"2021-07-13","National",47899,20123,26912,864,2615529,2139601,407709,68219
"2021-07-14","National",54517,17762,35764,991,2670046,2157363,443473,69210
"2021-07-15","National",56757,19049,36726,982,2726803,2176412,480199,70192
"2021-07-16","National",54000,28079,24716,1205,2780803,2204491,504915,71397
"2021-07-17","National",51952,27903,22957,1092,2832755,2232394,527872,72489
"2021-07-18","National",44721,29264,14364,1093,2877476,2261658,542236,73582
"2021-07-19","National",34257,32217,702,1338,2911733,2293875,542938,74920
"2021-07-20","National",38325,29791,7254,1280,2950058,2323666,550192,76200
"2021-07-21","National",33772,32887,-498,1383,2983830,2356553,549694,77583
"2021-07-22","National",49509,36370,11690,1449,3033339,2392923,561384,79032
"2021-07-23","National",49071,38988,8517,1566,3082410,2431911,569901,80598
"2021-07-24","National",45416,39767,4234,1415,3127826,2471678,574135,82013
"2021-07-25","National",38679,37640,-227,1266,3166505,2509318,573908,83279
"2021-07-26","National",28228,40374,-13633,1487,3194733,2549692,560275,84766
"2021-07-27","National",45203,47128,-3994,2069,3239936,2596820,556281,86835
"2021-07-28","National",47791,43856,2111,1824,3287727,2640676,558392,88659
"2021-07-29","National",43479,45494,-3908,1893,3331206,2686170,554484,90552
"2021-07-30","National",41168,44550,-5141,1759,3372374,2730720,549343,92311
"2021-07-31","National",37284,39372,-3896,1808,3409658,2770092,545447,94119
"2021-08-01","National",30738,39446,-10312,1604,3440396,2809538,535135,95723
"2021-08-02","National",22404,32807,-11971,1568,3462800,2842345,523164,97291
"2021-08-03","National",33900,31324,978,1598,3496700,2873669,524142,98889
"2021-08-04","National",35867,34251,-131,1747,3532567,2907920,524011,100636
"2021-08-05","National",35764,39726,-5701,1739,3568331,2947646,518310,102375
"2021-08-06","National",39532,48832,-10935,1635,3607863,2996478,507375,104010
"2021-08-07","National",31753,39716,-9551,1588,3639616,3036194,497824,105598
"2021-08-08","National",26415,48508,-23591,1498,3666031,3084702,474233,107096
"2021-08-09","National",20709,44959,-25725,1475,3686740,3129661,448508,108571
"2021-08-10","National",32081,41486,-11453,2048,3718821,3171147,437055,110619
"2021-08-11","National",30625,39931,-10885,1579,3749446,3211078,426170,112198
"2021-08-12","National",24709,36637,-13394,1466,3774155,3247715,412776,113664
"2021-08-13","National",30788,42003,-12647,1432,3804943,3289718,400129,115096
"2021-08-14","National",28598,31880,-4552,1270,3833541,3321598,395577,116366
"2021-08-15","National",20813,30361,-10770,1222,3854354,3351959,384807,117588
"2021-08-16","National",17384,29925,-13786,1245,3871738,3381884,371021,118833
"2021-08-17","National",20741,32225,-12664,1180,3892479,3414109,358357,120013
"2021-08-18","National",15768,29794,-15154,1128,3908247,3443903,343203,121141
"2021-08-19","National",22053,29012,-8451,1492,3930300,3472915,334752,122633
"2021-08-20","National",20004,26122,-7466,1348,3950304,3499037,327286,123981
"2021-08-21","National",16744,23011,-7628,1361,3967048,3522048,319658,125342
"2021-08-22","National",12408,24276,-12898,1030,3979456,3546324,306760,126372
"2021-08-23","National",9604,24758,-15996,842,3989060,3571082,290764,127214
"2021-08-24","National",19106,35082,-17014,1038,4008166,3606164,273750,128252
"2021-08-25","National",18671,33703,-16073,1041,4026837,3639867,257677,129293
"2021-08-26","National",16899,30099,-14089,889,4043736,3669966,243588,130182
"2021-08-27","National",12618,19290,-7271,599,4056354,3689256,236317,130781
"2021-08-28","National",10050,18594,-9135,591,4066404,3707850,227182,131372
"2021-08-29","National",7427,16468,-9592,551,4073831,3724318,217590,131923
"2021-08-30","National",5436,19398,-14530,568,4079267,3743716,203060,132491
"2021-08-31","National",10534,16781,-6779,532,4089801,3760497,196281,133023
"2021-09-01","National",10337,16394,-6710,653,4100138,3776891,189571,133676
"2021-09-02","National",8955,21208,-12933,680,4109093,3798099,176638,134356
"2021-09-03","National",7797,15544,-8321,574,4116890,3813643,168317,134930
"2021-09-04","National",6727,13806,-7618,539,4123617,3827449,160699,135469
"2021-09-05","National",5403,10191,-5180,392,4129020,3837640,155519,135861
"2021-09-06","National",4413,13049,-9248,612,4133433,3850689,146271,136473
"2021-09-07","National",7201,14159,-7641,683,4140634,3864848,138630,137156
"2021-09-08","National",6731,11912,-5807,626,4147365,3876760,132823,137782
"2021-09-09","National",5990,10650,-4994,334,4153355,3887410,127829,138116
"2021-09-10","National",5376,14356,-9295,315,4158731,3901766,118534,138431
"2021-09-11","National",5001,7586,-2855,270,4163732,3909352,115679,138701
"2021-09-12","National",3779,9401,-5810,188,4167511,3918753,109869,138889
"2021-09-13","National",2577,12474,-10173,276,4170088,3931227,99696,139165
"2021-09-14","National",4128,11246,-7368,250,4174216,3942473,92328,139415
"2021-09-15","National",3948,11046,-7365,267,4178164,3953519,84963,139682
"2021-09-16","National",3145,14633,-11725,237,4181309,3968152,73238,139919
"2021-09-17","National",3835,7912,-4296,219,4185144,3976064,68942,140138
"2021-09-18","National",3385,7076,-3876,185,4188529,3983140,65066,140323
"2021-09-19","National",2234,6186,-4097,145,4190763,3989326,60969,140468
"2021-09-20","National",1932,6799,-5033,166,4192695,3996125,55936,140634
"2021-09-21","National",3263,6581,-3489,171,4195958,4002706,52447,140805
"2021-09-22","National",2720,5356,-2785,149,4198678,4008062,49662,140954
"2021-09-23","National",2881,4386,-1665,160,4201559,4012448,47997,141114
"2021-09-24","National",2557,4607,-2194,144,4204116,4017055,45803,141258
"2021-09-25","National",2137,3746,-1732,123,4206253,4020801,44071,141381
"2021-09-26","National",1760,2976,-1302,86,4208013,4023777,42769,141467
"2021-09-27","National",1390,3771,-2499,118,4209403,4027548,40270,141585
"2021-09-28","National",2057,3551,-1618,124,4211460,4031099,38652,141709
"2021-09-29","National",1954,3077,-1240,117,4213414,4034176,37412,141826
"2021-09-30","National",1690,2848,-1271,113,4215104,4037024,36141,141939
"2021-10-01","National",1624,2811,-1274,87,4216728,4039835,34867,142026
"2021-10-02","National",1414,2380,-1055,89,4218142,4042215,33812,142115
"2021-10-03","National",1142,2020,-936,58,4219284,4044235,32876,142173
"2021-10-04","National",922,2656,-1822,88,4220206,4046891,31054,142261
"2021-10-05","National",1404,2558,-1231,77,4221610,4049449,29823,142338
"2021-10-06","National",1484,2851,-1442,75,4223094,4052300,28381,142413
"2021-10-07","National",1393,1946,-634,81,4224487,4054246,27747,142494
"2021-10-08","National",1384,3514,-2196,66,4225871,4057760,25551,142560
"2021-10-09","National",1167,1507,-392,52,4227038,4059267,25159,142612
"2021-10-10","National",894,1584,-729,39,4227932,4060851,24430,142651
"2021-10-11","National",620,2444,-1889,65,4228552,4063295,22541,142716
"2021-10-12","National",1261,2130,-916,47,4229813,4065425,21625,142763
"2021-10-13","National",1233,2259,-1074,48,4231046,4067684,20551,142811
"2021-10-14","National",1053,1715,-699,37,4232099,4069399,19852,142848
"2021-10-15","National",915,1408,-534,41,4233014,4070807,19318,142889
"2021-10-16","National",997,1525,-572,44,4234011,4072332,18746,142933
"2021-10-17","National",747,1086,-358,19,4234758,4073418,18388,142952
"2021-10-18","National",626,1593,-1014,47,4235384,4075011,17374,142999
"2021-10-19","National",903,1530,-677,50,4236287,4076541,16697,143049
"2021-10-20","National",914,1207,-321,28,4237201,4077748,16376,143077
"2021-10-21","National",633,1372,-782,43,4237834,4079120,15594,143120
"2021-10-22","National",760,1231,-504,33,4238594,4080351,15090,143153
"2021-10-23","National",802,1066,-287,23,4239396,4081417,14803,143176
"2021-10-24","National",623,1037,-443,29,4240019,4082454,14360,143205
"2021-10-25","National",460,1236,-806,30,4240479,4083690,13554,143235
"2021-10-26","National",611,1141,-565,35,4241090,4084831,12989,143270
"2021-10-27","National",719,944,-254,29,4241809,4085775,12735,143299
"2021-10-28","National",723,984,-295,34,4242532,4086759,12440,143333
"2021-10-29","National",683,681,-26,28,4243215,4087440,12414,143361
"2021-10-30","National",620,698,-105,27,4243835,4088138,12309,143388
"2021-10-31","National",523,497,9,17,4244358,4088635,12318,143405
"2021-11-01","National",403,784,-399,18,4244761,4089419,11919,143423
"2021-11-02","National",612,868,-290,34,4245373,4090287,11629,143457
"2021-11-03","National",801,814,-37,24,4246174,4091101,11592,143481
"2021-11-04","National",628,837,-228,19,4246802,4091938,11364,143500
"2021-11-05","National",518,648,-149,19,4247320,4092586,11215,143519
"2021-11-06","National",401,622,-236,15,4247721,4093208,10979,143534
"2021-11-07","National",444,587,-154,11,4248165,4093795,10825,143545
"2021-11-08","National",244,1283,-1051,12,4248409,4095078,9774,143557
"2021-11-09","National",434,585,-172,21,4248843,4095663,9602,143578
"2021-11-10","National",480,531,-65,14,4249323,4096194,9537,143592
"2021-11-11","National",435,470,-51,16,4249758,4096664,9486,143608
"2021-11-12","National",399,560,-181,20,4250157,4097224,9305,143628
"2021-11-13","National",359,451,-108,16,4250516,4097675,9197,143644
"2021-11-14","National",339,503,-179,15,4250855,4098178,9018,143659
"2021-11-15","National",221,706,-496,11,4251076,4098884,8522,143670
"2021-11-16","National",347,515,-183,15,4251423,4099399,8339,143685
"2021-11-17","National",522,458,51,13,4251945,4099857,8390,143698
"2021-11-18","National",400,464,-75,11,4252345,4100321,8315,143709
"2021-11-19","National",360,516,-161,5,4252705,4100837,8154,143714
"2021-11-20","National",393,379,0,14,4253098,4101216,8154,143728
"2021-11-21","National",314,331,-28,11,4253412,4101547,8126,143739
"2021-11-22","National",186,342,-161,5,4253598,4101889,7965,143744
"2021-11-23","National",394,434,-49,9,4253992,4102323,7916,143753
"2021-11-24","National",451,377,61,13,4254443,4102700,7977,143766
"2021-11-25","National",372,293,63,16,4254815,4102993,8040,143782
"2021-11-26","National",453,386,53,14,4255268,4103379,8093,143796
"2021-11-27","National",404,260,133,11,4255672,4103639,8226,143807
"2021-11-28","National",264,275,-12,1,4255936,4103914,8214,143808
"2021-11-29","National",176,419,-254,11,4256112,4104333,7960,143819
"2021-11-30","National",297,324,-38,11,4256409,4104657,7922,143830
"2021-12-01","National",278,307,-39,10,4256687,4104964,7883,143840
"2021-12-02","National",311,388,-87,10,4256998,4105352,7796,143850
"2021-12-03","National",245,328,-91,8,4257243,4105680,7705,143858
"2021-12-04","National",246,314,-73,5,4257489,4105994,7632,143863
"2021-12-05","National",196,298,-106,4,4257685,4106292,7526,143867
"2021-12-06","National",130,2005,-1884,9,4257815,4108297,5642,143876
"2021-12-07","National",261,420,-176,17,4258076,4108717,5466,143893
"2021-12-08","National",264,351,-103,16,4258340,4109068,5363,143909
"2021-12-09","National",220,296,-85,9,4258560,4109364,5278,143918
"2021-12-10","National",192,311,-124,5,4258752,4109675,5154,143923
"2021-12-11","National",228,190,32,6,4258980,4109865,5186,143929
"2021-12-12","National",163,184,-28,7,4259143,4110049,5158,143936
"2021-12-13","National",106,278,-184,12,4259249,4110327,4974,143948
"2021-12-14","National",190,247,-69,12,4259439,4110574,4905,143960
"2021-12-15","National",205,237,-41,9,4259644,4110811,4864,143969
"2021-12-16","National",213,234,-31,10,4259857,4111045,4833,143979
"2021-12-17","National",291,205,79,7,4260148,4111250,4912,143986
"2021-12-18","National",232,214,6,12,4260380,4111464,4918,143998
"2021-12-19","National",164,155,5,4,4260544,4111619,4923,144002
"2021-12-20","National",133,216,-94,11,4260677,4111835,4829,144013
"2021-12-21","National",216,205,0,11,4260893,4112040,4829,144024
"2021-12-22","National",179,252,-83,10,4261072,4112292,4746,144034
"2021-12-23","National",136,232,-104,8,4261208,4112524,4642,144042
"2021-12-24","National",204,182,17,5,4261412,4112706,4659,144047
"2021-12-25","National",255,195,54,6,4261667,4112901,4713,144053
"2021-12-26","National",92,148,-58,2,4261759,4113049,4655,144055
"2021-12-27","National",120,271,-159,8,4261879,4113320,4496,144063
"2021-12-28","National",278,152,118,8,4262157,4113472,4614,144071
"2021-12-29","National",194,270,-86,10,4262351,4113742,4528,144081
"2021-12-30","National",189,399,-217,7,4262540,4114141,4311,144088
"2021-12-31","National",180,193,-19,6,4262720,4114334,4292,144094
"2022-01-01","National",274,165,107,2,4262994,4114499,4399,144096
"2022-01-02","National",174,190,-17,1,4263168,4114689,4382,144097
"2022-01-03","National",265,112,148,5,4263433,4114801,4530,144102
"2022-01-04","National",299,168,128,3,4263732,4114969,4658,144105
"2022-01-05","National",404,180,220,4,4264136,4115149,4878,144109
"2022-01-06","National",533,209,317,7,4264669,4115358,5195,144116
"2022-01-07","National",518,214,299,5,4265187,4115572,5494,144121
"2022-01-08","National",479,175,298,6,4265666,4115747,5792,144127
"2022-01-09","National",529,211,316,2,4266195,4115958,6108,144129
"2022-01-10","National",454,244,203,7,4266649,4116202,6311,144136
"2022-01-11","National",802,446,348,8,4267451,4116648,6659,144144
"2022-01-12","National",646,314,326,6,4268097,4116962,6985,144150
"2022-01-13","National",793,385,403,5,4268890,4117347,7388,144155
"2022-01-14","National",850,353,489,8,4269740,4117700,7877,144163
"2022-01-15","National",1054,464,586,4,4270794,4118164,8463,144167
"2022-01-16","National",855,710,142,3,4271649,4118874,8605,144170
"2022-01-17","National",772,598,170,4,4272421,4119472,8775,144174
"2022-01-18","National",1362,564,789,9,4273783,4120036,9564,144183
"2022-01-19","National",1745,504,1232,9,4275528,4120540,10796,144192
"2022-01-20","National",2116,577,1532,7,4277644,4121117,12328,144199
"2022-01-21","National",2604,811,1791,2,4280248,4121928,14119,144201
"2022-01-22","National",3205,627,2573,5,4283453,4122555,16692,144206
"2022-01-23","National",2925,712,2199,14,4286378,4123267,18891,144220
"2022-01-24","National",2927,944,1976,7,4289305,4124211,20867,144227
"2022-01-25","National",4878,869,3989,20,4294183,4125080,24856,144247
"2022-01-26","National",7010,2582,4421,7,4301193,4127662,29277,144254
"2022-01-27","National",8077,1643,6427,7,4309270,4129305,35704,144261
"2022-01-28","National",9905,2028,7870,7,4319175,4131333,43574,144268
"2022-01-29","National",11588,2590,8981,17,4330763,4133923,52555,144285
"2022-01-30","National",12422,3241,9163,18,4343185,4137164,61718,144303
"2022-01-31","National",10185,3290,6878,17,4353370,4140454,68596,144320
"2022-02-01","National",16021,3240,12753,28,4369391,4143694,81349,144348
"2022-02-02","National",17895,5110,12760,25,4387286,4148804,94109,144373
"2022-02-03","National",27197,5993,21166,38,4414483,4154797,115275,144411
"2022-02-04","National",32211,7190,24979,42,4446694,4161987,140254,144453
"2022-02-05","National",33729,10471,23214,44,4480423,4172458,163468,144497
"2022-02-06","National",36057,10569,25431,57,4516480,4183027,188899,144554
"2022-02-07","National",26121,8577,17462,82,4542601,4191604,206361,144636
"2022-02-08","National",37492,10708,26701,83,4580093,4202312,233062,144719
"2022-02-09","National",46843,14016,32762,65,4626936,4216328,265824,144784
"2022-02-10","National",40618,18182,22362,74,4667554,4234510,288186,144858
"2022-02-11","National",40489,15767,24622,100,4708043,4250277,312808,144958
"2022-02-12","National",55209,32570,22532,107,4763252,4282847,335340,145065
"2022-02-13","National",44526,26916,17499,111,4807778,4309763,352839,145176
"2022-02-14","National",36501,13338,23018,145,4844279,4323101,375857,145321
"2022-02-15","National",57049,26747,30168,134,4901328,4349848,406025,145455
"2022-02-16","National",64718,25386,39165,167,4966046,4375234,445190,145622
"2022-02-17","National",63956,39072,24678,206,5030002,4414306,469868,145828
"2022-02-18","National",59635,32904,26515,216,5089637,4447210,496383,146044
"2022-02-19","National",59384,34699,24527,158,5149021,4481909,520910,146202
"2022-02-20","National",48484,32873,15448,163,5197505,4514782,536358,146365
"2022-02-21","National",34418,39929,-5687,176,5231923,4554711,530671,146541
"2022-02-22","National",57491,38474,18760,257,5289414,4593185,549431,146798
"2022-02-23","National",61488,39170,22091,227,5350902,4632355,571522,147025
"2022-02-24","National",57426,42518,14591,317,5408328,4674873,586113,147342
"2022-02-25","National",49447,61361,-12158,244,5457775,4736234,573955,147586
"2022-02-26","National",46643,41805,4580,258,5504418,4778039,578535,147844
"2022-02-27","National",34976,39384,-4637,229,5539394,4817423,573898,148073
"2022-02-28","National",25054,43992,-19200,262,5564448,4861415,554698,148335
"2022-03-01","National",24728,39887,-15484,325,5589176,4901302,539214,148660
"2022-03-02","National",40920,42935,-2391,376,5630096,4944237,536823,149036
"2022-03-03","National",37259,42154,-5127,232,5667355,4986391,531696,149268
"2022-03-04","National",26347,40462,-14443,328,5693702,5026853,517253,149596
"2022-03-05","National",30156,46669,-16835,322,5723858,5073522,500418,149918
"2022-03-06","National",24867,49080,-24467,254,5748725,5122602,475951,150172
"2022-03-07","National",21380,48800,-27678,258,5770105,5171402,448273,150430
"2022-03-08","National",30148,55128,-25381,401,5800253,5226530,422892,150831
"2022-03-09","National",26336,31705,-5673,304,5826589,5258235,417219,151135
"2022-03-10","National",21311,38399,-17366,278,5847900,5296634,399853,151413
"2022-03-11","National",16110,39212,-23392,290,5864010,5335846,376461,151703
"2022-03-12","National",14900,33733,-19081,248,5878910,5369579,357380,151951
"2022-03-13","National",11585,25854,-14484,215,5890495,5395433,342896,152166
"2022-03-14","National",9629,39296,-29938,271,5900124,5434729,312958,152437
"2022-03-15","National",14408,27615,-13515,308,5914532,5462344,299443,152745
"2022-03-16","National",13018,32262,-19474,230,5927550,5494606,279969,152975
"2022-03-17","National",11532,28787,-17492,237,5939082,5523393,262477,153212
"2022-03-18","National",9528,25827,-16498,199,5948610,5549220,245979,153411
"2022-03-19","National",7951,24008,-16245,188,5956561,5573228,229734,153599
"2022-03-20","National",5922,15829,-10046,139,5962483,5589057,219688,153738
"2022-03-21","National",4699,20888,-16343,154,5967182,5609945,203345,153892
"2022-03-22","National",7464,29084,-21790,170,5974646,5639029,181555,154062
"2022-03-23","National",6376,19209,-12992,159,5981022,5658238,168563,154221
"2022-03-24","National",5808,18272,-12586,122,5986830,5676510,155977,154343
"2022-03-25","National",4857,14710,-9973,120,5991687,5691220,146004,154463
"2022-03-26","National",4189,10943,-6861,107,5995876,5702163,139143,154570
"2022-03-27","National",3077,12499,-9522,100,5998953,5714662,129621,154670
"2022-03-28","National",2798,10301,-7607,104,6001751,5724963,122014,154774
"2022-03-29","National",3895,10092,-6305,108,6005646,5735055,115709,154882
