"Date","jumlah_spesimen_pcr_tcm","jumlah_spesimen_antigen","jumlah_spesimen_total","jumlah_spesimen_avg7d","jumlah_orang_antigen","jumlah_orang_pcr_tcm","jumlah_orang_total","jumlah_orang_avg7d","jumlah_spesimen_pcr_tcm_kum","jumlah_spesimen_antigen_kum","jumlah_spesimen_total_kum","jumlah_orang_pcr_tcm_kum","jumlah_orang_antigen_kum","jumlah_orang_total_kum","jumlah_vaksinasi_1","jumlah_vaksinasi_1_avg7d","jumlah_vaksinasi_2","jumlah_vaksinasi_2_avg7d","jumlah_jumlah_vaksinasi_1_kum","jumlah_jumlah_vaksinasi_2_kum"
"2021-03-15",11438902,204952,11643854,0,192024,7589169,7781193,0,11438902,204952,11643854,7589169,192024,7781193,4166862,0,1572786,0,4166862,1572786
"2021-03-16",53586,22040,75626,0,20557,26507,47064,0,11492488,226992,11719480,7615676,212581,7828257,302089,0,143963,0,4468951,1716749
"2021-03-17",54353,21627,75980,0,31339,27413,58752,0,11546841,248619,11795460,7643089,243920,7887009,236297,0,159391,0,4705248,1876140
"2021-03-18",54815,20922,75737,0,8637,27306,35943,0,11601656,269541,11871197,7670395,252557,7922952,133504,0,72391,0,4838752,1948531
"2021-03-19",0,0,0,0,0,0,0,0,11601656,269541,11871197,7670395,252557,7922952,120311,0,119869,0,4959063,2068400
"2021-03-20",0,0,0,0,0,0,0,0,11601656,269541,11871197,7670395,252557,7922952,165885,0,152800,0,5124948,2221200
"2021-03-21",30215,11140,41355,0,10408,15896,26304,0,11631871,280681,11912552,7686291,262965,7949256,408431,0,80778,0,5533379,2301978
"2021-03-22",34113,9642,43755,0,8892,28690,37582,0,11665984,290323,11956307,7714981,271857,7986838,33901,0,10623,0,5567280,2312601
"2021-03-23",52146,25256,77402,0,23267,26858,50125,0,11718130,315579,12033709,7741839,295124,8036963,164930,0,181821,0,5732210,2494422
"2021-03-24",49919,22359,72278,0,20544,29244,49788,0,11768049,337938,12105987,7771083,315668,8086751,246041,0,215123,0,5978251,2709545
"2021-03-25",55783,25308,81091,0,23386,29776,53162,0,11823832,363246,12187078,7800859,339054,8139913,411586,0,231471,0,6389837,2941016
"2021-03-26",49643,21916,71559,0,19952,31667,51619,0,11873475,385162,12258637,7832526,359006,8191532,579364,0,207595,0,6969201,3148611
"2021-03-27",45708,21840,67548,0,20224,25657,45881,0,11919183,407002,12326185,7858183,379230,8237413,209813,0,85199,0,7179014,3233810
"2021-03-28",30289,12396,42685,0,11402,19236,30638,0,11949472,419398,12368870,7877419,390632,8268051,64188,0,12645,0,7243202,3246455
"2021-03-29",29334,17599,46933,0,15986,23056,39042,0,11978806,436997,12415803,7900475,406618,8307093,151219,0,67039,0,7394421,3313494
"2021-03-30",0,0,0,0,0,0,0,0,11978806,436997,12415803,7900475,406618,8307093,335161,0,186770,0,7729582,3500264
"2021-03-31",0,0,0,0,0,0,0,0,11978806,436997,12415803,7900475,406618,8307093,366135,0,209333,0,8095717,3709597
"2021-04-01",47905,24889,72794,0,22237,32529,54766,0,12026711,461886,12488597,7933004,428855,8361859,253758,0,141194,0,8349475,3850791
"2021-04-02",35633,16862,52495,0,15036,26370,41406,0,12062344,478748,12541092,7959374,443891,8403265,69114,0,16775,0,8418589,3867566
"2021-04-03",28807,15259,44066,0,13839,22206,36045,0,12091151,494007,12585158,7981580,457730,8439310,114833,0,84303,0,8533422,3951869
"2021-04-04",21231,15259,36490,0,13451,20430,33881,0,12112382,509266,12621648,8002010,471181,8473191,95760,0,62532,0,8629182,4014401
"2021-04-05",0,0,0,0,0,0,0,0,12112382,509266,12621648,8002010,471181,8473191,208899,0,193925,0,8838081,4208326
"2021-04-06",49408,28634,78042,0,25395,24364,49759,0,12161790,537900,12699690,8026374,496576,8522950,137285,0,170025,0,8975366,4378351
"2021-04-07",51040,26456,77496,0,23580,29877,53457,0,12212830,564356,12777186,8056251,520156,8576407,212391,0,169229,0,9187757,4547580
"2021-04-08",46789,26627,73416,0,23514,30739,54253,0,12259619,590983,12850602,8086990,543670,8630660,122052,0,117611,0,9309809,4665191
"2021-04-09",47128,25584,72712,0,22564,25616,48180,0,12306747,616567,12923314,8112606,566234,8678840,474469,0,278040,0,9784278,4943231
"2021-04-10",40539,23552,64091,0,20810,22897,43707,0,12347286,640119,12987405,8135503,587044,8722547,171155,0,107293,0,9955433,5050524
"2021-04-11",0,0,0,0,0,0,0,0,12347286,640119,12987405,8135503,587044,8722547,90142,0,49466,0,10045575,5099990
"2021-04-12",28327,18004,46331,0,15790,18644,34434,0,12375613,658123,13033736,8154147,602834,8756981,216216,0,210749,0,10261791,5310739
"2021-04-13",47584,29938,77522,0,25010,25631,50641,0,12423197,688061,13111258,8179778,627844,8807622,112172,0,121258,0,10373963,5431997
"2021-04-14",46491,27667,74158,0,23654,20632,44286,0,12469688,715728,13185416,8200410,651498,8851908,103543,0,136860,0,10477506,5568857
"2021-04-15",49727,24856,74583,0,21078,27650,48728,0,12519415,740584,13259999,8228060,672576,8900636,118867,0,144547,0,10596373,5713404
"2021-04-16",46636,26770,73406,0,23076,27022,50098,0,12566051,767354,13333405,8255082,695652,8950734,109811,0,106542,0,10706184,5819946
"2021-04-17",41273,23565,64838,0,20374,24581,44955,0,12607324,790919,13398243,8279663,716026,8995689,95060,0,69770,0,10801244,5889716
"2021-04-18",25512,13107,38619,0,11327,19953,31280,0,12632836,804026,13436862,8299616,727353,9026969,27175,0,21205,0,10828419,5910921
"2021-04-19",35052,19676,54728,0,16845,20422,37267,0,12667888,823702,13491590,8320038,744198,9064236,138515,0,139811,0,10966934,6050732
"2021-04-20",40470,28737,69207,0,24488,23619,48107,0,12708358,852439,13560797,8343657,768686,9112343,134357,0,81155,0,11101291,6131887
"2021-04-21",45591,26970,72561,0,22860,24188,47048,0,12753949,879409,13633358,8367845,791546,9159391,167922,0,190116,0,11269213,6322003
"2021-04-22",46879,31714,78593,0,26544,29137,55681,0,12800828,911123,13711951,8396982,818090,9215072,163498,0,166194,0,11432711,6488197
"2021-04-23",44717,18906,63623,0,16007,25552,41559,0,12845545,930029,13775574,8422534,834097,9256631,155168,0,188951,0,11587879,6677148
"2021-04-24",41484,26267,67751,0,22271,19992,42263,0,12887029,956296,13843325,8442526,856368,9298894,111706,0,107446,0,11699585,6784594
"2021-04-25",27046,15673,42719,0,13427,19098,32525,0,12914075,971969,13886044,8461624,869795,9331419,34338,0,37710,0,11733923,6822304
"2021-04-26",0,0,0,0,0,0,0,0,12914075,971969,13886044,8461624,869795,9331419,110656,0,176000,0,11844579,6998304
"2021-04-27",0,0,0,0,0,0,0,0,12914075,971969,13886044,8461624,869795,9331419,136455,0,180464,0,11981034,7178768
"2021-04-28",45360,27923,73283,0,23122,17935,41057,0,12959435,999892,13959327,8479559,892917,9372476,131854,0,195690,0,12112888,7374458
"2021-04-29",47043,28777,75820,0,24236,31247,55483,0,13006478,1028669,14035147,8510806,917153,9427959,167877,0,191913,0,12280765,7566371
"2021-04-30",48373,28853,77226,0,24479,27185,51664,0,13054851,1057522,14112373,8537991,941632,9479623,105121,0,63488,0,12385886,7629859
"2021-05-01",43594,19623,63217,0,16685,25037,41722,0,13098445,1077145,14175590,8563028,958317,9521345,57377,0,37724,0,12443263,7667583
"2021-05-02",27283,12675,39958,0,10987,21402,32389,0,13125728,1089820,14215548,8584430,969304,9553734,13901,0,10902,0,12457164,7678485
"2021-05-03",28611,19588,48199,0,16526,19187,35713,0,13154339,1109408,14263747,8603617,985830,9589447,88208,0,148711,0,12545372,7827196
"2021-05-04",45888,29997,75885,0,24746,26790,51536,0,13200227,1139405,14339632,8630407,1010576,9640983,127492,0,153859,0,12672864,7981055
"2021-05-05",48729,30589,79318,0,25827,25349,51176,0,13248956,1169994,14418950,8655756,1036403,9692159,160022,0,170887,0,12832886,8151942
"2021-05-06",46540,29733,76273,0,24523,25599,50122,0,13295496,1199727,14495223,8681355,1060926,9742281,162824,0,166002,0,12995710,8317944
"2021-05-07",50207,25783,75990,0,21490,25145,46635,0,13345703,1225510,14571213,8706500,1082416,9788916,140976,0,138315,0,13136686,8456259
"2021-05-08",49036,25511,74547,0,21459,23246,44705,0,13394739,1251021,14645760,8729746,1103875,9833621,147736,0,127595,0,13284422,8583854
"2021-05-09",32981,15920,48901,0,13263,16986,30249,0,13427720,1266941,14694661,8746732,1117138,9863870,56535,0,50692,0,13340957,8634546
"2021-05-10",34046,15437,49483,0,13062,18901,31963,0,13461766,1282378,14744144,8765633,1130200,9895833,134130,0,120710,0,13475087,8755256
"2021-05-11",47560,27856,75416,0,23116,21974,45090,0,13509326,1310234,14819560,8787607,1153316,9940923,140226,0,115168,0,13615313,8870424
"2021-05-12",41184,22074,63258,0,18618,20022,38640,0,13550510,1332308,14882818,8807629,1171934,9979563,63010,0,37841,0,13678323,8908265
"2021-05-13",22395,9155,31550,0,7906,13807,21713,0,13572905,1341463,14914368,8821436,1179840,10001276,17230,0,11292,0,13695553,8919557
"2021-05-14",12141,6399,18540,0,5545,10400,15945,0,13585046,1347862,14932908,8831836,1185385,10017221,3840,0,1874,0,13699393,8921431
"2021-05-15",16517,13070,29587,0,11273,11246,22519,0,13601563,1360932,14962495,8843082,1196658,10039740,22234,0,32869,0,13721627,8954300
"2021-05-16",22097,15376,37473,0,13054,14586,27640,0,13623660,1376308,14999968,8857668,1209712,10067380,15969,0,16415,0,13737596,8970715
"2021-05-17",24905,20748,45653,0,17395,19593,36988,0,13648565,1397056,15045621,8877261,1227107,10104368,65459,0,96267,0,13803055,9066982
"2021-05-18",0,0,0,0,0,0,0,0,13648565,1397056,15045621,8877261,1227107,10104368,148920,0,180618,0,13951975,9247600
"2021-05-19",0,0,0,0,0,0,0,0,13648565,1397056,15045621,8877261,1227107,10104368,147779,0,119035,0,14099754,9366635
"2021-05-20",55641,39794,95435,0,33461,22280,55741,0,13704206,1436850,15141056,8899541,1260568,10160109,269479,0,169467,0,14369233,9536102
"2021-05-21",0,0,0,0,0,0,0,0,13704206,1436850,15141056,8899541,1260568,10160109,237098,0,175144,0,14606331,9711246
"2021-05-22",0,0,0,0,0,0,0,0,13704206,1436850,15141056,8899541,1260568,10160109,209335,0,114253,0,14815666,9825499
"2021-05-23",37476,35482,72958,0,29584,24095,53679,0,13741682,1472332,15214014,8923636,1290152,10213788,75267,0,46165,0,14890933,9871664
"2021-05-24",34132,31337,65469,0,25832,28574,54406,0,13775814,1503669,15279483,8952210,1315984,10268194,28656,0,25318,0,14919589,9896982
"2021-05-25",0,0,0,0,0,0,0,0,13775814,1503669,15279483,8952210,1315984,10268194,410717,0,228498,0,15330306,10125480
"2021-05-26",49814,32506,82320,0,27801,28517,56318,0,13825628,1536175,15361803,8980727,1343785,10324512,205692,0,99353,0,15535998,10224833
"2021-05-27",39585,41364,80949,0,35646,26740,62386,0,13865213,1577539,15442752,9007467,1379431,10386898,167585,0,135163,0,15703583,10359996
"2021-05-28",0,0,0,0,0,0,0,0,13865213,1577539,15442752,9007467,1379431,10386898,297364,0,126403,0,16000947,10486399
"2021-05-29",53554,52392,105946,0,45254,26580,71834,0,13918767,1629931,15548698,9034047,1424685,10458732,202882,0,68397,0,16203829,10554796
"2021-05-30",39960,31057,71017,0,26549,25583,52132,0,13958727,1660988,15619715,9059630,1451234,10510864,100871,0,29693,0,16304700,10584489
"2021-05-31",32857,35004,67861,0,29851,23640,53491,0,13991584,1695992,15687576,9083270,1481085,10564355,108972,0,47346,0,16413672,10631835
"2021-06-01",39592,36353,75945,0,30647,20953,51600,0,14031176,1732345,15763521,9104223,1511732,10615955,180909,0,82465,0,16594581,10714300
"2021-06-02",0,0,0,0,0,0,0,0,14031176,1732345,15763521,9104223,1511732,10615955,171682,0,138684,0,16766263,10852984
"2021-06-03",0,0,0,0,0,0,0,0,14031176,1732345,15763521,9104223,1511732,10615955,276587,0,131916,0,17042850,10984900
"2021-06-04",62325,45311,107636,0,37621,27586,65207,0,14093501,1777656,15871157,9131809,1549353,10681162,248654,0,70654,0,17291504,11055554
"2021-06-05",52509,36516,89025,0,30144,26628,56772,0,14146010,1814172,15960182,9158437,1579497,10737934,289960,0,65915,0,17581464,11121469
"2021-06-06",0,0,0,0,0,0,0,0,14146010,1814172,15960182,9158437,1579497,10737934,62139,0,5288,0,17643603,11126757
"2021-06-07",33092,30964,64056,0,25618,25877,51495,0,14179102,1845136,16024238,9184314,1605115,10789429,132315,0,70312,0,17775918,11197069
"2021-06-08",0,0,0,0,0,0,0,0,14179102,1845136,16024238,9184314,1605115,10789429,484564,0,158956,0,18260482,11356025
"2021-06-09",61413,46412,107825,0,38174,32359,70533,0,14240515,1891548,16132063,9216673,1643289,10859962,458287,0,80234,0,18718769,11436259
"2021-06-10",64100,46523,110623,0,38458,30579,69037,0,14304615,1938071,16242686,9247252,1681747,10928999,492664,0,52658,0,19211433,11488917
"2021-06-11",62520,53242,115762,0,44128,30016,74144,0,14367135,1991313,16358448,9277268,1725875,11003143,458535,0,36721,0,19669968,11525638
"2021-06-12",55455,42504,97959,0,35800,27364,63164,0,14422590,2033817,16456407,9304632,1761675,11066307,374219,0,33500,0,20044187,11559138
"2021-06-13",45425,25043,70468,0,20980,27370,48350,0,14468015,2058860,16526875,9332002,1782655,11114657,114750,0,9305,0,20158937,11568443
"2021-06-14",36603,32711,69314,0,27142,25571,52713,0,14504618,2091571,16596189,9357573,1809797,11167370,265111,0,47419,0,20424048,11615862
"2021-06-15",61064,47736,108800,0,39465,19688,59153,0,14565682,2139307,16704989,9377261,1849262,11226523,480675,0,83159,0,20904723,11699021
