"Date","jumlah_spesimen_pcr_tcm","jumlah_spesimen_antigen","jumlah_spesimen_total","jumlah_spesimen_avg7d","jumlah_orang_antigen","jumlah_orang_pcr_tcm","jumlah_orang_total","jumlah_orang_avg7d","jumlah_spesimen_pcr_tcm_kum","jumlah_spesimen_antigen_kum","jumlah_spesimen_total_kum","jumlah_orang_pcr_tcm_kum","jumlah_orang_antigen_kum","jumlah_orang_total_kum","jumlah_vaksinasi_1","jumlah_vaksinasi_1_avg7d","jumlah_vaksinasi_2","jumlah_vaksinasi_2_avg7d","jumlah_jumlah_vaksinasi_1_kum","jumlah_jumlah_vaksinasi_2_kum"
"2021-03-15",11438902,204952,11643854,0,192024,7589169,7781193,0,11438902,204952,11643854,7589169,192024,7781193,4166862,0,1572786,0,4166862,1572786
"2021-03-16",53586,22040,75626,0,20557,26507,47064,0,11492488,226992,11719480,7615676,212581,7828257,302089,0,143963,0,4468951,1716749
"2021-03-17",54353,21627,75980,0,31339,27413,58752,0,11546841,248619,11795460,7643089,243920,7887009,236297,0,159391,0,4705248,1876140
"2021-03-18",0,0,0,0,0,0,0,0,11546841,248619,11795460,7643089,243920,7887009,133504,0,72391,0,4838752,1948531
"2021-03-19",53760,19700,73460,0,18500,27463,45963,0,11600601,268319,11868920,7670552,262420,7932972,0,0,0,0,4838752,1948531
"2021-03-20",50547,19153,69700,0,17991,25816,43807,0,11651148,287472,11938620,7696368,280411,7976779,165885,0,152800,0,5004637,2101331
"2021-03-21",0,0,0,0,0,0,0,0,11651148,287472,11938620,7696368,280411,7976779,408431,0,80778,0,5413068,2182109
"2021-03-22",34113,9642,43755,0,8892,28690,37582,0,11685261,297114,11982375,7725058,289303,8014361,33901,0,10623,0,5446969,2192732
"2021-03-23",52146,25256,77402,0,23267,26858,50125,0,11737407,322370,12059777,7751916,312570,8064486,164930,0,181821,0,5611899,2374553
"2021-03-24",0,0,0,0,0,0,0,0,11737407,322370,12059777,7751916,312570,8064486,246041,0,215123,0,5857940,2589676
"2021-03-25",55783,25308,81091,0,23386,29776,53162,0,11793190,347678,12140868,7781692,335956,8117648,411586,0,231471,0,6269526,2821147
"2021-03-26",49643,21916,71559,0,19952,31667,51619,0,11842833,369594,12212427,7813359,355908,8169267,579364,0,207595,0,6848890,3028742
"2021-03-27",45708,21840,67548,0,20224,25657,45881,0,11888541,391434,12279975,7839016,376132,8215148,209813,0,85199,0,7058703,3113941
"2021-03-28",30289,12396,42685,0,11402,19236,30638,0,11918830,403830,12322660,7858252,387534,8245786,64188,0,12645,0,7122891,3126586
"2021-03-29",29334,17599,46933,0,15986,23056,39042,0,11948164,421429,12369593,7881308,403520,8284828,151219,0,67039,0,7274110,3193625
"2021-03-30",50271,26633,76904,0,23956,24331,48287,0,11998435,448062,12446497,7905639,427476,8333115,335161,0,186770,0,7609271,3380395
"2021-03-31",48128,23312,71440,0,20752,24962,45714,0,12046563,471374,12517937,7930601,448228,8378829,366135,0,209333,0,7975406,3589728
"2021-04-01",0,0,0,0,0,0,0,0,12046563,471374,12517937,7930601,448228,8378829,253758,0,141194,0,8229164,3730922
"2021-04-02",35633,16862,52495,0,15036,26370,41406,0,12082196,488236,12570432,7956971,463264,8420235,0,0,0,0,8229164,3730922
"2021-04-03",28807,15259,44066,0,13839,22206,36045,0,12111003,503495,12614498,7979177,477103,8456280,114833,0,84303,0,8343997,3815225
"2021-04-04",21231,15259,36490,0,13451,20430,33881,0,12132234,518754,12650988,7999607,490554,8490161,95760,0,62532,0,8439757,3877757
"2021-04-05",27719,17238,44957,0,15384,22963,38347,0,12159953,535992,12695945,8022570,505938,8528508,208899,0,193925,0,8648656,4071682
"2021-04-06",49408,28634,78042,0,25395,24364,49759,0,12209361,564626,12773987,8046934,531333,8578267,137285,0,170025,0,8785941,4241707
"2021-04-07",51040,26456,77496,0,23580,29877,53457,0,12260401,591082,12851483,8076811,554913,8631724,212391,0,169229,0,8998332,4410936
"2021-04-08",46789,26627,73416,0,23514,30739,54253,0,12307190,617709,12924899,8107550,578427,8685977,122052,0,117611,0,9120384,4528547
"2021-04-09",0,0,0,0,0,0,0,0,12307190,617709,12924899,8107550,578427,8685977,474469,0,278040,0,9594853,4806587
"2021-04-10",0,0,0,0,0,0,0,0,12307190,617709,12924899,8107550,578427,8685977,0,0,0,0,9594853,4806587
"2021-04-11",27733,14373,42106,0,12773,18145,30918,0,12334923,632082,12967005,8125695,591200,8716895,90142,0,49466,0,9684995,4856053
"2021-04-12",28327,18004,46331,0,15790,18644,34434,0,12363250,650086,13013336,8144339,606990,8751329,216216,0,210749,0,9901211,5066802
"2021-04-13",47584,29938,77522,0,25010,25631,50641,0,12410834,680024,13090858,8169970,632000,8801970,0,0,0,0,9901211,5066802
"2021-04-14",46491,27667,74158,0,23654,20632,44286,0,12457325,707691,13165016,8190602,655654,8846256,103543,0,136860,0,10004754,5203662
"2021-04-15",49727,24856,74583,0,21078,27650,48728,0,12507052,732547,13239599,8218252,676732,8894984,118867,0,144547,0,10123621,5348209
"2021-04-16",46636,26770,73406,0,23076,27022,50098,0,12553688,759317,13313005,8245274,699808,8945082,109811,0,106542,0,10233432,5454751
"2021-04-17",41273,23565,64838,0,20374,24581,44955,0,12594961,782882,13377843,8269855,720182,8990037,95060,0,69770,0,10328492,5524521
"2021-04-18",0,0,0,0,0,0,0,0,12594961,782882,13377843,8269855,720182,8990037,27175,0,21205,0,10355667,5545726
"2021-04-19",35052,19676,54728,0,16845,20422,37267,0,12630013,802558,13432571,8290277,737027,9027304,0,0,0,0,10355667,5545726
"2021-04-20",40470,28737,69207,0,24488,23619,48107,0,12670483,831295,13501778,8313896,761515,9075411,134357,0,81155,0,10490024,5626881
"2021-04-21",45591,26970,72561,0,22860,24188,47048,0,12716074,858265,13574339,8338084,784375,9122459,167922,0,190116,0,10657946,5816997
"2021-04-22",46879,31714,78593,0,26544,29137,55681,0,12762953,889979,13652932,8367221,810919,9178140,163498,0,166194,0,10821444,5983191
"2021-04-23",44717,18906,63623,0,16007,25552,41559,0,12807670,908885,13716555,8392773,826926,9219699,155168,0,188951,0,10976612,6172142
"2021-04-24",0,0,0,0,0,0,0,0,12807670,908885,13716555,8392773,826926,9219699,111706,0,107446,0,11088318,6279588
"2021-04-25",27046,15673,42719,0,13427,19098,32525,0,12834716,924558,13759274,8411871,840353,9252224,34338,0,37710,0,11122656,6317298
"2021-04-26",30464,21414,51878,0,18282,18585,36867,0,12865180,945972,13811152,8430456,858635,9289091,110656,0,176000,0,11233312,6493298
"2021-04-27",44443,32178,76621,0,27150,24745,51895,0,12909623,978150,13887773,8455201,885785,9340986,136455,0,180464,0,11369767,6673762
"2021-04-28",45360,27923,73283,0,23122,17935,41057,0,12954983,1006073,13961056,8473136,908907,9382043,131854,0,195690,0,11501621,6869452
"2021-04-29",47043,28777,75820,0,24236,31247,55483,0,13002026,1034850,14036876,8504383,933143,9437526,167877,0,191913,0,11669498,7061365
"2021-04-30",48373,28853,77226,0,24479,27185,51664,0,13050399,1063703,14114102,8531568,957622,9489190,0,0,0,0,11669498,7061365
"2021-05-01",43594,19623,63217,0,16685,25037,41722,0,13093993,1083326,14177319,8556605,974307,9530912,57377,0,37724,0,11726875,7099089
"2021-05-02",0,0,0,0,0,0,0,0,13093993,1083326,14177319,8556605,974307,9530912,13901,0,10902,0,11740776,7109991
"2021-05-03",28611,19588,48199,0,16526,19187,35713,0,13122604,1102914,14225518,8575792,990833,9566625,0,0,0,0,11740776,7109991
"2021-05-04",45888,29997,75885,0,24746,26790,51536,0,13168492,1132911,14301403,8602582,1015579,9618161,127492,0,153859,0,11868268,7263850
"2021-05-05",0,0,0,0,0,0,0,0,13168492,1132911,14301403,8602582,1015579,9618161,160022,0,170887,0,12028290,7434737
"2021-05-06",46540,29733,76273,0,24523,25599,50122,0,13215032,1162644,14377676,8628181,1040102,9668283,162824,0,166002,0,12191114,7600739
"2021-05-07",50207,25783,75990,0,21490,25145,46635,0,13265239,1188427,14453666,8653326,1061592,9714918,140976,0,138315,0,12332090,7739054
"2021-05-08",49036,25511,74547,0,21459,23246,44705,0,13314275,1213938,14528213,8676572,1083051,9759623,147736,0,127595,0,12479826,7866649
"2021-05-09",0,0,0,0,0,0,0,0,13314275,1213938,14528213,8676572,1083051,9759623,56535,0,50692,0,12536361,7917341
"2021-05-10",34046,15437,49483,0,13062,18901,31963,0,13348321,1229375,14577696,8695473,1096113,9791586,134130,0,120710,0,12670491,8038051
"2021-05-11",47560,27856,75416,0,23116,21974,45090,0,13395881,1257231,14653112,8717447,1119229,9836676,140226,0,115168,0,12810717,8153219
"2021-05-12",41184,22074,63258,0,18618,20022,38640,0,13437065,1279305,14716370,8737469,1137847,9875316,63010,0,37841,0,12873727,8191060
"2021-05-13",22395,9155,31550,0,7906,13807,21713,0,13459460,1288460,14747920,8751276,1145753,9897029,17230,0,11292,0,12890957,8202352
"2021-05-14",0,0,0,0,0,0,0,0,13459460,1288460,14747920,8751276,1145753,9897029,0,0,0,0,12890957,8202352
"2021-05-15",16517,13070,29587,0,11273,11246,22519,0,13475977,1301530,14777507,8762522,1157026,9919548,22234,0,32869,0,12913191,8235221
"2021-05-16",22097,15376,37473,0,13054,14586,27640,0,13498074,1316906,14814980,8777108,1170080,9947188,15969,0,16415,0,12929160,8251636
"2021-05-17",0,0,0,0,0,0,0,0,13498074,1316906,14814980,8777108,1170080,9947188,65459,0,96267,0,12994619,8347903
"2021-05-18",45416,34332,79748,0,28325,15179,43504,0,13543490,1351238,14894728,8792287,1198405,9990692,0,0,0,0,12994619,8347903
"2021-05-19",46744,38235,84979,0,31619,21539,53158,0,13590234,1389473,14979707,8813826,1230024,10043850,147779,0,119035,0,13142398,8466938
"2021-05-20",0,0,0,0,0,0,0,0,13590234,1389473,14979707,8813826,1230024,10043850,269479,0,169467,0,13411877,8636405
"2021-05-21",56598,35454,92052,0,30107,41668,71775,0,13646832,1424927,15071759,8855494,1260131,10115625,237098,0,175144,0,13648975,8811549
"2021-05-22",47721,34095,81816,0,19129,22636,41765,0,13694553,1459022,15153575,8878130,1279260,10157390,209335,0,114253,0,13858310,8925802
"2021-05-23",0,0,0,0,0,0,0,0,13694553,1459022,15153575,8878130,1279260,10157390,75267,0,46165,0,13933577,8971967
"2021-05-24",34132,31337,65469,0,25832,28574,54406,0,13728685,1490359,15219044,8906704,1305092,10211796,0,0,0,0,13933577,8971967
"2021-05-25",48738,35686,84424,0,30508,31353,61861,0,13777423,1526045,15303468,8938057,1335600,10273657,410717,0,228498,0,14344294,9200465
"2021-05-26",49814,32506,82320,0,27801,28517,56318,0,13827237,1558551,15385788,8966574,1363401,10329975,205692,0,99353,0,14549986,9299818
"2021-05-27",0,0,0,0,0,0,0,0,13827237,1558551,15385788,8966574,1363401,10329975,167585,0,135163,0,14717571,9434981
"2021-05-28",53372,57310,110682,0,49252,23840,73092,0,13880609,1615861,15496470,8990414,1412653,10403067,297364,0,126403,0,15014935,9561384
"2021-05-29",53554,52392,105946,0,45254,26580,71834,0,13934163,1668253,15602416,9016994,1457907,10474901,202882,0,68397,0,15217817,9629781
"2021-05-30",39960,31057,71017,0,26549,25583,52132,0,13974123,1699310,15673433,9042577,1484456,10527033,0,0,0,0,15217817,9629781
"2021-05-31",32857,35004,67861,0,29851,23640,53491,0,14006980,1734314,15741294,9066217,1514307,10580524,108972,0,47346,0,15326789,9677127
"2021-06-01",0,0,0,0,0,0,0,0,14006980,1734314,15741294,9066217,1514307,10580524,180909,0,82465,0,15507698,9759592
"2021-06-02",29718,35112,64830,0,29373,20358,49731,0,14036698,1769426,15806124,9086575,1543680,10630255,171682,0,138684,0,15679380,9898276
"2021-06-03",60088,45471,105559,0,37805,20562,58367,0,14096786,1814897,15911683,9107137,1581485,10688622,276587,0,131916,0,15955967,10030192
"2021-06-04",0,0,0,0,0,0,0,0,14096786,1814897,15911683,9107137,1581485,10688622,248654,0,70654,0,16204621,10100846
"2021-06-05",52509,36516,89025,0,30144,26628,56772,0,14149295,1851413,16000708,9133765,1611629,10745394,0,0,0,0,16204621,10100846
"2021-06-06",37536,26687,64223,0,22193,27047,49240,0,14186831,1878100,16064931,9160812,1633822,10794634,62139,0,5288,0,16266760,10106134
"2021-06-07",0,0,0,0,0,0,0,0,14186831,1878100,16064931,9160812,1633822,10794634,132315,0,70312,0,16399075,10176446
"2021-06-08",55606,46325,101931,0,38224,30960,69184,0,14242437,1924425,16166862,9191772,1672046,10863818,484564,0,158956,0,16883639,10335402
"2021-06-09",61413,46412,107825,0,38174,32359,70533,0,14303850,1970837,16274687,9224131,1710220,10934351,458287,0,80234,0,17341926,10415636
"2021-06-10",0,0,0,0,0,0,0,0,14303850,1970837,16274687,9224131,1710220,10934351,492664,0,52658,0,17834590,10468294
"2021-06-11",62520,53242,115762,0,44128,30016,74144,0,14366370,2024079,16390449,9254147,1754348,11008495,458535,0,36721,0,18293125,10505015
"2021-06-12",55455,42504,97959,0,35800,27364,63164,0,14421825,2066583,16488408,9281511,1790148,11071659,374219,0,33500,0,18667344,10538515
"2021-06-13",45425,25043,70468,0,20980,27370,48350,0,14467250,2091626,16558876,9308881,1811128,11120009,114750,0,9305,0,18782094,10547820
"2021-06-14",36603,32711,69314,0,27142,25571,52713,0,14503853,2124337,16628190,9334452,1838270,11172722,265111,0,47419,0,19047205,10595239
"2021-06-15",61064,47736,108800,0,39465,19688,59153,0,14564917,2172073,16736990,9354140,1877735,11231875,480675,0,83159,0,19527880,10678398
"2021-06-16",72595,20087,92682,0,15021,27051,42072,0,14637512,2192160,16829672,9381191,1892756,11273947,544051,0,116597,0,20071931,10794995
"2021-06-17",75965,54864,130829,0,46378,32944,79322,0,14713477,2247024,16960501,9414135,1939134,11353269,550482,0,147512,0,20622413,10942507
"2021-06-18",0,0,0,0,0,0,0,0,14713477,2247024,16960501,9414135,1939134,11353269,455911,0,132936,0,21078324,11075443
"2021-06-19",73136,49274,122410,0,41726,33879,75605,0,14786613,2296298,17082911,9448014,1980860,11428874,0,0,0,0,21078324,11075443
"2021-06-20",55720,33463,89183,0,28126,32103,60229,0,14842333,2329761,17172094,9480117,2008986,11489103,170030,0,26800,0,21248354,11102243
