"Date","jumlah_spesimen_pcr_tcm","jumlah_spesimen_antigen","jumlah_spesimen_total","jumlah_spesimen_avg7d","jumlah_orang_antigen","jumlah_orang_pcr_tcm","jumlah_orang_total","jumlah_orang_avg7d","jumlah_spesimen_pcr_tcm_kum","jumlah_spesimen_antigen_kum","jumlah_spesimen_total_kum","jumlah_orang_pcr_tcm_kum","jumlah_orang_antigen_kum","jumlah_orang_total_kum","jumlah_vaksinasi_1","jumlah_vaksinasi_1_avg7d","jumlah_vaksinasi_2","jumlah_vaksinasi_2_avg7d","jumlah_jumlah_vaksinasi_1_kum","jumlah_jumlah_vaksinasi_2_kum"
"2021-03-17",54353,21627,75980,0,31339,27413,58752,0,54353,21627,75980,27413,31339,58752,236297,0,159391,0,4705248,1876140
"2021-03-18",54815,20922,75737,0,8637,27306,35943,0,109168,42549,151717,54719,39976,94695,133504,0,72391,0,4838752,1948531
"2021-03-19",53760,19700,73460,0,18500,27463,45963,0,162928,62249,225177,82182,58476,140658,120311,0,119869,0,4959063,2068400
"2021-03-20",50547,19153,69700,0,17991,25816,43807,0,213475,81402,294877,107998,76467,184465,165885,0,152800,0,5124948,2221200
"2021-03-21",0,0,0,0,0,0,0,0,213475,81402,294877,107998,76467,184465,408431,0,80778,0,5533379,2301978
"2021-03-22",34113,9642,43755,0,8892,28690,37582,0,247588,91044,338632,136688,85359,222047,33901,0,10623,0,5567280,2312601
"2021-03-23",52146,25256,77402,0,23267,26858,50125,0,299734,116300,416034,163546,108626,272172,164930,0,181821,0,5732210,2494422
"2021-03-24",0,0,0,0,0,0,0,0,299734,116300,416034,163546,108626,272172,246041,0,215123,0,5978251,2709545
"2021-03-25",55783,25308,81091,0,23386,29776,53162,0,355517,141608,497125,193322,132012,325334,411586,0,231471,0,6389837,2941016
"2021-03-26",49643,21916,71559,0,19952,31667,51619,0,405160,163524,568684,224989,151964,376953,579364,0,207595,0,6969201,3148611
"2021-03-27",45708,21840,67548,0,20224,25657,45881,0,450868,185364,636232,250646,172188,422834,209813,0,85199,0,7179014,3233810
"2021-03-28",0,0,0,0,0,0,0,0,450868,185364,636232,250646,172188,422834,64188,0,12645,0,7243202,3246455
"2021-03-29",29334,17599,46933,0,15986,23056,39042,0,480202,202963,683165,273702,188174,461876,151219,0,67039,0,7394421,3313494
"2021-03-30",0,0,0,0,0,0,0,0,480202,202963,683165,273702,188174,461876,335161,0,186770,0,7729582,3500264
"2021-03-31",48128,23312,71440,0,20752,24962,45714,0,528330,226275,754605,298664,208926,507590,366135,0,209333,0,8095717,3709597
"2021-04-01",0,0,0,0,0,0,0,0,528330,226275,754605,298664,208926,507590,253758,0,141194,0,8349475,3850791
"2021-04-02",35633,16862,52495,0,15036,26370,41406,0,563963,243137,807100,325034,223962,548996,69114,0,16775,0,8418589,3867566
"2021-04-03",28807,15259,44066,0,13839,22206,36045,0,592770,258396,851166,347240,237801,585041,114833,0,84303,0,8533422,3951869
"2021-04-04",21231,15259,36490,0,13451,20430,33881,0,614001,273655,887656,367670,251252,618922,95760,0,62532,0,8629182,4014401
"2021-04-05",0,0,0,0,0,0,0,0,614001,273655,887656,367670,251252,618922,208899,0,193925,0,8838081,4208326
"2021-04-06",49408,28634,78042,0,25395,24364,49759,0,663409,302289,965698,392034,276647,668681,137285,0,170025,0,8975366,4378351
"2021-04-07",51040,26456,77496,0,23580,29877,53457,0,714449,328745,1043194,421911,300227,722138,212391,0,169229,0,9187757,4547580
"2021-04-08",0,0,0,0,0,0,0,0,714449,328745,1043194,421911,300227,722138,122052,0,117611,0,9309809,4665191
"2021-04-09",0,0,0,0,0,0,0,0,714449,328745,1043194,421911,300227,722138,474469,0,278040,0,9784278,4943231
"2021-04-10",40539,23552,64091,0,20810,22897,43707,0,754988,352297,1107285,444808,321037,765845,171155,0,107293,0,9955433,5050524
"2021-04-11",27733,14373,42106,0,12773,18145,30918,0,782721,366670,1149391,462953,333810,796763,90142,0,49466,0,10045575,5099990
"2021-04-12",28327,18004,46331,0,15790,18644,34434,0,811048,384674,1195722,481597,349600,831197,216216,0,210749,0,10261791,5310739
"2021-04-13",47584,29938,77522,0,25010,25631,50641,0,858632,414612,1273244,507228,374610,881838,112172,0,121258,0,10373963,5431997
"2021-04-14",0,0,0,0,0,0,0,0,858632,414612,1273244,507228,374610,881838,103543,0,136860,0,10477506,5568857
"2021-04-15",49727,24856,74583,0,21078,27650,48728,0,908359,439468,1347827,534878,395688,930566,118867,0,144547,0,10596373,5713404
"2021-04-16",0,0,0,0,0,0,0,0,908359,439468,1347827,534878,395688,930566,109811,0,106542,0,10706184,5819946
"2021-04-17",41273,23565,64838,0,20374,24581,44955,0,949632,463033,1412665,559459,416062,975521,95060,0,69770,0,10801244,5889716
"2021-04-18",25512,13107,38619,0,11327,19953,31280,0,975144,476140,1451284,579412,427389,1006801,27175,0,21205,0,10828419,5910921
"2021-04-19",0,0,0,0,0,0,0,0,975144,476140,1451284,579412,427389,1006801,138515,0,139811,0,10966934,6050732
"2021-04-20",40470,28737,69207,0,24488,23619,48107,0,1015614,504877,1520491,603031,451877,1054908,134357,0,81155,0,11101291,6131887
"2021-04-21",0,0,0,0,0,0,0,0,1015614,504877,1520491,603031,451877,1054908,167922,0,190116,0,11269213,6322003
"2021-04-22",46879,31714,78593,0,26544,29137,55681,0,1062493,536591,1599084,632168,478421,1110589,163498,0,166194,0,11432711,6488197
"2021-04-23",0,0,0,0,0,0,0,0,1062493,536591,1599084,632168,478421,1110589,155168,0,188951,0,11587879,6677148
"2021-04-24",0,0,0,0,0,0,0,0,1062493,536591,1599084,632168,478421,1110589,111706,0,107446,0,11699585,6784594
"2021-04-25",27046,15673,42719,0,13427,19098,32525,0,1089539,552264,1641803,651266,491848,1143114,34338,0,37710,0,11733923,6822304
"2021-04-26",30464,21414,51878,0,18282,18585,36867,0,1120003,573678,1693681,669851,510130,1179981,110656,0,176000,0,11844579,6998304
"2021-04-27",44443,32178,76621,0,27150,24745,51895,0,1164446,605856,1770302,694596,537280,1231876,136455,0,180464,0,11981034,7178768
"2021-04-28",0,0,0,0,0,0,0,0,1164446,605856,1770302,694596,537280,1231876,131854,0,195690,0,12112888,7374458
"2021-04-29",47043,28777,75820,0,24236,31247,55483,0,1211489,634633,1846122,725843,561516,1287359,167877,0,191913,0,12280765,7566371
"2021-04-30",48373,28853,77226,0,24479,27185,51664,0,1259862,663486,1923348,753028,585995,1339023,105121,0,63488,0,12385886,7629859
"2021-05-01",43594,19623,63217,0,16685,25037,41722,0,1303456,683109,1986565,778065,602680,1380745,57377,0,37724,0,12443263,7667583
"2021-05-02",0,0,0,0,0,0,0,0,1303456,683109,1986565,778065,602680,1380745,13901,0,10902,0,12457164,7678485
"2021-05-03",28611,19588,48199,0,16526,19187,35713,0,1332067,702697,2034764,797252,619206,1416458,88208,0,148711,0,12545372,7827196
"2021-05-04",45888,29997,75885,0,24746,26790,51536,0,1377955,732694,2110649,824042,643952,1467994,127492,0,153859,0,12672864,7981055
"2021-05-05",0,0,0,0,0,0,0,0,1377955,732694,2110649,824042,643952,1467994,160022,0,170887,0,12832886,8151942
"2021-05-06",46540,29733,76273,0,24523,25599,50122,0,1424495,762427,2186922,849641,668475,1518116,162824,0,166002,0,12995710,8317944
"2021-05-07",50207,25783,75990,0,21490,25145,46635,0,1474702,788210,2262912,874786,689965,1564751,140976,0,138315,0,13136686,8456259
"2021-05-08",0,0,0,0,0,0,0,0,1474702,788210,2262912,874786,689965,1564751,147736,0,127595,0,13284422,8583854
"2021-05-09",32981,15920,48901,0,13263,16986,30249,0,1507683,804130,2311813,891772,703228,1595000,56535,0,50692,0,13340957,8634546
"2021-05-10",34046,15437,49483,0,13062,18901,31963,0,1541729,819567,2361296,910673,716290,1626963,134130,0,120710,0,13475087,8755256
"2021-05-11",47560,27856,75416,0,23116,21974,45090,0,1589289,847423,2436712,932647,739406,1672053,140226,0,115168,0,13615313,8870424
"2021-05-12",41184,22074,63258,0,18618,20022,38640,0,1630473,869497,2499970,952669,758024,1710693,63010,0,37841,0,13678323,8908265
"2021-05-13",22395,9155,31550,0,7906,13807,21713,0,1652868,878652,2531520,966476,765930,1732406,17230,0,11292,0,13695553,8919557
"2021-05-14",0,0,0,0,0,0,0,0,1652868,878652,2531520,966476,765930,1732406,3840,0,1874,0,13699393,8921431
"2021-05-15",16517,13070,29587,0,11273,11246,22519,0,1669385,891722,2561107,977722,777203,1754925,22234,0,32869,0,13721627,8954300
"2021-05-16",0,0,0,0,0,0,0,0,1669385,891722,2561107,977722,777203,1754925,15969,0,16415,0,13737596,8970715
"2021-05-17",24905,20748,45653,0,17395,19593,36988,0,1694290,912470,2606760,997315,794598,1791913,65459,0,96267,0,13803055,9066982
"2021-05-18",45416,34332,79748,0,28325,15179,43504,0,1739706,946802,2686508,1012494,822923,1835417,148920,0,180618,0,13951975,9247600
"2021-05-19",46744,38235,84979,0,31619,21539,53158,0,1786450,985037,2771487,1034033,854542,1888575,147779,0,119035,0,14099754,9366635
"2021-05-20",55641,39794,95435,0,33461,22280,55741,0,1842091,1024831,2866922,1056313,888003,1944316,269479,0,169467,0,14369233,9536102
"2021-05-21",56598,35454,92052,0,30107,41668,71775,0,1898689,1060285,2958974,1097981,918110,2016091,237098,0,175144,0,14606331,9711246
"2021-05-22",0,0,0,0,0,0,0,0,1898689,1060285,2958974,1097981,918110,2016091,209335,0,114253,0,14815666,9825499
"2021-05-23",37476,35482,72958,0,29584,24095,53679,0,1936165,1095767,3031932,1122076,947694,2069770,75267,0,46165,0,14890933,9871664
"2021-05-24",34132,31337,65469,0,25832,28574,54406,0,1970297,1127104,3097401,1150650,973526,2124176,28656,0,25318,0,14919589,9896982
"2021-05-25",48738,35686,84424,0,30508,31353,61861,0,2019035,1162790,3181825,1182003,1004034,2186037,410717,0,228498,0,15330306,10125480
"2021-05-26",0,0,0,0,0,0,0,0,2019035,1162790,3181825,1182003,1004034,2186037,205692,0,99353,0,15535998,10224833
"2021-05-27",39585,41364,80949,0,35646,26740,62386,0,2058620,1204154,3262774,1208743,1039680,2248423,167585,0,135163,0,15703583,10359996
"2021-05-28",53372,57310,110682,0,49252,23840,73092,0,2111992,1261464,3373456,1232583,1088932,2321515,297364,0,126403,0,16000947,10486399
"2021-05-29",53554,52392,105946,0,45254,26580,71834,0,2165546,1313856,3479402,1259163,1134186,2393349,202882,0,68397,0,16203829,10554796
"2021-05-30",0,0,0,0,0,0,0,0,2165546,1313856,3479402,1259163,1134186,2393349,100871,0,29693,0,16304700,10584489
"2021-05-31",32857,35004,67861,0,29851,23640,53491,0,2198403,1348860,3547263,1282803,1164037,2446840,108972,0,47346,0,16413672,10631835
"2021-06-01",39592,36353,75945,0,30647,20953,51600,0,2237995,1385213,3623208,1303756,1194684,2498440,180909,0,82465,0,16594581,10714300
"2021-06-02",29718,35112,64830,0,29373,20358,49731,0,2267713,1420325,3688038,1324114,1224057,2548171,171682,0,138684,0,16766263,10852984
"2021-06-03",60088,45471,105559,0,37805,20562,58367,0,2327801,1465796,3793597,1344676,1261862,2606538,276587,0,131916,0,17042850,10984900
"2021-06-04",62325,45311,107636,0,37621,27586,65207,0,2390126,1511107,3901233,1372262,1299483,2671745,248654,0,70654,0,17291504,11055554
"2021-06-05",52509,36516,89025,0,30144,26628,56772,0,2442635,1547623,3990258,1398890,1329627,2728517,289960,0,65915,0,17581464,11121469
"2021-06-06",37536,26687,64223,0,22193,27047,49240,0,2480171,1574310,4054481,1425937,1351820,2777757,62139,0,5288,0,17643603,11126757
"2021-06-07",33092,30964,64056,0,25618,25877,51495,0,2513263,1605274,4118537,1451814,1377438,2829252,132315,0,70312,0,17775918,11197069
"2021-06-08",0,0,0,0,0,0,0,0,2513263,1605274,4118537,1451814,1377438,2829252,484564,0,158956,0,18260482,11356025
"2021-06-09",61413,46412,107825,0,38174,32359,70533,0,2574676,1651686,4226362,1484173,1415612,2899785,458287,0,80234,0,18718769,11436259
"2021-06-10",64100,46523,110623,0,38458,30538,68996,0,2638776,1698209,4336985,1514711,1454070,2968781,492664,0,52658,0,19211433,11488917
"2021-06-11",62520,53242,115762,0,44148,30037,74185,0,2701296,1751451,4452747,1544748,1498218,3042966,458535,0,36721,0,19669968,11525638
"2021-06-12",55455,42504,97959,0,35800,27364,63164,0,2756751,1793955,4550706,1572112,1534018,3106130,374219,0,33500,0,20044187,11559138
"2021-06-13",45425,25043,70468,0,20980,27370,48350,0,2802176,1818998,4621174,1599482,1554998,3154480,114750,0,9305,0,20158937,11568443
"2021-06-14",36603,32711,69314,0,27142,25571,52713,0,2838779,1851709,4690488,1625053,1582140,3207193,265111,0,47419,0,20424048,11615862
"2021-06-15",61064,47736,108800,0,39465,19688,59153,0,2899843,1899445,4799288,1644741,1621605,3266346,480675,0,83159,0,20904723,11699021
"2021-06-16",72595,20087,92682,0,15021,27051,42072,0,2972438,1919532,4891970,1671792,1636626,3308418,544051,0,116597,0,21448774,11815618
"2021-06-17",0,0,0,0,0,0,0,0,2972438,1919532,4891970,1671792,1636626,3308418,550482,0,147512,0,21999256,11963130
"2021-06-18",77633,54582,132215,0,45965,27840,73805,0,3050071,1974114,5024185,1699632,1682591,3382223,455911,0,132936,0,22455167,12096066
"2021-06-19",73136,49274,122410,0,41726,33879,75605,0,3123207,2023388,5146595,1733511,1724317,3457828,418175,0,116840,0,22873342,12212906
"2021-06-20",55720,33463,89183,0,28126,32103,60229,0,3178927,2056851,5235778,1765614,1752443,3518057,170030,0,26800,0,23043372,12239706
"2021-06-21",47757,36661,84418,0,30778,31583,62361,0,3226684,2093512,5320196,1797197,1783221,3580418,222401,0,80680,0,23265773,12320386
"2021-06-22",76060,54570,130630,0,45250,25492,70742,0,3302744,2148082,5450826,1822689,1828471,3651160,524111,0,194531,0,23789884,12514917
"2021-06-23",0,0,0,0,0,0,0,0,3302744,2148082,5450826,1822689,1828471,3651160,568972,0,125124,0,24358856,12640041
"2021-06-24",83430,53466,136896,0,44785,45718,90503,0,3386174,2201548,5587722,1868407,1873256,3741663,570586,0,129748,0,24929442,12769789
"2021-06-25",87831,53084,140915,0,44493,50958,95451,0,3474005,2254632,5728637,1919365,1917749,3837114,552594,0,142834,0,25482036,12912623
"2021-06-26",0,0,0,0,0,0,0,0,3474005,2254632,5728637,1919365,1917749,3837114,550095,0,105901,0,26032131,13018524
"2021-06-27",63238,35666,98904,0,29512,50021,79533,0,3537243,2290298,5827541,1969386,1947261,3916647,1083632,0,90507,0,27115763,13109031
"2021-06-28",59108,39079,98187,0,32260,48048,80308,0,3596351,2329377,5925728,2017434,1979521,3996955,304135,0,73003,0,27419898,13182034
"2021-06-29",86813,57144,143957,0,47401,55864,103265,0,3683164,2386521,6069685,2073298,2026922,4100220,884876,0,147704,0,28304774,13329738
"2021-06-30",0,0,0,0,0,0,0,0,3683164,2386521,6069685,2073298,2026922,4100220,974368,0,135761,0,29279142,13465499
"2021-07-01",98642,56549,155191,0,46873,51699,98572,0,3781806,2443070,6224876,2124997,2073795,4198792,905250,0,158658,0,30184392,13624157
"2021-07-02",93639,59969,153608,0,50037,52728,102765,0,3875445,2503039,6378484,2177725,2123832,4301557,707429,0,145950,0,30891821,13770107
"2021-07-03",103780,53447,157227,0,44369,66614,110983,0,3979225,2556486,6535711,2244339,2168201,4412540,681419,0,152625,0,31573240,13922732
"2021-07-04",81299,39535,120834,0,33198,53094,86292,0,4060524,2596021,6656545,2297433,2201399,4498832,490505,0,56832,0,32063745,13979564
"2021-07-05",72145,37970,110115,0,31680,60718,92398,0,4132669,2633991,6766660,2358151,2233079,4591230,238523,0,56370,0,32302268,14035934
"2021-07-06",119024,64029,183053,0,52846,83919,136765,0,4251693,2698020,6949713,2442070,2285925,4727995,873761,0,232046,0,33176029,14267980
"2021-07-07",133579,65564,199143,0,55165,86792,141957,0,4385272,2763584,7148856,2528862,2341090,4869952,863768,0,175833,0,34039797,14443813
"2021-07-08",134574,65807,200381,0,54452,81484,135936,0,4519846,2829391,7349237,2610346,2395542,5005888,820889,0,178689,0,34860686,14622502
"2021-07-09",152825,67090,219915,0,55476,86529,142005,0,4672671,2896481,7569152,2696875,2451018,5147893,914881,0,246075,0,35775567,14868577
"2021-07-10",122862,71697,194559,0,59738,85556,145294,0,4795533,2968178,7763711,2782431,2510756,5293187,417509,0,100753,0,36193076,14969330
"2021-07-11",0,0,0,0,0,0,0,0,4795533,2968178,7763711,2782431,2510756,5293187,73943,0,42018,0,36267019,15011348
"2021-07-12",0,0,0,0,0,0,0,0,4795533,2968178,7763711,2782431,2510756,5293187,101172,0,25120,0,36368191,15036468
"2021-07-13",151366,75717,227083,0,61938,97416,159354,0,4946899,3043895,7990794,2879847,2572694,5452541,546416,0,154530,0,36914607,15190998
"2021-07-14",167784,72940,240724,0,60547,112312,172859,0,5114683,3116835,8231518,2992159,2633241,5625400,1994826,0,420556,0,38909433,15611554
"2021-07-15",170491,78568,249059,0,65735,119586,185321,0,5285174,3195403,8480577,3111745,2698976,5810721,718716,0,198545,0,39628149,15810099
"2021-07-16",165870,92662,258532,0,76468,102748,179216,0,5451044,3288065,8739109,3214493,2775444,5989937,600662,0,130630,0,40228811,15940729
"2021-07-17",151852,99540,251392,0,82232,106319,188551,0,5602896,3387605,8990501,3320812,2857676,6178488,1039816,0,277126,0,41268627,16217855
"2021-07-18",0,0,0,0,0,0,0,0,5602896,3387605,8990501,3320812,2857676,6178488,404837,0,56295,0,41673464,16274150
"2021-07-19",0,0,0,0,0,0,0,0,5602896,3387605,8990501,3320812,2857676,6178488,422067,0,126201,0,42095531,16400351
"2021-07-20",122863,56412,179275,0,45043,69631,114674,0,5725759,3444017,9169776,3390443,2902719,6293162,249144,0,50937,0,42344675,16451288
"2021-07-21",92610,60720,153330,0,50920,65312,116232,0,5818369,3504737,9323106,3455755,2953639,6409394,266927,0,155387,0,42611602,16606675
"2021-07-22",160320,134150,294470,0,124350,104352,228702,0,5978689,3638887,9617576,3560107,3077989,6638096,544193,0,289525,0,43155795,16896200
"2021-07-23",0,0,0,0,0,0,0,0,5978689,3638887,9617576,3560107,3077989,6638096,561459,0,257945,0,43717254,17154145
"2021-07-24",144441,108255,252696,0,87035,92918,179953,0,6123130,3747142,9870272,3653025,3165024,6818049,390672,0,321851,0,44107926,17475996
"2021-07-25",0,0,0,0,0,0,0,0,6123130,3747142,9870272,3653025,3165024,6818049,362048,0,430508,0,44469974,17906504
"2021-07-26",79027,81562,160589,0,64900,56366,121266,0,6202157,3828704,10030861,3709391,3229924,6939315,258346,0,223374,0,44728320,18129878
"2021-07-27",141519,128915,270434,0,101530,78672,180202,0,6343676,3957619,10301295,3788063,3331454,7119517,550229,0,536465,0,45278549,18666343
"2021-07-28",151699,126110,277809,0,100719,84462,185181,0,6495375,4083729,10579104,3872525,3432173,7304698,456363,0,436819,0,45734912,19103162
"2021-07-29",139290,123664,262954,0,99653,73811,173464,0,6634665,4207393,10842058,3946336,3531826,7478162,555030,0,566060,0,46289942,19669222
"2021-07-30",132631,119553,252184,0,95345,69654,164999,0,6767296,4326946,11094242,4015990,3627171,7643161,516051,0,477199,0,46805993,20146421
"2021-07-31",128698,113067,241765,0,88605,61617,150222,0,6895994,4440013,11336007,4077607,3715776,7793383,420521,0,388402,0,47226514,20534823
"2021-08-01",98065,80310,178375,0,63706,48955,112661,0,6994059,4520323,11514382,4126562,3779482,7906044,251654,0,138256,0,47478168,20673079
"2021-08-02",70655,80561,151216,0,61988,44797,106785,0,7064714,4600884,11665598,4171359,3841470,8012829,208315,0,261346,0,47686483,20934425
"2021-08-03",125637,122589,248226,0,94130,57582,151712,0,7190351,4723473,11913824,4228941,3935600,8164541,419725,0,502483,0,48106208,21436908
"2021-08-04",128549,113779,242328,0,87771,61041,148812,0,7318900,4837252,12156152,4289982,4023371,8313353,379057,0,528458,0,48485265,21965366
"2021-08-05",128831,119725,248556,0,93234,60683,153917,0,7447731,4956977,12404708,4350665,4116605,8467270,348858,0,245013,0,48834123,22210379
"2021-08-06",0,0,0,0,0,0,0,0,7447731,4956977,12404708,4350665,4116605,8467270,556935,0,681445,0,49391058,22891824
"2021-08-07",119543,116424,235967,0,90737,53318,144055,0,7567274,5073401,12640675,4403983,4207342,8611325,410765,0,453440,0,49801823,23345264
"2021-08-08",90033,76731,166764,0,59253,43312,102565,0,7657307,5150132,12807439,4447295,4266595,8713890,696117,0,432059,0,50497940,23777323
"2021-08-09",65156,80046,145202,0,60202,39185,99387,0,7722463,5230178,12952641,4486480,4326797,8813277,132375,0,434701,0,50630315,24212024
"2021-08-10",121733,119419,241152,0,88549,57601,146150,0,7844196,5349597,13193793,4544081,4415346,8959427,565236,0,685556,0,51195551,24897580
"2021-08-11",117883,92932,210815,0,69335,66124,135459,0,7962079,5442529,13404608,4610205,4484681,9094886,510373,0,541720,0,51705924,25439300
"2021-08-12",0,0,0,0,0,0,0,0,7962079,5442529,13404608,4610205,4484681,9094886,188642,0,305550,0,51894566,25744850
"2021-08-13",115201,110830,226031,0,81016,65465,146481,0,8077280,5553359,13630639,4675670,4565697,9241367,1317784,0,1484073,0,53212350,27228923
"2021-08-14",112697,109885,222582,0,81514,44902,126416,0,8189977,5663244,13853221,4720572,4647211,9367783,406520,0,564633,0,53618870,27793556
"2021-08-15",84936,74242,159178,0,55019,34749,89768,0,8274913,5737486,14012399,4755321,4702230,9457551,69252,0,318729,0,53688122,28112285
"2021-08-16",0,0,0,0,0,0,0,0,8274913,5737486,14012399,4755321,4702230,9457551,694558,0,412701,0,54382680,28524986
"2021-08-17",97871,84345,182216,0,65277,36149,101426,0,8372784,5821831,14194615,4791470,4767507,9558977,599870,0,634063,0,54982550,29159049
"2021-08-18",63083,74099,137182,0,53625,25001,78626,0,8435867,5895930,14331797,4816471,4821132,9637603,209944,0,244296,0,55192494,29403345
"2021-08-19",103163,111247,214410,0,75375,39733,115108,0,8539030,6007177,14546207,4856204,4896507,9752711,853437,0,965180,0,56045931,30368525
"2021-08-20",101685,100799,202484,0,75752,38095,113847,0,8640715,6107976,14748691,4894299,4972259,9866558,458124,0,384612,0,56504055,30753137
"2021-08-21",0,0,0,0,0,0,0,0,8640715,6107976,14748691,4894299,4972259,9866558,482095,0,457785,0,56986150,31210922
"2021-08-22",76742,71668,148410,0,53525,31691,85216,0,8717457,6179644,14897101,4925990,5025784,9951774,353157,0,390946,0,57339307,31601868
"2021-08-23",0,0,0,0,0,0,0,0,8717457,6179644,14897101,4925990,5025784,9951774,440409,0,444356,0,57779716,32046224
"2021-08-24",94444,91408,185852,0,82724,41120,123844,0,8811901,6271052,15082953,4967110,5108508,10075618,689094,0,594774,0,58468810,32640998
"2021-08-25",97075,152190,249265,0,104837,41951,146788,0,8908976,6423242,15332218,5009061,5213345,10222406,542523,0,453507,0,59011333,33094505
"2021-08-26",0,0,0,0,0,0,0,0,8908976,6423242,15332218,5009061,5213345,10222406,415601,0,262744,0,59426934,33357249
"2021-08-27",88319,95796,184115,0,70568,36953,107521,0,8997295,6519038,15516333,5046014,5283913,10329927,1008621,0,763954,0,60435555,34121203
"2021-08-28",85153,96521,181674,0,70065,34249,104314,0,9082448,6615559,15698007,5080263,5353978,10434241,786703,0,581618,0,61222258,34702821
"2021-08-29",70917,83243,154160,0,62244,30287,92531,0,9153365,6698802,15852167,5110550,5416222,10526772,432418,0,155179,0,61654676,34858000
"2021-08-30",0,0,0,0,0,0,0,0,9153365,6698802,15852167,5110550,5416222,10526772,640220,0,456460,0,62294896,35314460
"2021-08-31",96012,128230,224242,0,90758,39766,130524,0,9249377,6827032,16076409,5150316,5506980,10657296,816392,0,540751,0,63111288,35855211
"2021-09-01",0,0,0,0,0,0,0,0,9249377,6827032,16076409,5150316,5506980,10657296,833667,0,488009,0,63944955,36343220
"2021-09-02",0,0,0,0,0,0,0,0,9249377,6827032,16076409,5150316,5506980,10657296,797646,0,516181,0,64742601,36859401
"2021-09-03",83534,125755,209289,0,93177,35166,128343,0,9332911,6952787,16285698,5185482,5600157,10785639,1152072,0,788632,0,65894673,37648033
"2021-09-04",85068,125363,210431,0,91399,36903,128302,0,9417979,7078150,16496129,5222385,5691556,10913941,458996,0,382619,0,66353669,38030652
"2021-09-05",73115,98770,171885,0,72115,32829,104944,0,9491094,7176920,16668014,5255214,5763671,11018885,429004,0,192501,0,66782673,38223153
"2021-09-06",44637,108305,152942,0,75934,20573,96507,0,9535731,7285225,16820956,5275787,5839605,11115392,372680,0,248938,0,67155353,38472091
"2021-09-07",90044,161595,251639,0,116547,42418,158965,0,9625775,7446820,17072595,5318205,5956152,11274357,1053235,0,693889,0,68208588,39165980
"2021-09-08",84905,147397,232302,0,107200,38460,145660,0,9710680,7594217,17304897,5356665,6063352,11420017,985951,0,555591,0,69194539,39721571
"2021-09-09",82021,149257,231278,0,110639,37819,148458,0,9792701,7743474,17536175,5394484,6173991,11568475,1128021,0,641249,0,70322560,40362820
"2021-09-10",84338,151343,235681,0,110144,39636,149780,0,9877039,7894817,17771856,5434120,6284135,11718255,852699,0,505173,0,71175259,40867993
"2021-09-11",87152,144418,231570,0,102884,40251,143135,0,9964191,8039235,18003426,5474371,6387019,11861390,1073461,0,666347,0,72248720,41534340
"2021-09-12",78263,119789,198052,0,87032,36984,124016,0,10042454,8159024,18201478,5511355,6474051,11985406,517475,0,200394,0,72766195,41734734
"2021-09-13",45981,131253,177234,0,98821,21708,120529,0,10088435,8290277,18378712,5533063,6572872,12105935,544368,0,370105,0,73310563,42104839
"2021-09-14",85520,193160,278680,0,145692,40030,185722,0,10173955,8483437,18657392,5573093,6718564,12291657,946952,0,460492,0,74257515,42565331
"2021-09-15",0,0,0,0,0,0,0,0,10173955,8483437,18657392,5573093,6718564,12291657,883209,0,397309,0,75140724,42962640
"2021-09-16",82824,16306,99130,0,15968,38798,54766,0,10256779,8499743,18756522,5611891,6734532,12346423,1012763,0,522331,0,76153487,43484971
"2021-09-17",80065,308227,388292,0,255869,37585,293454,0,10336844,8807970,19144814,5649476,6990401,12639877,1264001,0,639744,0,77417488,44124715
"2021-09-18",83204,192890,276094,0,161807,39331,201138,0,10420048,9000860,19420908,5688807,7152208,12841015,1123031,0,591855,0,78540519,44716570
"2021-09-19",73911,118502,192413,0,98988,34777,133765,0,10493959,9119362,19613321,5723584,7251196,12974780,974837,0,417624,0,79515356,45134194
"2021-09-20",45676,157119,202795,0,128712,22002,150714,0,10539635,9276481,19816116,5745586,7379908,13125494,142406,0,90456,0,79657762,45224650
"2021-09-21",81982,166675,248657,0,138408,38032,176440,0,10621617,9443156,20064773,5783618,7518316,13301934,750982,0,628383,0,80408744,45853033
"2021-09-22",82859,173304,256163,0,146812,38584,185396,0,10704476,9616460,20320936,5822202,7665128,13487330,1705044,0,643144,0,82113788,46496177
"2021-09-23",75925,172200,248125,0,136791,37123,173914,0,10780401,9788660,20569061,5859325,7801919,13661244,1134340,0,484170,0,83248128,46980347
"2021-09-24",78049,174547,252596,0,137244,35729,172973,0,10858450,9963207,20821657,5895054,7939163,13834217,1615771,0,727794,0,84863899,47708141
"2021-09-25",81093,176710,257803,0,143823,38038,181861,0,10939543,10139917,21079460,5933092,8082986,14016078,569619,0,287964,0,85433518,47996105
"2021-09-26",75830,141254,217084,0,111356,37387,148743,0,11015373,10281171,21296544,5970479,8194342,14164821,1027167,0,530543,0,86460685,48526648
"2021-09-27",46023,168568,214591,0,130272,21694,151966,0,11061396,10449739,21511135,5992173,8324614,14316787,701841,0,388828,0,87162526,48915476
"2021-09-28",79507,196261,275768,0,155480,38084,193564,0,11140903,10646000,21786903,6030257,8480094,14510351,1368611,0,740242,0,88531137,49655718
"2021-09-29",84522,194045,278567,0,155754,41556,197310,0,11225425,10840045,22065470,6071813,8635848,14707661,1291850,0,757275,0,89822987,50412993
"2021-09-30",80823,195312,276135,0,152344,41465,193809,0,11306248,11035357,22341605,6113278,8788192,14901470,1256014,0,700367,0,91079001,51113360
"2021-10-01",80061,171307,251368,0,131294,39852,171146,0,11386309,11206664,22592973,6153130,8919486,15072616,1082000,0,637337,0,92161001,51750697
"2021-10-02",0,0,0,0,0,0,0,0,11386309,11206664,22592973,6153130,8919486,15072616,905493,0,565869,0,93066494,52316566
"2021-10-03",0,0,0,0,0,0,0,0,11386309,11206664,22592973,6153130,8919486,15072616,713952,0,359486,0,93780446,52676052
"2021-10-04",54351,157163,211514,0,119679,27029,146708,0,11440660,11363827,22804487,6180159,9039165,15219324,443244,0,330871,0,94223690,53006923
"2021-10-05",86521,168965,255486,0,132925,43798,176723,0,11527181,11532792,23059973,6223957,9172090,15396047,715527,0,649998,0,94939217,53656921
"2021-10-06",90732,183707,274439,0,143879,46351,190230,0,11617913,11716499,23334412,6270308,9315969,15586277,842556,0,785058,0,95781773,54441979
"2021-10-07",0,0,0,0,0,0,0,0,11617913,11716499,23334412,6270308,9315969,15586277,710381,0,517566,0,96492154,54959545
"2021-10-08",86530,181616,268146,0,138513,42997,181510,0,11704443,11898115,23602558,6313305,9454482,15767787,1654154,0,1146461,0,98146308,56106006
"2021-10-09",87860,179190,267050,0,139092,43818,182910,0,11792303,12077305,23869608,6357123,9593574,15950697,1226986,0,802658,0,99373294,56908664
"2021-10-10",0,0,0,0,0,0,0,0,11792303,12077305,23869608,6357123,9593574,15950697,686187,0,500639,0,100059481,57409303
"2021-10-11",52960,172123,225083,0,126798,25172,151970,0,11845263,12249428,24094691,6382295,9720372,16102667,262894,0,197897,0,100322375,57607200
"2021-10-12",0,0,0,0,0,0,0,0,11845263,12249428,24094691,6382295,9720372,16102667,1040519,0,798380,0,101362894,58405580
"2021-10-13",85949,175782,261731,0,136842,44334,181176,0,11931212,12425210,24356422,6426629,9857214,16283843,1322923,0,1005918,0,102685817,59411498
"2021-10-14",86876,172069,258945,0,124048,41659,165707,0,12018088,12597279,24615367,6468288,9981262,16449550,1622885,0,1010575,0,104308702,60422073
"2021-10-15",0,0,0,0,0,0,0,0,12018088,12597279,24615367,6468288,9981262,16449550,1155984,0,974982,0,105464686,61397055
"2021-10-16",92838,177973,270811,0,134149,46081,180230,0,12110926,12775252,24886178,6514369,10115411,16629780,1205284,0,769861,0,106669970,62166916
"2021-10-17",83414,140515,223929,0,104822,42138,146960,0,12194340,12915767,25110107,6556507,10220233,16776740,833258,0,565652,0,107503228,62732568
"2021-10-18",53524,161689,215213,0,119285,26444,145729,0,12247864,13077456,25325320,6582951,10339518,16922469,477788,0,456232,0,107981016,63188800
"2021-10-19",0,0,0,0,0,0,0,0,12247864,13077456,25325320,6582951,10339518,16922469,1024611,0,820098,0,109005627,64008898
"2021-10-20",101455,146658,248113,0,105808,50538,156346,0,12349319,13224114,25573433,6633489,10445326,17078815,791239,0,613794,0,109796866,64622692
"2021-10-21",75348,143051,218399,0,108861,39631,148492,0,12424667,13367165,25791832,6673120,10554187,17227307,609911,0,550456,0,110406777,65173148
"2021-10-22",96807,153933,250740,0,117130,48117,165247,0,12521474,13521098,26042572,6721237,10671317,17392554,1089264,0,1143519,0,111496041,66316667
"2021-10-23",104490,146097,250587,0,111179,50685,161864,0,12625964,13667195,26293159,6771922,10782496,17554418,775887,0,849065,0,112271928,67165732
"2021-10-24",0,0,0,0,0,0,0,0,12625964,13667195,26293159,6771922,10782496,17554418,760840,0,749708,0,113032768,67915440
"2021-10-25",71208,144614,215822,0,103490,34127,137617,0,12697172,13811809,26508981,6806049,10885986,17692035,391611,0,348569,0,113424379,68264009
"2021-10-26",103057,156007,259064,0,122685,55392,178077,0,12800229,13967816,26768045,6861441,11008671,17870112,922722,0,866113,0,114347101,69130122
"2021-10-27",108860,151591,260451,0,125337,58482,183819,0,12909089,14119407,27028496,6919923,11134008,18053931,1155423,0,983496,0,115502524,70113618
"2021-10-28",0,0,0,0,0,0,0,0,12909089,14119407,27028496,6919923,11134008,18053931,1117757,0,986251,0,116620281,71099869
"2021-10-29",105381,139011,244392,0,108699,52042,160741,0,13014470,14258418,27272888,6971965,11242707,18214672,1068833,0,961208,0,117689114,72061077
"2021-10-30",111203,128183,239386,0,100029,56311,156340,0,13125673,14386601,27512274,7028276,11342736,18371012,1462704,0,1229611,0,119151818,73290688
"2021-10-31",0,0,0,0,0,0,0,0,13125673,14386601,27512274,7028276,11342736,18371012,510430,0,408295,0,119662248,73698983
"2021-11-01",71762,132054,203816,0,100099,37274,137373,0,13197435,14518655,27716090,7065550,11442835,18508385,390339,0,389944,0,120052587,74088927
"2021-11-02",105838,149726,255564,0,117242,58182,175424,0,13303273,14668381,27971654,7123732,11560077,18683809,835260,0,716740,0,120887847,74805667
"2021-11-03",0,0,0,0,0,0,0,0,13303273,14668381,27971654,7123732,11560077,18683809,1087906,0,1023523,0,121975753,75829190
"2021-11-04",80740,168500,249240,0,139241,44966,184207,0,13384013,14836881,28220894,7168698,11699318,18868016,876343,0,858560,0,122852096,76687750
"2021-11-05",0,0,0,0,0,0,0,0,13384013,14836881,28220894,7168698,11699318,18868016,972103,0,1000088,0,123824199,77687838
"2021-11-06",64763,191269,256032,0,143782,33063,176845,0,13448776,15028150,28476926,7201761,11843100,19044861,331968,0,426234,0,124156167,78114072
"2021-11-07",57838,162119,219957,0,117069,31092,148161,0,13506614,15190269,28696883,7232853,11960169,19193022,949796,0,880091,0,125105963,78994163
"2021-11-08",37794,150803,188597,0,109954,20237,130191,0,13544408,15341072,28885480,7253090,12070123,19323213,288524,0,218312,0,125394487,79212475
"2021-11-09",63730,184285,248015,0,140029,33038,173067,0,13608138,15525357,29133495,7286128,12210152,19496280,1064798,0,858050,0,126459285,80070525
"2021-11-10",64163,235437,299600,0,157955,34607,192562,0,13672301,15760794,29433095,7320735,12368107,19688842,875981,0,883614,0,127335266,80954139
"2021-11-11",62163,199865,262028,0,144386,32548,176934,0,13734464,15960659,29695123,7353283,12512493,19865776,812079,0,756960,0,128147345,81711099
"2021-11-12",0,0,0,0,0,0,0,0,13734464,15960659,29695123,7353283,12512493,19865776,942043,0,1107393,0,129089388,82818492
"2021-11-13",59387,207588,266975,0,153071,31624,184695,0,13793851,16168247,29962098,7384907,12665564,20050471,620802,0,599594,0,129710190,83418086
"2021-11-14",0,0,0,0,0,0,0,0,13793851,16168247,29962098,7384907,12665564,20050471,573155,0,743673,0,130283345,84161759
"2021-11-15",35377,208045,243422,0,149501,18448,167949,0,13829228,16376292,30205520,7403355,12815065,20218420,333169,0,390687,0,130616514,84552446
"2021-11-16",61363,217652,279015,0,161516,34065,195581,0,13890591,16593944,30484535,7437420,12976581,20414001,676357,0,818238,0,131292871,85370684
"2021-11-17",64815,214401,279216,0,157426,36404,193830,0,13955406,16808345,30763751,7473824,13134007,20607831,713506,0,909032,0,132006377,86279716
"2021-11-18",55910,214318,270228,0,157739,31189,188928,0,14011316,17022663,31033979,7505013,13291746,20796759,67609,0,56207,0,132073986,86335923
"2021-11-19",54202,218502,272704,0,155173,28624,183797,0,14065518,17241165,31306683,7533637,13446919,20980556,1328065,0,1624194,0,133402051,87960117
"2021-11-20",53321,221651,274972,0,156951,29280,186231,0,14118839,17462816,31581655,7562917,13603870,21166787,622958,0,800080,0,134025009,88760197
"2021-11-21",46929,192251,239180,0,127423,26393,153816,0,14165768,17655067,31820835,7589310,13731293,21320603,393277,0,460144,0,134418286,89220341
"2021-11-22",38013,213852,251865,0,146227,20458,166685,0,14203781,17868919,32072700,7609768,13877520,21487288,195850,0,206529,0,134614136,89426870
"2021-11-23",57759,223682,281441,0,162239,31681,193920,0,14261540,18092601,32354141,7641449,14039759,21681208,802927,0,800912,0,135417063,90227782
"2021-11-24",58738,230128,288866,0,167566,32846,200412,0,14320278,18322729,32643007,7674295,14207325,21881620,663785,0,987204,0,136080848,91214986
"2021-11-25",55294,230128,285422,0,167570,32189,199759,0,14375572,18552857,32928429,7706484,14374895,22081379,632299,0,1059576,0,136713147,92274562
"2021-11-26",0,0,0,0,0,0,0,0,14375572,18552857,32928429,7706484,14374895,22081379,792057,0,830467,0,137505204,93105029
"2021-11-27",53859,233541,287400,0,162776,30143,192919,0,14429431,18786398,33215829,7736627,14537671,22274298,614409,0,561810,0,138119613,93666839
"2021-11-28",46226,198773,244999,0,130090,25306,155396,0,14475657,18985171,33460828,7761933,14667761,22429694,410618,0,672898,0,138530231,94339737
"2021-11-29",35090,198773,233863,0,156528,19853,176381,0,14510747,19183944,33694691,7781786,14824289,22606075,378631,0,415923,0,138908862,94755660
"2021-11-30",55431,238794,294225,0,169306,31593,200899,0,14566178,19422738,33988916,7813379,14993595,22806974,456576,0,718208,0,139365438,95473868
"2021-12-01",55598,236545,292143,0,168166,31209,199375,0,14621776,19659283,34281059,7844588,15161761,23006349,839608,0,1045478,0,140205046,96519346
"2021-12-02",55473,235987,291460,0,168186,31472,199658,0,14677249,19895270,34572519,7876060,15329947,23206007,680183,0,799303,0,140885229,97318649
"2021-12-03",52404,230659,283063,0,163862,30237,194099,0,14729653,20125929,34855582,7906297,15493809,23400106,617863,0,728185,0,141503092,98046834
"2021-12-04",51886,240796,292682,0,167587,28799,196386,0,14781539,20366725,35148264,7935096,15661396,23596492,527878,0,576784,0,142030970,98623618
"2021-12-05",45709,203505,249214,0,132896,25713,158609,0,14827248,20570230,35397478,7960809,15794292,23755101,401377,0,385963,0,142432347,99009581
"2021-12-06",32279,257041,289320,0,183513,16947,200460,0,14859527,20827271,35686798,7977756,15977805,23955561,268593,0,215991,0,142700940,99225572
"2021-12-07",50441,325437,375878,0,252790,28242,281032,0,14909968,21152708,36062676,8005998,16230595,24236593,590412,0,599872,0,143291352,99825444
"2021-12-08",52460,325737,378197,0,253565,29420,282985,0,14962428,21478445,36440873,8035418,16484160,24519578,502690,0,633828,0,143794042,100459272
"2021-12-09",0,0,0,0,0,0,0,0,14962428,21478445,36440873,8035418,16484160,24519578,652282,0,690237,0,144446324,101149509
"2021-12-10",51340,278330,329670,0,198794,29931,228725,0,15013768,21756775,36770543,8065349,16682954,24748303,639588,0,645087,0,145085912,101794596
"2021-12-11",50702,253296,303998,0,175937,29510,205447,0,15064470,22010071,37074541,8094859,16858891,24953750,824107,0,650661,0,145910019,102445257
"2021-12-12",45864,215867,261731,0,142286,26161,168447,0,15110334,22225938,37336272,8121020,17001177,25122197,579619,0,464925,0,146489638,102910182
"2021-12-13",32910,236004,268914,0,158928,18831,177759,0,15143244,22461942,37605186,8139851,17160105,25299956,386321,0,188675,0,146875959,103098857
"2021-12-14",52589,246305,298894,0,172343,31549,203892,0,15195833,22708247,37904080,8171400,17332448,25503848,592437,0,539461,0,147468396,103638318
"2021-12-15",0,0,0,0,0,0,0,0,15195833,22708247,37904080,8171400,17332448,25503848,875819,0,883838,0,148344215,104522156
"2021-12-16",54713,249897,304610,0,178309,32802,211111,0,15250546,22958144,38208690,8204202,17510757,25714959,861356,0,715965,0,149205571,105238121
"2021-12-17",54555,254358,308913,0,181245,33022,214267,0,15305101,23212502,38517603,8237224,17692002,25929226,1043929,0,782417,0,150249500,106020538
"2021-12-18",53168,258851,312019,0,184663,31742,216405,0,15358269,23471353,38829622,8268966,17876665,26145631,996796,0,615635,0,151246296,106636173
"2021-12-19",46546,192670,239216,0,93858,27603,121461,0,15404815,23664023,39068838,8296569,17970523,26267092,171582,0,415390,0,151417878,107051563
"2021-12-20",0,0,0,0,0,0,0,0,15404815,23664023,39068838,8296569,17970523,26267092,357719,0,128615,0,151775597,107180178
"2021-12-21",0,0,0,0,0,0,0,0,15404815,23664023,39068838,8296569,17970523,26267092,820920,0,525835,0,152596517,107706013
"2021-12-22",53876,245046,298922,0,182792,32603,215395,0,15458691,23909069,39367760,8329172,18153315,26482487,907168,0,834042,0,153503685,108540055
"2021-12-23",50850,238235,289085,0,176423,31014,207437,0,15509541,24147304,39656845,8360186,18329738,26689924,990430,0,717016,0,154494115,109257071
"2021-12-24",45298,214671,259969,0,156416,28136,184552,0,15554839,24361975,39916814,8388322,18486154,26874476,920409,0,698681,0,155414524,109955752
"2021-12-25",43094,165493,208587,0,123822,25463,149285,0,15597933,24527468,40125401,8413785,18609976,27023761,768061,0,451535,0,156182585,110407287
"2021-12-26",28258,146560,174818,0,101768,18024,119792,0,15626191,24674028,40300219,8431809,18711744,27143553,459193,0,213520,0,156641778,110620807
"2021-12-27",31822,200067,231889,0,143687,20318,164005,0,15658013,24874095,40532108,8452127,18855431,27307558,353008,0,192049,0,156994786,110812856
"2021-12-28",45985,201062,247047,0,147173,29681,176854,0,15703998,25075157,40779155,8481808,19002604,27484412,810019,0,752446,0,157804805,111565302
"2021-12-29",0,0,0,0,0,0,0,0,15703998,25075157,40779155,8481808,19002604,27484412,1157437,0,712486,0,158962242,112277788
"2021-12-30",37537,192222,229759,0,140270,22765,163035,0,15741535,25267379,41008914,8504573,19142874,27647447,1050201,0,726580,0,160012443,113004368
"2021-12-31",36833,173517,210350,0,127463,22207,149670,0,15778368,25440896,41219264,8526780,19270337,27797117,1070414,0,661959,0,161082857,113666327
"2022-01-01",36677,140482,177159,0,104857,23340,128197,0,15815045,25581378,41396423,8550120,19375194,27925314,778365,0,364111,0,161861222,114030438
"2022-01-02",28574,172908,201482,0,122625,19185,141810,0,15843619,25754286,41597905,8569305,19497819,28067124,4039665,0,72924,0,165900887,114103362
"2022-01-03",32680,251733,284413,0,188237,21330,209567,0,15876299,26006019,41882318,8590635,19686056,28276691,203444,0,92977,0,166104331,114196339
"2022-01-04",51994,255633,307627,0,197818,34928,232746,0,15928293,26261652,42189945,8625563,19883874,28509437,549536,0,369597,0,166653867,114565936
"2022-01-05",52562,232582,285144,0,182321,34983,217304,0,15980855,26494234,42475089,8660546,20066195,28726741,572376,0,256668,0,167226243,114822604
"2022-01-06",45251,229476,274727,0,179678,29110,208788,0,16026106,26723710,42749816,8689656,20245873,28935529,773534,0,731980,0,167999777,115554584
"2022-01-07",0,0,0,0,0,0,0,0,16026106,26723710,42749816,8689656,20245873,28935529,819816,0,560300,0,168819593,116114884
"2022-01-08",51996,226692,278688,0,146611,31090,177701,0,16078102,26950402,43028504,8720746,20392484,29113230,760632,0,455024,0,169580225,116569908
"2022-01-09",45227,210655,255882,0,150089,27124,177213,0,16123329,27161057,43284386,8747870,20542573,29290443,563401,0,250044,0,170143626,116819952
"2022-01-10",33970,225575,259545,0,161752,19674,181426,0,16157299,27386632,43543931,8767544,20704325,29471869,392712,0,179332,0,170536338,116999284
"2022-01-11",48660,239807,288467,0,174113,29593,203706,0,16205959,27626439,43832398,8797137,20878438,29675575,519866,0,334376,0,171056204,117333660
"2022-01-12",45575,228231,273806,0,170600,28036,198636,0,16251534,27854670,44106204,8825173,21049038,29874211,1099390,0,613814,0,172155594,117947474
"2022-01-13",0,0,0,0,0,0,0,0,16251534,27854670,44106204,8825173,21049038,29874211,1092662,0,541455,0,173248256,118488929
"2022-01-14",0,0,0,0,0,0,0,0,16251534,27854670,44106204,8825173,21049038,29874211,1043329,0,463085,0,174291585,118952014
"2022-01-15",48836,229020,277856,0,166661,29759,196420,0,16300370,28083690,44384060,8854932,21215699,30070631,1353886,0,472567,0,175645471,119424581
"2022-01-16",46024,205464,251488,0,137644,28861,166505,0,16346394,28289154,44635548,8883793,21353343,30237136,656518,0,321951,0,176301989,119746532
"2022-01-17",33034,236479,269513,0,158988,19295,178283,0,16379428,28525633,44905061,8903088,21512331,30415419,327952,0,246320,0,176629941,119992852
"2022-01-18",50267,228660,278927,0,166012,28296,194308,0,16429695,28754293,45183988,8931384,21678343,30609727,629436,0,628236,0,177259377,120621088
"2022-01-19",53679,174181,227860,0,121465,30551,152016,0,16483374,28928474,45411848,8961935,21799808,30761743,1001759,0,945503,0,178261136,121566591
"2022-01-20",55804,270310,326114,0,151235,32296,183531,0,16539178,29198784,45737962,8994231,21951043,30945274,892608,0,811675,0,179153744,122378266
"2022-01-21",55526,236879,292405,0,168626,31554,200180,0,16594704,29435663,46030367,9025785,22119669,31145454,867910,0,789007,0,180021654,123167273
"2022-01-22",57265,223896,281161,0,160456,34044,194500,0,16651969,29659559,46311528,9059829,22280125,31339954,692896,0,615113,0,180714550,123782386
"2022-01-23",52763,199144,251907,0,133013,30813,163826,0,16704732,29858703,46563435,9090642,22413138,31503780,416783,0,298408,0,181131333,124080794
"2022-01-24",44981,213811,258792,0,150224,25539,175763,0,16749713,30072514,46822227,9116181,22563362,31679543,246186,0,253678,0,181377519,124334472
"2022-01-25",67395,192280,259675,0,138820,37587,176407,0,16817108,30264794,47081902,9153768,22702182,31855950,646501,0,772370,0,182024020,125106842
"2022-01-26",75055,273986,349041,0,201851,42562,244413,0,16892163,30538780,47430943,9196330,22904033,32100363,476807,0,566671,0,182500827,125673513
"2022-01-27",82151,264582,346733,0,190940,45711,236651,0,16974314,30803362,47777676,9242041,23094973,32337014,559208,0,739951,0,183060035,126413464
"2022-01-28",83786,289098,372884,0,209025,49120,258145,0,17058100,31092460,48150560,9291161,23303998,32595159,616997,0,751062,0,183677032,127164526
"2022-01-29",95402,287999,383401,0,207253,53797,261050,0,17153502,31380459,48533961,9344958,23511251,32856209,510006,0,562947,0,184187038,127727473
"2022-01-30",85670,228727,314397,0,155803,50000,205803,0,17239172,31609186,48848358,9394958,23667054,33062012,370677,0,278290,0,184557715,128005763
"2022-01-31",0,0,0,0,0,0,0,0,17239172,31609186,48848358,9394958,23667054,33062012,123282,0,22311,0,184680997,128028074
"2022-02-01",0,0,0,0,0,0,0,0,17239172,31609186,48848358,9394958,23667054,33062012,440655,0,627615,0,185121652,128655689
"2022-02-02",92954,261237,354191,0,176602,50356,226958,0,17332126,31870423,49202549,9445314,23843656,33288970,115894,0,81977,0,185237546,128737666
"2022-02-03",132486,340656,473142,0,235996,71991,307987,0,17464612,32211079,49675691,9517305,24079652,33596957,385020,0,667861,0,185622566,129405527
"2022-02-04",0,0,0,0,0,0,0,0,17464612,32211079,49675691,9517305,24079652,33596957,396673,0,716993,0,186019239,130122520
"2022-02-05",151143,323891,475034,0,221594,84648,306242,0,17615755,32534970,50150725,9601953,24301246,33903199,368832,0,661679,0,186388071,130784199
"2022-02-06",147613,277613,425226,0,182011,83548,265559,0,17763368,32812583,50575951,9685501,24483257,34168758,201679,0,296532,0,186589750,131080731
"2022-02-07",0,0,0,0,0,0,0,0,17763368,32812583,50575951,9685501,24483257,34168758,113640,0,38694,0,186703390,131119425
"2022-02-08",149422,305497,454919,0,201431,83207,284638,0,17912790,33118080,51030870,9768708,24684688,34453396,344172,0,970694,0,187047562,132090119
"2022-02-09",172084,232422,404506,0,150516,95309,245825,0,18084874,33350502,51435376,9864017,24835204,34699221,242445,0,577872,0,187290007,132667991
"2022-02-10",0,0,0,0,0,0,0,0,18084874,33350502,51435376,9864017,24835204,34699221,406703,0,1035757,0,187696710,133703748
"2022-02-11",140433,223132,363565,0,149132,77370,226502,0,18225307,33573634,51798941,9941387,24984336,34925723,222044,0,700241,0,187918754,134403989
"2022-02-12",202232,327809,530041,0,214329,106816,321145,0,18427539,33901443,52328982,10048203,25198665,35246868,141952,0,805244,0,188060706,135209233
"2022-02-13",168170,282870,451040,0,184834,87659,272493,0,18595709,34184313,52780022,10135862,25383499,35519361,222145,0,557443,0,188282851,135766676
"2022-02-14",119509,320689,440198,0,207857,66057,273914,0,18715218,34505002,53220220,10201919,25591356,35793275,55693,0,47353,0,188338544,135814029
"2022-02-15",180027,402801,582828,0,261820,96450,358270,0,18895245,34907803,53803048,10298369,25853176,36151545,252141,0,833899,0,188590685,136647928
"2022-02-16",194555,371495,566050,0,243225,104855,348080,0,19089800,35279298,54369098,10403224,26096401,36499625,242795,0,837447,0,188833480,137485375
"2022-02-17",0,0,0,0,0,0,0,0,19089800,35279298,54369098,10403224,26096401,36499625,233936,0,795584,0,189067416,138280959
"2022-02-18",191846,309781,501627,0,206541,101066,307607,0,19281646,35589079,54870725,10504290,26302942,36807232,239968,0,859508,0,189307384,139140467
"2022-02-19",176681,313099,489780,0,213476,95679,309155,0,19458327,35902178,55360505,10599969,26516418,37116387,226314,0,805661,0,189533698,139946128
"2022-02-20",167607,266928,434535,0,176764,89005,265769,0,19625934,36169106,55795040,10688974,26693182,37382156,113219,0,354959,0,189646917,140301087
"2022-02-21",112959,279601,392560,0,182653,60573,243226,0,19738893,36448707,56187600,10749547,26875835,37625382,47165,0,119384,0,189694082,140420471
"2022-02-22",179518,357563,537081,0,234655,91767,326422,0,19918411,36806270,56724681,10841314,27110490,37951804,191776,0,621930,0,189885858,141042401
"2022-02-23",177061,342471,519532,0,212200,97288,309488,0,20095472,37148741,57244213,10938602,27322690,38261292,207044,0,763929,0,190092902,141806330
"2022-02-24",166545,338845,505390,0,195082,92945,288027,0,20262017,37487586,57749603,11031547,27517772,38549319,217607,0,710916,0,190310509,142517246
"2022-02-25",158342,326190,484532,0,190313,85440,275753,0,20420359,37813776,58234135,11116987,27708085,38825072,220605,0,763049,0,190531114,143280295
"2022-02-26",151041,340089,491130,0,210713,82473,293186,0,20571400,38153865,58725265,11199460,27918798,39118258,141174,0,494396,0,190672288,143774691
"2022-02-27",130270,240342,370612,0,121502,73229,194731,0,20701670,38394207,59095877,11272689,28040300,39312989,269,0,3932,0,190672557,143778623
"2022-02-28",89532,186683,276215,0,82779,54790,137569,0,20791202,38580890,59372092,11327479,28123079,39450558,297042,0,680133,0,190969599,144458756
"2022-03-01",100562,338189,438751,0,146282,55723,202005,0,20891764,38919079,59810843,11383202,28269361,39652563,7235,0,47050,0,190976834,144505806
"2022-03-02",147609,453843,601452,0,180956,79118,260074,0,21039373,39372922,60412295,11462320,28450317,39912637,680,0,1191,0,190977514,144506997
"2022-03-03",137501,249795,387296,0,139277,74488,213765,0,21176874,39622717,60799591,11536808,28589594,40126402,132895,0,1697144,0,191110409,146204141
"2022-03-04",86665,254966,341631,0,144280,49701,193981,0,21263539,39877683,61141222,11586509,28733874,40320383,521033,0,350743,0,191631442,146554884
"2022-03-05",0,0,0,0,0,0,0,0,21263539,39877683,61141222,11586509,28733874,40320383,203986,0,725625,0,191835428,147280509
"2022-03-06",109466,247545,357011,0,143270,62272,205542,0,21373005,40125228,61498233,11648781,28877144,40525925,168062,0,577802,0,192003490,147858311
"2022-03-07",76388,298251,374639,0,169715,45681,215396,0,21449393,40423479,61872872,11694462,29046859,40741321,65273,0,163040,0,192068763,148021351
"2022-03-08",116877,293689,410566,0,161729,65527,227256,0,21566270,40717168,62283438,11759989,29208588,40968577,194941,0,566367,0,192263704,148587718
"2022-03-09",108394,218353,326747,0,127377,56947,184324,0,21674664,40935521,62610185,11816936,29335965,41152901,148944,0,402204,0,192412648,148989922
"2022-03-10",90508,167489,257997,0,90008,47756,137764,0,21765172,41103010,62868182,11864692,29425973,41290665,364313,0,803609,0,192776961,149793531
"2022-03-11",0,0,0,0,0,0,0,0,21765172,41103010,62868182,11864692,29425973,41290665,237353,0,487103,0,193014314,150280634
"2022-03-12",70718,140384,211102,0,58893,40325,99218,0,21835890,41243394,63079284,11905017,29484866,41389883,215164,0,493147,0,193229478,150773781
"2022-03-13",65293,105547,170840,0,62837,37341,100178,0,21901183,41348941,63250124,11942358,29547703,41490061,171016,0,604945,0,193400494,151378726
"2022-03-14",49488,145741,195229,0,91536,28271,119807,0,21950671,41494682,63445353,11970629,29639239,41609868,73543,0,107698,0,193474037,151486424
"2022-03-15",75730,160274,236004,0,105560,42476,148036,0,22026401,41654956,63681357,12013105,29744799,41757904,184827,0,335419,0,193658864,151821843
"2022-03-16",0,0,0,0,0,0,0,0,22026401,41654956,63681357,12013105,29744799,41757904,244613,0,583348,0,193903477,152405191
"2022-03-17",61634,132392,194026,0,88996,36007,125003,0,22088035,41787348,63875383,12049112,29833795,41882907,232651,0,324397,0,194136128,152729588
"2022-03-18",0,0,0,0,0,0,0,0,22088035,41787348,63875383,12049112,29833795,41882907,301391,0,718563,0,194437519,153448151
"2022-03-19",52244,102413,154657,0,68822,30899,99721,0,22140279,41889761,64030040,12080011,29902617,41982628,122093,0,201247,0,194559612,153649398
"2022-03-20",47758,74306,122064,0,48762,28528,77290,0,22188037,41964067,64152104,12108539,29951379,42059918,0,0,617951,0,194559612,154267349
"2022-03-21",34544,120065,154609,0,82146,21033,103179,0,22222581,42084132,64306713,12129572,30033525,42163097,225881,0,102731,0,194785493,154370080
"2022-03-22",54806,134562,189368,0,91813,31472,123285,0,22277387,42218694,64496081,12161044,30125338,42286382,121407,0,1021670,0,194906900,155391750
"2022-03-23",49878,116548,166426,0,80224,29470,109694,0,22327265,42335242,64662507,12190514,30205562,42396076,322631,0,747766,0,195229531,156139516
"2022-03-24",0,0,0,0,0,0,0,0,22327265,42335242,64662507,12190514,30205562,42396076,137294,0,196896,0,195366825,156336412
"2022-03-25",42907,101300,144207,0,73686,25552,99238,0,22370172,42436542,64806714,12216066,30279248,42495314,166512,0,299923,0,195533337,156636335
"2022-03-26",42109,86862,128971,0,64710,25719,90429,0,22412281,42523404,64935685,12241785,30343958,42585743,185728,0,933620,0,195719065,157569955
"2022-03-27",0,0,0,0,0,0,0,0,22412281,42523404,64935685,12241785,30343958,42585743,170150,0,270803,0,195889215,157840758
"2022-03-28",27692,102202,129894,0,72777,16890,89667,0,22439973,42625606,65065579,12258675,30416735,42675410,68824,0,133749,0,195958039,157974507
"2022-03-29",41880,116222,158102,0,81566,24875,106441,0,22481853,42741828,65223681,12283550,30498301,42781851,282832,0,855959,0,196240871,158830466
"2022-03-30",40562,93798,134360,0,62584,25026,87610,0,22522415,42835626,65358041,12308576,30560885,42869461,113796,0,195509,0,196354667,159025975
"2022-03-31",40125,93268,133393,0,59298,24965,84263,0,22562540,42928894,65491434,12333541,30620183,42953724,179599,0,299285,0,196534266,159325260
"2022-04-01",0,0,0,0,0,0,0,0,22562540,42928894,65491434,12333541,30620183,42953724,184834,0,361232,0,196719100,159686492
"2022-04-02",32294,66786,99080,0,41551,21266,62817,0,22594834,42995680,65590514,12354807,30661734,43016541,131237,0,264499,0,196850337,159950991
"2022-04-03",31364,51551,82915,0,31576,20721,52297,0,22626198,43047231,65673429,12375528,30693310,43068838,21872,0,37176,0,196872209,159988167
"2022-04-04",27184,102682,129866,0,61529,17390,78919,0,22653382,43149913,65803295,12392918,30754839,43147757,7907,0,118944,0,196880116,160107111
"2022-04-05",36171,116251,152422,0,71542,23061,94603,0,22689553,43266164,65955717,12415979,30826381,43242360,39,0,101,0,196880155,160107212
"2022-04-06",0,0,0,0,0,0,0,0,22689553,43266164,65955717,12415979,30826381,43242360,227752,0,634177,0,197107907,160741389
"2022-04-07",29586,100155,129741,0,64730,18970,83700,0,22719139,43366319,66085458,12434949,30891111,43326060,108988,0,194526,0,197216895,160935915
"2022-04-08",28638,101781,130419,0,66848,17916,84764,0,22747777,43468100,66215877,12452865,30957959,43410824,96668,0,183192,0,197313563,161119107
"2022-04-09",25895,95911,121806,0,68226,16563,84789,0,22773672,43564011,66337683,12469428,31026185,43495613,90829,0,213931,0,197404392,161333038
"2022-04-10",25444,76708,102152,0,58867,16230,75097,0,22799116,43640719,66439835,12485658,31085052,43570710,89019,0,90366,0,197493411,161423404
"2022-04-11",21339,108261,129600,0,83626,13288,96914,0,22820455,43748980,66569435,12498946,31168678,43667624,47031,0,110585,0,197540442,161533989
"2022-04-12",0,0,0,0,0,0,0,0,22820455,43748980,66569435,12498946,31168678,43667624,119894,0,227644,0,197660336,161761633
"2022-04-13",28577,112440,141017,0,79771,17978,97749,0,22849032,43861420,66710452,12516924,31248449,43765373,55216,0,170872,0,197715552,161932505
"2022-04-14",0,0,0,0,0,0,0,0,22849032,43861420,66710452,12516924,31248449,43765373,195213,0,272468,0,197910765,162204973
"2022-04-15",24511,83094,107605,0,57271,15713,72984,0,22873543,43944514,66818057,12532637,31305720,43838357,101354,0,167137,0,198012119,162372110
"2022-04-16",18694,79765,98459,0,52432,12820,65252,0,22892237,44024279,66916516,12545457,31358152,43903609,87890,0,188521,0,198100009,162560631
"2022-04-17",24580,78477,103057,0,50395,16140,66535,0,22916817,44102756,67019573,12561597,31408547,43970144,91829,0,189426,0,198191838,162750057
"2022-04-18",0,0,0,0,0,0,0,0,22916817,44102756,67019573,12561597,31408547,43970144,56228,0,129038,0,198248066,162879095
"2022-04-19",0,0,0,0,0,0,0,0,22916817,44102756,67019573,12561597,31408547,43970144,103372,0,157719,0,198351438,163036814
"2022-04-20",28185,104920,133105,0,83485,18245,101730,0,22945002,44207676,67152678,12579842,31492032,44071874,127225,0,143314,0,198478663,163180128
"2022-04-21",26394,105692,132086,0,84273,17030,101303,0,22971396,44313368,67284764,12596872,31576305,44173177,118342,0,178519,0,198597005,163358647
"2022-04-22",23986,95707,119693,0,72234,15239,87473,0,22995382,44409075,67404457,12612111,31648539,44260650,142661,0,351045,0,198739666,163709692
"2022-04-23",24033,91037,115070,0,67605,15745,83350,0,23019415,44500112,67519527,12627856,31716144,44344000,91448,0,165150,0,198831114,163874842
"2022-04-24",21790,72798,94588,0,58001,14898,72899,0,23041205,44572910,67614115,12642754,31774145,44416899,69208,0,79188,0,198900322,163954030
"2022-04-25",18808,100949,119757,0,77493,11672,89165,0,23060013,44673859,67733872,12654426,31851638,44506064,46039,0,69653,0,198946361,164023683
"2022-04-26",27603,103654,131257,0,81279,17805,99084,0,23087616,44777513,67865129,12672231,31932917,44605148,93272,0,156473,0,199039633,164180156
"2022-04-27",0,0,0,0,0,0,0,0,23087616,44777513,67865129,12672231,31932917,44605148,74081,0,158697,0,199113714,164338853
"2022-04-28",24299,93967,118266,0,65580,15389,80969,0,23111915,44871480,67983395,12687620,31998497,44686117,78179,0,318457,0,199191893,164657310
"2022-04-29",20138,77747,97885,0,58607,13266,71873,0,23132053,44949227,68081280,12700886,32057104,44757990,104265,0,394979,0,199296158,165052289
"2022-04-30",17956,67929,85885,0,52732,11766,64498,0,23150009,45017156,68167165,12712652,32109836,44822488,50370,0,81970,0,199346528,165134259
"2022-05-01",0,0,0,0,0,0,0,0,23150009,45017156,68167165,12712652,32109836,44822488,0,0,95801,0,199346528,165230060
"2022-05-02",8565,37393,45958,0,29655,6179,35834,0,23158574,45054549,68213123,12718831,32139491,44858322,0,0,146931,0,199346528,165376991
"2022-05-03",6176,40602,46778,0,33581,4390,37971,0,23164750,45095151,68259901,12723221,32173072,44896293,0,0,48264,0,199346528,165425255
"2022-05-04",10559,59207,69766,0,42281,7369,49650,0,23175309,45154358,68329667,12730590,32215353,44945943,0,0,0,0,199346528,165425255
"2022-05-05",0,0,0,0,0,0,0,0,23175309,45154358,68329667,12730590,32215353,44945943,0,0,175678,0,199346528,165600933
"2022-05-06",17218,78846,96064,0,51269,11987,63256,0,23192527,45233204,68425731,12742577,32266622,45009199,0,0,12828,0,199346528,165613761
"2022-05-07",21192,86399,107591,0,45970,15286,61256,0,23213719,45319603,68533322,12757863,32312592,45070455,0,0,18407,0,199346528,165632168
"2022-05-08",26054,93505,119559,0,45964,18708,64672,0,23239773,45413108,68652881,12776571,32358556,45135127,0,0,9823,0,199346528,165641991
"2022-05-09",0,0,0,0,0,0,0,0,23239773,45413108,68652881,12776571,32358556,45135127,0,0,14112,0,199346528,165656103
"2022-05-10",35483,172665,208148,0,102563,24648,127211,0,23275256,45585773,68861029,12801219,32461119,45262338,6037,0,51584,0,199352565,165707687
"2022-05-11",29707,137314,167021,0,55058,19270,74328,0,23304963,45723087,69028050,12820489,32516177,45336666,43289,0,132169,0,199395854,165839856
"2022-05-12",0,0,0,0,0,0,0,0,23304963,45723087,69028050,12820489,32516177,45336666,54813,0,129279,0,199450667,165969135
"2022-05-13",25596,120883,146479,0,94962,16491,111453,0,23330559,45843970,69174529,12836980,32611139,45448119,62878,0,111396,0,199513545,166080531
"2022-05-14",24907,105441,130348,0,87506,15527,103033,0,23355466,45949411,69304877,12852507,32698645,45551152,42913,0,79967,0,199556458,166160498
"2022-05-15",21454,79447,100901,0,61139,13936,75075,0,23376920,46028858,69405778,12866443,32759784,45626227,48035,0,91850,0,199604493,166252348
"2022-05-16",15234,72911,88145,0,57469,10258,67727,0,23392154,46101769,69493923,12876701,32817253,45693954,20913,0,20831,0,199625406,166273179
"2022-05-17",21290,115087,136377,0,92391,14223,106614,0,23413444,46216856,69630300,12890924,32909644,45800568,19065,0,17579,0,199644471,166290758
"2022-05-18",29421,122751,152172,0,97127,19136,116263,0,23442865,46339607,69782472,12910060,33006771,45916831,70974,0,116223,0,199715445,166406981
"2022-05-19",26085,101379,127464,0,76910,16294,93204,0,23468950,46440986,69909936,12926354,33083681,46010035,26357,0,85293,0,199741802,166492274
"2022-05-20",20913,77972,98885,0,54016,12665,66681,0,23489863,46518958,70008821,12939019,33137697,46076716,56909,0,140428,0,199798711,166632702
"2022-05-21",17528,61086,78614,0,43847,11203,55050,0,23507391,46580044,70087435,12950222,33181544,46131766,45565,0,132018,0,199844276,166764720
"2022-05-22",17013,45648,62661,0,34956,11262,46218,0,23524404,46625692,70150096,12961484,33216500,46177984,39277,0,72895,0,199883553,166837615
"2022-05-23",13636,67561,81197,0,52622,8179,60801,0,23538040,46693253,70231293,12969663,33269122,46238785,33777,0,73842,0,199917330,166911457
"2022-05-24",22177,77712,99889,0,57088,14160,71248,0,23560217,46770965,70331182,12983823,33326210,46310033,37740,0,60416,0,199955070,166971873
"2022-05-25",23866,62154,86020,0,43935,15889,59824,0,23584083,46833119,70417202,12999712,33370145,46369857,60675,0,96507,0,200015745,167068380
"2022-05-26",18127,39776,57903,0,28588,12496,41084,0,23602210,46872895,70475105,13012208,33398733,46410941,68335,0,88476,0,200084080,167156856
"2022-05-27",14872,48759,63631,0,29866,9111,38977,0,23617082,46921654,70538736,13021319,33428599,46449918,28782,0,41281,0,200112862,167198137
"2022-05-28",0,0,0,0,0,0,0,0,23617082,46921654,70538736,13021319,33428599,46449918,50664,0,66252,0,200163526,167264389
"2022-05-29",13435,34125,47560,0,17026,9186,26212,0,23630517,46955779,70586296,13030505,33445625,46476130,34662,0,60741,0,200198188,167325130
"2022-05-30",11447,58546,69993,0,27228,7108,34336,0,23641964,47014325,70656289,13037613,33472853,46510466,3994,0,5002,0,200202182,167330132
"2022-05-31",0,0,0,0,0,0,0,0,23641964,47014325,70656289,13037613,33472853,46510466,65226,0,90678,0,200267408,167420810
"2022-06-01",0,0,0,0,0,0,0,0,23641964,47014325,70656289,13037613,33472853,46510466,60417,0,86435,0,200327825,167507245
"2022-06-02",12727,46796,59523,0,34438,8587,43025,0,23654691,47061121,70715812,13046200,33507291,46553491,0,0,0,0,200327825,167507245
"2022-06-03",18066,54420,72486,0,39195,12244,51439,0,23672757,47115541,70788298,13058444,33546486,46604930,66963,0,91160,0,200394788,167598405
"2022-06-04",19444,41487,60931,0,30787,14328,45115,0,23692201,47157028,70849229,13072772,33577273,46650045,42960,0,46298,0,200437748,167644703
"2022-06-05",16339,28518,44857,0,22412,11482,33894,0,23708540,47185546,70894086,13084254,33599685,46683939,34777,0,54325,0,200472525,167699028
"2022-06-06",12072,55983,68055,0,43548,8347,51895,0,23720612,47241529,70962141,13092601,33643233,46735834,17735,0,31046,0,200490260,167730074
"2022-06-07",0,0,0,0,0,0,0,0,23720612,47241529,70962141,13092601,33643233,46735834,138916,0,66246,0,200629176,167796320
"2022-06-08",19185,53713,72898,0,38795,12263,51058,0,23739797,47295242,71035039,13104864,33682028,46786892,52727,0,63238,0,200681903,167859558
"2022-06-09",19690,51342,71032,0,34748,13435,48183,0,23759487,47346584,71106071,13118299,33716776,46835075,50217,0,62639,0,200732120,167922197
"2022-06-10",18712,46929,65641,0,31769,11929,43698,0,23778199,47393513,71171712,13130228,33748545,46878773,61052,0,75602,0,200793172,167997799
"2022-06-11",16967,39183,56150,0,32221,11586,43807,0,23795166,47432696,71227862,13141814,33780766,46922580,25369,0,33136,0,200818541,168030935
"2022-06-12",16313,29486,45799,0,21669,12250,33919,0,23811479,47462182,71273661,13154064,33802435,46956499,27225,0,37681,0,200845766,168068616
"2022-06-13",13423,52877,66300,0,35190,9377,44567,0,23824902,47515059,71339961,13163441,33837625,47001066,20962,0,27810,0,200866728,168096426
"2022-06-14",22778,56742,79520,0,35796,16009,51805,0,23847680,47571801,71419481,13179450,33873421,47052871,53964,0,63431,0,200920692,168159857
"2022-06-15",24323,54678,79001,0,40334,17482,57816,0,23872003,47626479,71498482,13196932,33913755,47110687,20948,0,24085,0,200941640,168183942
"2022-06-16",22434,54025,76459,0,39234,15942,55176,0,23894437,47680504,71574941,13212874,33952989,47165863,58920,0,67853,0,201000560,168251795
"2022-06-17",24981,50624,75605,0,35099,17710,52809,0,23919418,47731128,71650546,13230584,33988088,47218672,95152,0,126731,0,201095712,168378526
"2022-06-18",20216,42893,63109,0,32516,13748,46264,0,23939634,47774021,71713655,13244332,34020604,47264936,35392,0,50544,0,201131104,168429070
"2022-06-19",19779,31272,51051,0,17792,14494,32286,0,23959413,47805293,71764706,13258826,34038396,47297222,14389,0,18668,0,201145493,168447738
"2022-06-20",0,0,0,0,0,0,0,0,23959413,47805293,71764706,13258826,34038396,47297222,31745,0,55674,0,201177238,168503412
"2022-06-21",25185,65915,91100,0,44960,16361,61321,0,23984598,47871208,71855806,13275187,34083356,47358543,10257,0,8148,0,201187495,168511560
"2022-06-22",26397,56447,82844,0,41213,18934,60147,0,24010995,47927655,71938650,13294121,34124569,47418690,55196,0,78485,0,201242691,168590045
"2022-06-23",24394,53027,77421,0,32516,16015,48531,0,24035389,47980682,72016071,13310136,34157085,47467221,34693,0,54171,0,201277384,168644216
"2022-06-24",0,0,0,0,0,0,0,0,24035389,47980682,72016071,13310136,34157085,47467221,19362,0,16758,0,201296746,168660974
"2022-06-25",22421,42079,64500,0,32666,15538,48204,0,24057810,48022761,72080571,13325674,34189751,47515425,53486,0,123200,0,201350232,168784174
"2022-06-26",19900,30985,50885,0,24348,14498,38846,0,24077710,48053746,72131456,13340172,34214099,47554271,16044,0,39601,0,201366276,168823775
"2022-06-27",17576,55348,72924,0,41881,11990,53871,0,24095286,48109094,72204380,13352162,34255980,47608142,13271,0,37068,0,201379547,168860843
"2022-06-28",27925,60793,88718,0,43810,18877,62687,0,24123211,48169887,72293098,13371039,34299790,47670829,38513,0,39738,0,201418060,168900581
"2022-06-29",25685,54335,80020,0,37650,17067,54717,0,24148896,48224222,72373118,13388106,34337440,47725546,36112,0,64285,0,201454172,168964866
"2022-06-30",0,0,0,0,0,0,0,0,24148896,48224222,72373118,13388106,34337440,47725546,18684,0,16030,0,201472856,168980896
"2022-07-01",23772,54918,78690,0,40929,14926,55855,0,24172668,48279140,72451808,13403032,34378369,47781401,61939,0,90969,0,201534795,169071865
"2022-07-02",19727,43499,63226,0,33196,12690,45886,0,24192395,48322639,72515034,13415722,34411565,47827287,22606,0,39889,0,201557401,169111754
"2022-07-03",0,0,0,0,0,0,0,0,24192395,48322639,72515034,13415722,34411565,47827287,7905,0,5803,0,201565306,169117557
"2022-07-04",13818,56410,70228,0,36364,8874,45238,0,24206213,48379049,72585262,13424596,34447929,47872525,24294,0,50940,0,201589600,169168497
"2022-07-05",25504,65514,91018,0,50319,16422,66741,0,24231717,48444563,72676280,13441018,34498248,47939266,26800,0,23950,0,201616400,169192447
"2022-07-06",24331,55044,79375,0,42302,14820,57122,0,24256048,48499607,72755655,13455838,34540550,47996388,27297,0,39727,0,201643697,169232174
"2022-07-07",22864,53643,76507,0,41643,14295,55938,0,24278912,48553250,72832162,13470133,34582193,48052326,6353,0,2942,0,201650050,169235116
"2022-07-08",22097,49810,71907,0,36758,12670,49428,0,24301009,48603060,72904069,13482803,34618951,48101754,0,0,0,0,201650050,169235116
"2022-07-09",20669,34375,55044,0,22732,12398,35130,0,24321678,48637435,72959113,13495201,34641683,48136884,90812,0,43333,0,201740862,169278449
"2022-07-10",15798,25904,41702,0,19791,10522,30313,0,24337476,48663339,73000815,13505723,34661474,48167197,8395,0,81010,0,201749257,169359459
"2022-07-11",13045,58050,71095,0,45128,8052,53180,0,24350521,48721389,73071910,13513775,34706602,48220377,12525,0,15909,0,201761782,169375368
"2022-07-12",26343,71592,97935,0,56244,16116,72360,0,24376864,48792981,73169845,13529891,34762846,48292737,5376,0,3218,0,201767158,169378586
"2022-07-13",25337,63517,88854,0,48493,16460,64953,0,24402201,48856498,73258699,13546351,34811339,48357690,55163,0,39074,0,201822321,169417660
"2022-07-14",25348,61164,86512,0,46879,15880,62759,0,24427549,48917662,73345211,13562231,34858218,48420449,10118,0,5575,0,201832439,169423235
"2022-07-15",24615,58802,83417,0,47618,15601,63219,0,24452164,48976464,73428628,13577832,34905836,48483668,59646,0,82305,0,201892085,169505540
"2022-07-16",33707,51089,84796,0,40605,21970,62575,0,24485871,49027553,73513424,13599802,34946441,48546243,15249,0,8704,0,201907334,169514244
"2022-07-17",0,0,0,0,0,0,0,0,24485871,49027553,73513424,13599802,34946441,48546243,37530,0,51165,0,201944864,169565409
"2022-07-18",20117,85048,105165,0,64308,13162,77470,0,24505988,49112601,73618589,13612964,35010749,48623713,21952,0,16642,0,201966816,169582051
"2022-07-19",34241,92792,127033,0,66319,21397,87716,0,24540229,49205393,73745622,13634361,35077068,48711429,27325,0,31117,0,201994141,169613168
"2022-07-20",34926,83980,118906,0,65351,22080,87431,0,24575155,49289373,73864528,13656441,35142419,48798860,51940,0,51141,0,202046081,169664309
"2022-07-21",37474,85512,122986,0,65219,24893,90112,0,24612629,49374885,73987514,13681334,35207638,48888972,33916,0,39635,0,202079997,169703944
"2022-07-22",34124,78666,112790,0,58848,21969,80817,0,24646753,49453551,74100304,13703303,35266486,48969789,23686,0,15488,0,202103683,169719432
"2022-07-23",32541,72099,104640,0,48654,19832,68486,0,24679294,49525650,74204944,13723135,35315140,49038275,59709,0,63732,0,202163392,169783164
"2022-07-24",28211,55963,84174,0,41284,16366,57650,0,24707505,49581613,74289118,13739501,35356424,49095925,34340,0,34768,0,202197732,169817932
"2022-07-25",23794,86725,110519,0,63716,14302,78018,0,24731299,49668338,74399637,13753803,35420140,49173943,23016,0,20876,0,202220748,169838808
"2022-07-26",37375,104586,141961,0,79713,23529,103242,0,24768674,49772924,74541598,13777332,35499853,49277185,47980,0,43577,0,202268728,169882385
"2022-07-27",38422,85924,124346,0,38496,23355,61851,0,24807096,49858848,74665944,13800687,35538349,49339036,65063,0,54087,0,202333791,169936472
"2022-07-28",35550,86679,122229,0,33029,22130,55159,0,24842646,49945527,74788173,13822817,35571378,49394195,11583,0,6007,0,202345374,169942479
"2022-07-29",34851,74665,109516,0,30182,21560,51742,0,24877497,50020192,74897689,13844377,35601560,49445937,75765,0,79406,0,202421139,170021885
"2022-07-30",33539,57726,91265,0,22780,20621,43401,0,24911036,50077918,74988954,13864998,35624340,49489338,22072,0,13809,0,202443211,170035694
"2022-07-31",24893,49746,74639,0,20272,14954,35226,0,24935929,50127664,75063593,13879952,35644612,49524564,35497,0,43905,0,202478708,170079599
"2022-08-01",0,0,0,0,0,0,0,0,24935929,50127664,75063593,13879952,35644612,49524564,6960,0,4803,0,202485668,170084402
"2022-08-02",0,0,0,0,0,0,0,0,24935929,50127664,75063593,13879952,35644612,49524564,61000,0,52209,0,202546668,170136611
"2022-08-03",35416,86120,121536,0,38750,21412,60162,0,24971345,50213784,75185129,13901364,35683362,49584726,16721,0,6768,0,202563389,170143379
"2022-08-04",39021,86735,125756,0,37419,23516,60935,0,25010366,50300519,75310885,13924880,35720781,49645661,59996,0,58270,0,202623385,170201649
"2022-08-05",34475,77744,112219,0,34731,20614,55345,0,25044841,50378263,75423104,13945494,35755512,49701006,64113,0,49029,0,202687498,170250678
"2022-08-06",33950,68850,102800,0,29290,20630,49920,0,25078791,50447113,75525904,13966124,35784802,49750926,0,0,0,0,202687498,170250678
"2022-08-07",0,0,0,0,0,0,0,0,25078791,50447113,75525904,13966124,35784802,49750926,47630,0,48126,0,202735128,170298804
"2022-08-08",23221,84467,107688,0,30530,14835,45365,0,25102012,50531580,75633592,13980959,35815332,49796291,0,0,0,0,202735128,170298804
"2022-08-09",39176,89327,128503,0,33454,24331,57785,0,25141188,50620907,75762095,14005290,35848786,49854076,36886,0,23459,0,202772014,170322263
"2022-08-10",38110,83799,121909,0,33018,22564,55582,0,25179298,50704706,75884004,14027854,35881804,49909658,41301,0,34186,0,202813315,170356449
"2022-08-11",36647,86872,123519,0,32759,21735,54494,0,25215945,50791578,76007523,14049589,35914563,49964152,28430,0,36155,0,202841745,170392604
"2022-08-12",33739,85207,118946,0,31227,20733,51960,0,25249684,50876785,76126469,14070322,35945790,50016112,50151,0,40042,0,202891896,170432646
"2022-08-13",31356,65376,96732,0,21942,18279,40221,0,25281040,50942161,76223201,14088601,35967732,50056333,57419,0,52505,0,202949315,170485151
"2022-08-14",0,0,0,0,0,0,0,0,25281040,50942161,76223201,14088601,35967732,50056333,2523,0,1604,0,202951838,170486755
"2022-08-15",0,0,0,0,0,0,0,0,25281040,50942161,76223201,14088601,35967732,50056333,14732,0,14786,0,202966570,170501541
"2022-08-16",0,0,0,0,0,0,0,0,25281040,50942161,76223201,14088601,35967732,50056333,51172,0,42667,0,203017742,170544208
"2022-08-17",0,0,0,0,0,0,0,0,25281040,50942161,76223201,14088601,35967732,50056333,9852,0,5459,0,203027594,170549667
"2022-08-18",24963,56734,81697,0,19277,16048,35325,0,25306003,50998895,76304898,14104649,35987009,50091658,10286,0,8577,0,203037880,170558244
"2022-08-19",0,0,0,0,0,0,0,0,25306003,50998895,76304898,14104649,35987009,50091658,44739,0,31653,0,203082619,170589897
"2022-08-20",31383,51752,83135,0,18387,19623,38010,0,25337386,51050647,76388033,14124272,36005396,50129668,19071,0,15206,0,203101690,170605103
"2022-08-21",0,0,0,0,0,0,0,0,25337386,51050647,76388033,14124272,36005396,50129668,14318,0,9168,0,203116008,170614271
"2022-08-22",22110,69425,91535,0,26995,14336,41331,0,25359496,51120072,76479568,14138608,36032391,50170999,12720,0,7542,0,203128728,170621813
"2022-08-23",36096,76875,112971,0,29440,22053,51493,0,25395592,51196947,76592539,14160661,36061831,50222492,17680,0,105654,0,203146408,170727467
"2022-08-24",33721,68496,102217,0,23914,22193,46107,0,25429313,51265443,76694756,14182854,36085745,50268599,14665,0,23628,0,203161073,170751095
"2022-08-25",0,0,0,0,0,0,0,0,25429313,51265443,76694756,14182854,36085745,50268599,37035,0,50669,0,203198108,170801764
"2022-08-26",0,0,0,0,0,0,0,0,25429313,51265443,76694756,14182854,36085745,50268599,34188,0,30817,0,203232296,170832581
"2022-08-27",29232,52343,81575,0,19232,18570,37802,0,25458545,51317786,76776331,14201424,36104977,50306401,41332,0,31540,0,203273628,170864121
"2022-08-28",24558,34005,58563,0,13208,15817,29025,0,25483103,51351791,76834894,14217241,36118185,50335426,10976,0,14253,0,203284604,170878374
"2022-08-29",18361,63359,81720,0,24379,11667,36046,0,25501464,51415150,76916614,14228908,36142564,50371472,29945,0,16917,0,203314549,170895291
"2022-08-30",31890,66659,98549,0,26049,19662,45711,0,25533354,51481809,77015163,14248570,36168613,50417183,36949,0,27535,0,203351498,170922826
"2022-08-31",28458,59211,87669,0,23819,18287,42106,0,25561812,51541020,77102832,14266857,36192432,50459289,17017,0,38841,0,203368515,170961667
"2022-09-01",27431,59519,86950,0,24105,17397,41502,0,25589243,51600539,77189782,14284254,36216537,50500791,4880,0,5136,0,203373395,170966803
"2022-09-02",24694,51819,76513,0,20936,15074,36010,0,25613937,51652358,77266295,14299328,36237473,50536801,16177,0,93908,0,203389572,171060711
"2022-09-03",22248,41367,63615,0,16019,13545,29564,0,25636185,51693725,77329910,14312873,36253492,50566365,7632,0,4162,0,203397204,171064873
"2022-09-04",0,0,0,0,0,0,0,0,25636185,51693725,77329910,14312873,36253492,50566365,20322,0,22894,0,203417526,171087767
"2022-09-05",0,0,0,0,0,0,0,0,25636185,51693725,77329910,14312873,36253492,50566365,17848,0,24210,0,203435374,171111977
"2022-09-06",26406,64511,90917,0,23130,15790,38920,0,25662591,51758236,77420827,14328663,36276622,50605285,0,0,0,0,203435374,171111977
"2022-09-07",23700,56532,80232,0,22349,14769,37118,0,25686291,51814768,77501059,14343432,36298971,50642403,0,0,0,0,203435374,171111977
"2022-09-08",0,0,0,0,0,0,0,0,25686291,51814768,77501059,14343432,36298971,50642403,0,0,0,0,203435374,171111977
"2022-09-09",19798,49304,69102,0,18902,12248,31150,0,25706089,51864072,77570161,14355680,36317873,50673553,0,0,0,0,203435374,171111977
"2022-09-10",18252,38799,57051,0,13111,11434,24545,0,25724341,51902871,77627212,14367114,36330984,50698098,0,0,0,0,203435374,171111977
"2022-09-11",15877,27294,43171,0,8068,9358,17426,0,25740218,51930165,77670383,14376472,36339052,50715524,0,0,0,0,203435374,171111977
"2022-09-12",12395,51476,63871,0,20086,7717,27803,0,25752613,51981641,77734254,14384189,36359138,50743327,0,0,0,0,203435374,171111977
"2022-09-13",0,0,0,0,0,0,0,0,25752613,51981641,77734254,14384189,36359138,50743327,792540,0,-272304,0,204227914,170839673
"2022-09-14",20396,54131,74527,0,23464,12966,36430,0,25773009,52035772,77808781,14397155,36382602,50779757,0,0,0,0,204227914,170839673
"2022-09-15",20261,48774,69035,0,21374,12401,33775,0,25793270,52084546,77877816,14409556,36403976,50813532,4587,0,3697,0,204232501,170843370
"2022-09-16",18009,45113,63122,0,20871,11368,32239,0,25811279,52129659,77940938,14420924,36424847,50845771,35909,0,36661,0,204268410,170880031
"2022-09-17",16555,36567,53122,0,16331,10367,26698,0,25827834,52166226,77994060,14431291,36441178,50872469,33364,0,30226,0,204301774,170910257
"2022-09-18",14235,25620,39855,0,10792,8809,19601,0,25842069,52191846,78033915,14440100,36451970,50892070,21723,0,20469,0,204323497,170930726
"2022-09-19",12204,49139,61343,0,20226,7781,28007,0,25854273,52240985,78095258,14447881,36472196,50920077,16066,0,18526,0,204339563,170949252
"2022-09-20",21759,56217,77976,0,23817,13900,37717,0,25876032,52297202,78173234,14461781,36496013,50957794,21739,0,21044,0,204361302,170970296
"2022-09-21",21091,49229,70320,0,21645,13901,35546,0,25897123,52346431,78243554,14475682,36517658,50993340,27235,0,26706,0,204388537,170997002
"2022-09-22",0,0,0,0,0,0,0,0,25897123,52346431,78243554,14475682,36517658,50993340,16387,0,21807,0,204404924,171018809
"2022-09-23",15513,44063,59576,0,18999,10012,29011,0,25912636,52390494,78303130,14485694,36536657,51022351,17069,0,21632,0,204421993,171040441
"2022-09-24",15290,35086,50376,0,14822,9561,24383,0,25927926,52425580,78353506,14495255,36551479,51046734,26143,0,22232,0,204448136,171062673
"2022-09-25",12814,29493,42307,0,10221,8017,18238,0,25940740,52455073,78395813,14503272,36561700,51064972,28067,0,15152,0,204476203,171077825
"2022-09-26",11641,52548,64189,0,20250,7374,27624,0,25952381,52507621,78460002,14510646,36581950,51092596,14900,0,17097,0,204491103,171094922
"2022-09-27",19547,60333,79880,0,22362,12199,34561,0,25971928,52567954,78539882,14522845,36604312,51127157,20549,0,22191,0,204511652,171117113
"2022-09-28",18800,55191,73991,0,22773,12409,35182,0,25990728,52623145,78613873,14535254,36627085,51162339,23797,0,23508,0,204535449,171140621
"2022-09-29",18455,47586,66041,0,20751,12184,32935,0,26009183,52670731,78679914,14547438,36647836,51195274,21071,0,20905,0,204556520,171161526
"2022-09-30",16837,49629,66466,0,20657,10780,31437,0,26026020,52720360,78746380,14558218,36668493,51226711,22271,0,24537,0,204578791,171186063
"2022-10-01",0,0,0,0,0,0,0,0,26026020,52720360,78746380,14558218,36668493,51226711,15383,0,19076,0,204594174,171205139
"2022-10-02",12153,21958,34111,0,9369,7888,17257,0,26038173,52742318,78780491,14566106,36677862,51243968,10910,0,11602,0,204605084,171216741
"2022-10-03",0,0,0,0,0,0,0,0,26038173,52742318,78780491,14566106,36677862,51243968,11049,0,9568,0,204616133,171226309
"2022-10-04",18247,53444,71691,0,19536,11319,30855,0,26056420,52795762,78852182,14577425,36697398,51274823,15412,0,20962,0,204631545,171247271
"2022-10-05",18373,48362,66735,0,18612,11757,30369,0,26074793,52844124,78918917,14589182,36716010,51305192,9385,0,9014,0,204640930,171256285
"2022-10-06",0,0,0,0,0,0,0,0,26074793,52844124,78918917,14589182,36716010,51305192,26292,0,30561,0,204667222,171286846
"2022-10-07",14294,46344,60638,0,16920,8936,25856,0,26089087,52890468,78979555,14598118,36732930,51331048,10782,0,11050,0,204678004,171297896
"2022-10-08",12198,31481,43679,0,10597,7612,18209,0,26101285,52921949,79023234,14605730,36743527,51349257,12334,0,12204,0,204690338,171310100
"2022-10-09",9327,20030,29357,0,8331,6021,14352,0,26110612,52941979,79052591,14611751,36751858,51363609,0,0,0,0,204690338,171310100
"2022-10-10",10325,52106,62431,0,20797,6691,27488,0,26120937,52994085,79115022,14618442,36772655,51391097,10591,0,11893,0,204700929,171321993
"2022-10-11",0,0,0,0,0,0,0,0,26120937,52994085,79115022,14618442,36772655,51391097,21456,0,23148,0,204722385,171345141
"2022-10-12",17908,43412,61320,0,19291,11812,31103,0,26138845,53037497,79176342,14630254,36791946,51422200,0,0,0,0,204722385,171345141
"2022-10-13",16355,46915,63270,0,19001,10351,29352,0,26155200,53084412,79239612,14640605,36810947,51451552,20101,0,20619,0,204742486,171365760
"2022-10-14",15308,45370,60678,0,17725,9084,26809,0,26170508,53129782,79300290,14649689,36828672,51478361,9826,0,15075,0,204752312,171380835
"2022-10-15",0,0,0,0,0,0,0,0,26170508,53129782,79300290,14649689,36828672,51478361,10377,0,18410,0,204762689,171399245
"2022-10-16",11883,25134,37017,0,8859,7228,16087,0,26182391,53154916,79337307,14656917,36837531,51494448,5864,0,10214,0,204768553,171409459
"2022-10-17",9812,50289,60101,0,19719,6384,26103,0,26192203,53205205,79397408,14663301,36857250,51520551,6616,0,9506,0,204775169,171418965
"2022-10-18",18567,48306,66873,0,20681,11255,31936,0,26210770,53253511,79464281,14674556,36877931,51552487,276405,0,294104,0,205051574,171713069
"2022-10-19",16204,52249,68453,0,21551,10558,32109,0,26226974,53305760,79532734,14685114,36899482,51584596,4317,0,15867,0,205055891,171728936
"2022-10-20",16244,46224,62468,0,18760,10411,29171,0,26243218,53351984,79595202,14695525,36918242,51613767,11714,0,18018,0,205067605,171746954
"2022-10-21",15611,42081,57692,0,17073,9943,27016,0,26258829,53394065,79652894,14705468,36935315,51640783,3831,0,4888,0,205071436,171751842
"2022-10-22",13930,34259,48189,0,13976,8998,22974,0,26272759,53428324,79701083,14714466,36949291,51663757,16575,0,25010,0,205088011,171776852
"2022-10-23",12610,21983,34593,0,9196,7644,16840,0,26285369,53450307,79735676,14722110,36958487,51680597,3857,0,9780,0,205091868,171786632
"2022-10-24",11247,43916,55163,0,18402,7103,25505,0,26296616,53494223,79790839,14729213,36976889,51706102,5020,0,11993,0,205096888,171798625
"2022-10-25",18298,51200,69498,0,18345,11674,30019,0,26314914,53545423,79860337,14740887,36995234,51736121,6954,0,13576,0,205103842,171812201
"2022-10-26",17620,41349,58969,0,18321,11464,29785,0,26332534,53586772,79919306,14752351,37013555,51765906,7498,0,16086,0,205111340,171828287
"2022-10-27",17362,44683,62045,0,18110,11033,29143,0,26349896,53631455,79981351,14763384,37031665,51795049,6748,0,13092,0,205118088,171841379
"2022-10-28",15799,44134,59933,0,17442,9871,27313,0,26365695,53675589,80041284,14773255,37049107,51822362,6919,0,11111,0,205125007,171852490
"2022-10-29",16244,33738,49982,0,11335,10098,21433,0,26381939,53709327,80091266,14783353,37060442,51843795,7550,0,13312,0,205132557,171865802
"2022-10-30",13596,23508,37104,0,8382,8799,17181,0,26395535,53732835,80128370,14792152,37068824,51860976,5809,0,7219,0,205138366,171873021
"2022-10-31",11192,45842,57034,0,16321,7534,23855,0,26406727,53778677,80185404,14799686,37085145,51884831,1334,0,2918,0,205139700,171875939
"2022-11-01",21894,54395,76289,0,16697,14364,31061,0,26428621,53833072,80261693,14814050,37101842,51915892,11760,0,27950,0,205151460,171903889
"2022-11-02",0,0,0,0,0,0,0,0,26428621,53833072,80261693,14814050,37101842,51915892,7660,0,16518,0,205159120,171920407
"2022-11-03",20300,45957,66257,0,17466,13522,30988,0,26448921,53879029,80327950,14827572,37119308,51946880,7882,0,16925,0,205167002,171937332
"2022-11-04",20562,42172,62734,0,16349,13549,29898,0,26469483,53921201,80390684,14841121,37135657,51976778,8868,0,20732,0,205175870,171958064
"2022-11-05",18305,34103,52408,0,13383,11533,24916,0,26487788,53955304,80443092,14852654,37149040,52001694,8812,0,20957,0,205184682,171979021
"2022-11-06",0,0,0,0,0,0,0,0,26487788,53955304,80443092,14852654,37149040,52001694,5408,0,10236,0,205190090,171989257
"2022-11-07",15150,45280,60430,0,14350,10098,24448,0,26502938,54000584,80503522,14862752,37163390,52026142,0,0,0,0,205190090,171989257
"2022-11-08",24485,52655,77140,0,19790,16076,35866,0,26527423,54053239,80580662,14878828,37183180,52062008,15962,0,33190,0,205206052,172022447
"2022-11-09",22613,44317,66930,0,16423,14648,31071,0,26550036,54097556,80647592,14893476,37199603,52093079,10917,0,20456,0,205216969,172042903
"2022-11-10",22347,41522,63869,0,15228,14253,29481,0,26572383,54139078,80711461,14907729,37214831,52122560,8996,0,17102,0,205225965,172060005
"2022-11-11",21722,40629,62351,0,14991,13746,28737,0,26594105,54179707,80773812,14921475,37229822,52151297,11303,0,23841,0,205237268,172083846
"2022-11-12",23871,34997,58868,0,12808,15044,27852,0,26617976,54214704,80832680,14936519,37242630,52179149,8450,0,11635,0,205245718,172095481
"2022-11-13",19432,25905,45337,0,8390,11750,20140,0,26637408,54240609,80878017,14948269,37251020,52199289,3068,0,4284,0,205248786,172099765
"2022-11-14",17863,51740,69603,0,17426,11946,29372,0,26655271,54292349,80947620,14960215,37268446,52228661,0,0,0,0,205248786,172099765
"2022-11-15",30418,59069,89487,0,20652,19452,40104,0,26685689,54351418,81037107,14979667,37289098,52268765,17430,0,25079,0,205266216,172124844
"2022-11-16",29037,55658,84695,0,20257,18682,38939,0,26714726,54407076,81121802,14998349,37309355,52307704,6157,0,8266,0,205272373,172133110
"2022-11-17",0,0,0,0,0,0,0,0,26714726,54407076,81121802,14998349,37309355,52307704,9391,0,13906,0,205281764,172147016
"2022-11-18",22832,55645,78477,0,19326,14585,33911,0,26737558,54462721,81200279,15012934,37328681,52341615,10759,0,35169,0,205292523,172182185
"2022-11-19",0,0,0,0,0,0,0,0,26737558,54462721,81200279,15012934,37328681,52341615,14155,0,43495,0,205306678,172225680
"2022-11-20",19577,28631,48208,0,10219,11695,21914,0,26757135,54491352,81248487,15024629,37338900,52363529,6742,0,14322,0,205313420,172240002
"2022-11-21",14998,54911,69909,0,17108,9784,26892,0,26772133,54546263,81318396,15034413,37356008,52390421,5424,0,7753,0,205318844,172247755
"2022-11-22",0,0,0,0,0,0,0,0,26772133,54546263,81318396,15034413,37356008,52390421,12007,0,29168,0,205330851,172276923
"2022-11-23",27602,50779,78381,0,16009,16986,32995,0,26799735,54597042,81396777,15051399,37372017,52423416,59693,0,68384,0,205390544,172345307
"2022-11-24",26176,51936,78112,0,18956,17129,36085,0,26825911,54648978,81474889,15068528,37390973,52459501,8666,0,19600,0,205399210,172364907
"2022-11-25",23134,50166,73300,0,15299,13819,29118,0,26849045,54699144,81548189,15082347,37406272,52488619,9991,0,19708,0,205409201,172384615
"2022-11-26",21353,37576,58929,0,13225,13226,26451,0,26870398,54736720,81607118,15095573,37419497,52515070,0,0,0,0,205409201,172384615
"2022-11-27",17224,24935,42159,0,11967,10537,22504,0,26887622,54761655,81649277,15106110,37431464,52537574,0,0,0,0,205409201,172384615
"2022-11-28",15658,48252,63910,0,26485,8988,35473,0,26903280,54809907,81713187,15115098,37457949,52573047,-1693353,0,1735099,0,203715848,174119714
"2022-11-29",0,0,0,0,0,0,0,0,26903280,54809907,81713187,15115098,37457949,52573047,0,0,0,0,203715848,174119714
"2022-11-30",23396,49633,73029,0,27597,14325,41922,0,26926676,54859540,81786216,15129423,37485546,52614969,0,0,0,0,203715848,174119714
"2022-12-01",21345,48689,70034,0,28505,13159,41664,0,26948021,54908229,81856250,15142582,37514051,52656633,0,0,119410,0,203715848,174239124
"2022-12-02",19236,41599,60835,0,24709,11124,35833,0,26967257,54949828,81917085,15153706,37538760,52692466,-8335,0,20973,0,203707513,174260097
"2022-12-03",18571,32067,50638,0,22127,11233,33360,0,26985828,54981895,81967723,15164939,37560887,52725826,0,0,0,0,203707513,174260097
"2022-12-04",14077,25732,39809,0,17034,8035,25069,0,26999905,55007627,82007532,15172974,37577921,52750895,22532,0,32364,0,203730045,174292461
"2022-12-05",11970,45788,57758,0,32410,6839,39249,0,27011875,55053415,82065290,15179813,37610331,52790144,5564,0,11137,0,203735609,174303598
"2022-12-06",22030,51952,73982,0,32178,12423,44601,0,27033905,55105367,82139272,15192236,37642509,52834745,9595,0,19545,0,203745204,174323143
"2022-12-07",0,0,0,0,0,0,0,0,27033905,55105367,82139272,15192236,37642509,52834745,14334,0,22743,0,203759538,174345886
"2022-12-08",16162,41952,58114,0,26420,9081,35501,0,27050067,55147319,82197386,15201317,37668929,52870246,37772,0,47652,0,203797310,174393538
"2022-12-09",15809,38037,53846,0,26734,9025,35759,0,27065876,55185356,82251232,15210342,37695663,52906005,15246,0,23548,0,203812556,174417086
"2022-12-10",14188,29262,43450,0,20731,8080,28811,0,27080064,55214618,82294682,15218422,37716394,52934816,14572,0,22081,0,203827128,174439167
"2022-12-11",12330,20802,33132,0,14470,7296,21766,0,27092394,55235420,82327814,15225718,37730864,52956582,0,0,0,0,203827128,174439167
"2022-12-12",9536,39307,48843,0,28894,5747,34641,0,27101930,55274727,82376657,15231465,37759758,52991223,6031,0,10064,0,203833159,174449231
"2022-12-13",17101,45036,62137,0,30104,9741,39845,0,27119031,55319763,82438794,15241206,37789862,53031068,19543,0,38350,0,203852702,174487581
"2022-12-14",0,0,0,0,0,0,0,0,27119031,55319763,82438794,15241206,37789862,53031068,9493,0,16020,0,203862195,174503601
"2022-12-15",13212,38447,51659,0,28341,7900,36241,0,27132243,55358210,82490453,15249106,37818203,53067309,14211,0,21634,0,203876406,174525235
"2022-12-16",11778,34846,46624,0,25991,6895,32886,0,27144021,55393056,82537077,15256001,37844194,53100195,13130,0,20299,0,203889536,174545534
"2022-12-17",10876,27468,38344,0,18946,6277,25223,0,27154897,55420524,82575421,15262278,37863140,53125418,4334,0,6189,0,203893870,174551723
"2022-12-18",8741,18141,26882,0,13022,5199,18221,0,27163638,55438665,82602303,15267477,37876162,53143639,13613,0,35567,0,203907483,174587290
