"Date","jumlah_spesimen_pcr_tcm","jumlah_spesimen_antigen","jumlah_spesimen_total","jumlah_spesimen_avg7d","jumlah_orang_antigen","jumlah_orang_pcr_tcm","jumlah_orang_total","jumlah_orang_avg7d","jumlah_spesimen_pcr_tcm_kum","jumlah_spesimen_antigen_kum","jumlah_spesimen_total_kum","jumlah_orang_pcr_tcm_kum","jumlah_orang_antigen_kum","jumlah_orang_total_kum","jumlah_vaksinasi_1","jumlah_vaksinasi_1_avg7d","jumlah_vaksinasi_2","jumlah_vaksinasi_2_avg7d","jumlah_jumlah_vaksinasi_1_kum","jumlah_jumlah_vaksinasi_2_kum"
"2021-03-15",11438902,204952,11643854,0,192024,7589169,7781193,0,11438902,204952,11643854,7589169,192024,7781193,4166862,0,1572786,0,4166862,1572786
"2021-03-16",53586,22040,75626,0,20557,26507,47064,0,11492488,226992,11719480,7615676,212581,7828257,302089,0,143963,0,4468951,1716749
"2021-03-17",54353,21627,75980,0,31339,27413,58752,0,11546841,248619,11795460,7643089,243920,7887009,236297,0,159391,0,4705248,1876140
"2021-03-18",18581,110295,128876,0,81578,11578,93156,0,11565422,358914,11924336,7654667,325498,7980165,133504,0,72391,0,4838752,1948531
"2021-03-19",53760,19700,73460,0,18500,27463,45963,0,11619182,378614,11997796,7682130,343998,8026128,120311,0,119869,0,4959063,2068400
"2021-03-20",50547,19153,69700,0,17991,25816,43807,0,11669729,397767,12067496,7707946,361989,8069935,165885,0,152800,0,5124948,2221200
"2021-03-21",30215,11140,41355,0,10408,15896,26304,0,11699944,408907,12108851,7723842,372397,8096239,408431,0,80778,0,5533379,2301978
"2021-03-22",34113,9642,43755,0,8892,28690,37582,0,11734057,418549,12152606,7752532,381289,8133821,33901,0,10623,0,5567280,2312601
"2021-03-23",52146,25256,77402,0,23267,26858,50125,0,11786203,443805,12230008,7779390,404556,8183946,164930,0,181821,0,5732210,2494422
"2021-03-24",49919,22359,72278,0,20544,29244,49788,0,11836122,466164,12302286,7808634,425100,8233734,246041,0,215123,0,5978251,2709545
"2021-03-25",55783,25308,81091,0,23386,29776,53162,0,11891905,491472,12383377,7838410,448486,8286896,411586,0,231471,0,6389837,2941016
"2021-03-26",49643,21916,71559,0,19952,31667,51619,0,11941548,513388,12454936,7870077,468438,8338515,579364,0,207595,0,6969201,3148611
"2021-03-27",45708,21840,67548,0,20224,25657,45881,0,11987256,535228,12522484,7895734,488662,8384396,209813,0,85199,0,7179014,3233810
"2021-03-28",30289,12396,42685,0,11402,19236,30638,0,12017545,547624,12565169,7914970,500064,8415034,64188,0,12645,0,7243202,3246455
"2021-03-29",29334,17599,46933,0,15986,23056,39042,0,12046879,565223,12612102,7938026,516050,8454076,151219,0,67039,0,7394421,3313494
"2021-03-30",50271,26633,76904,0,23956,24331,48287,0,12097150,591856,12689006,7962357,540006,8502363,335161,0,186770,0,7729582,3500264
"2021-03-31",48128,23312,71440,0,20752,24962,45714,0,12145278,615168,12760446,7987319,560758,8548077,366135,0,209333,0,8095717,3709597
"2021-04-01",47905,24889,72794,0,22237,32529,54766,0,12193183,640057,12833240,8019848,582995,8602843,253758,0,141194,0,8349475,3850791
"2021-04-02",35633,16862,52495,0,15036,26370,41406,0,12228816,656919,12885735,8046218,598031,8644249,69114,0,16775,0,8418589,3867566
"2021-04-03",28807,15259,44066,0,13839,22206,36045,0,12257623,672178,12929801,8068424,611870,8680294,114833,0,84303,0,8533422,3951869
"2021-04-04",21231,15259,36490,0,13451,20430,33881,0,12278854,687437,12966291,8088854,625321,8714175,95760,0,62532,0,8629182,4014401
"2021-04-05",27719,17238,44957,0,15384,22963,38347,0,12306573,704675,13011248,8111817,640705,8752522,208899,0,193925,0,8838081,4208326
"2021-04-06",49408,28634,78042,0,25395,24364,49759,0,12355981,733309,13089290,8136181,666100,8802281,137285,0,170025,0,8975366,4378351
"2021-04-07",51040,26456,77496,0,23580,29877,53457,0,12407021,759765,13166786,8166058,689680,8855738,212391,0,169229,0,9187757,4547580
"2021-04-08",46789,26627,73416,0,23514,30739,54253,0,12453810,786392,13240202,8196797,713194,8909991,122052,0,117611,0,9309809,4665191
"2021-04-09",47128,25584,72712,0,22564,25616,48180,0,12500938,811976,13312914,8222413,735758,8958171,474469,0,278040,0,9784278,4943231
"2021-04-10",40539,23552,64091,0,20810,22897,43707,0,12541477,835528,13377005,8245310,756568,9001878,171155,0,107293,0,9955433,5050524
"2021-04-11",27733,14373,42106,0,12773,18145,30918,0,12569210,849901,13419111,8263455,769341,9032796,90142,0,49466,0,10045575,5099990
"2021-04-12",28327,18004,46331,0,15790,18644,34434,0,12597537,867905,13465442,8282099,785131,9067230,216216,0,210749,0,10261791,5310739
"2021-04-13",47584,29938,77522,0,25010,25631,50641,0,12645121,897843,13542964,8307730,810141,9117871,112172,0,121258,0,10373963,5431997
"2021-04-14",46491,27667,74158,0,23654,20632,44286,0,12691612,925510,13617122,8328362,833795,9162157,103543,0,136860,0,10477506,5568857
"2021-04-15",49727,24856,74583,0,21078,27650,48728,0,12741339,950366,13691705,8356012,854873,9210885,118867,0,144547,0,10596373,5713404
"2021-04-16",46636,26770,73406,0,23076,27022,50098,0,12787975,977136,13765111,8383034,877949,9260983,109811,0,106542,0,10706184,5819946
"2021-04-17",41273,23565,64838,0,20374,24581,44955,0,12829248,1000701,13829949,8407615,898323,9305938,95060,0,69770,0,10801244,5889716
"2021-04-18",25512,13107,38619,0,11327,19953,31280,0,12854760,1013808,13868568,8427568,909650,9337218,27175,0,21205,0,10828419,5910921
"2021-04-19",35052,19676,54728,0,16845,20422,37267,0,12889812,1033484,13923296,8447990,926495,9374485,138515,0,139811,0,10966934,6050732
"2021-04-20",40470,28737,69207,0,24488,23619,48107,0,12930282,1062221,13992503,8471609,950983,9422592,134357,0,81155,0,11101291,6131887
"2021-04-21",45591,26970,72561,0,22860,24188,47048,0,12975873,1089191,14065064,8495797,973843,9469640,167922,0,190116,0,11269213,6322003
"2021-04-22",46879,31714,78593,0,26544,29137,55681,0,13022752,1120905,14143657,8524934,1000387,9525321,163498,0,166194,0,11432711,6488197
"2021-04-23",44717,18906,63623,0,16007,25552,41559,0,13067469,1139811,14207280,8550486,1016394,9566880,155168,0,188951,0,11587879,6677148
"2021-04-24",41484,26267,67751,0,22271,19992,42263,0,13108953,1166078,14275031,8570478,1038665,9609143,111706,0,107446,0,11699585,6784594
"2021-04-25",27046,15673,42719,0,13427,19098,32525,0,13135999,1181751,14317750,8589576,1052092,9641668,34338,0,37710,0,11733923,6822304
"2021-04-26",30464,21414,51878,0,18282,18585,36867,0,13166463,1203165,14369628,8608161,1070374,9678535,110656,0,176000,0,11844579,6998304
"2021-04-27",44443,32178,76621,0,27150,24745,51895,0,13210906,1235343,14446249,8632906,1097524,9730430,136455,0,180464,0,11981034,7178768
"2021-04-28",45360,27923,73283,0,23122,17935,41057,0,13256266,1263266,14519532,8650841,1120646,9771487,131854,0,195690,0,12112888,7374458
"2021-04-29",47043,28777,75820,0,24236,31247,55483,0,13303309,1292043,14595352,8682088,1144882,9826970,167877,0,191913,0,12280765,7566371
"2021-04-30",48373,28853,77226,0,24479,27185,51664,0,13351682,1320896,14672578,8709273,1169361,9878634,105121,0,63488,0,12385886,7629859
"2021-05-01",43594,19623,63217,0,16685,25037,41722,0,13395276,1340519,14735795,8734310,1186046,9920356,57377,0,37724,0,12443263,7667583
"2021-05-02",27283,12675,39958,0,10987,21402,32389,0,13422559,1353194,14775753,8755712,1197033,9952745,13901,0,10902,0,12457164,7678485
"2021-05-03",28611,19588,48199,0,16526,19187,35713,0,13451170,1372782,14823952,8774899,1213559,9988458,88208,0,148711,0,12545372,7827196
"2021-05-04",45888,29997,75885,0,24746,26790,51536,0,13497058,1402779,14899837,8801689,1238305,10039994,127492,0,153859,0,12672864,7981055
"2021-05-05",48729,30589,79318,0,25827,25349,51176,0,13545787,1433368,14979155,8827038,1264132,10091170,160022,0,170887,0,12832886,8151942
"2021-05-06",46540,29733,76273,0,24523,25599,50122,0,13592327,1463101,15055428,8852637,1288655,10141292,162824,0,166002,0,12995710,8317944
"2021-05-07",50207,25783,75990,0,21490,25145,46635,0,13642534,1488884,15131418,8877782,1310145,10187927,140976,0,138315,0,13136686,8456259
"2021-05-08",49036,25511,74547,0,21459,23246,44705,0,13691570,1514395,15205965,8901028,1331604,10232632,147736,0,127595,0,13284422,8583854
"2021-05-09",32981,15920,48901,0,13263,16986,30249,0,13724551,1530315,15254866,8918014,1344867,10262881,56535,0,50692,0,13340957,8634546
"2021-05-10",34046,15437,49483,0,13062,18901,31963,0,13758597,1545752,15304349,8936915,1357929,10294844,134130,0,120710,0,13475087,8755256
"2021-05-11",47560,27856,75416,0,23116,21974,45090,0,13806157,1573608,15379765,8958889,1381045,10339934,140226,0,115168,0,13615313,8870424
"2021-05-12",41184,22074,63258,0,18618,20022,38640,0,13847341,1595682,15443023,8978911,1399663,10378574,63010,0,37841,0,13678323,8908265
"2021-05-13",22395,9155,31550,0,7906,13807,21713,0,13869736,1604837,15474573,8992718,1407569,10400287,17230,0,11292,0,13695553,8919557
"2021-05-14",12141,6399,18540,0,5545,10400,15945,0,13881877,1611236,15493113,9003118,1413114,10416232,3840,0,1874,0,13699393,8921431
"2021-05-15",16517,13070,29587,0,11273,11246,22519,0,13898394,1624306,15522700,9014364,1424387,10438751,22234,0,32869,0,13721627,8954300
"2021-05-16",22097,15376,37473,0,13054,14586,27640,0,13920491,1639682,15560173,9028950,1437441,10466391,15969,0,16415,0,13737596,8970715
"2021-05-17",24905,20748,45653,0,17395,19593,36988,0,13945396,1660430,15605826,9048543,1454836,10503379,65459,0,96267,0,13803055,9066982
"2021-05-18",45416,34332,79748,0,28325,15179,43504,0,13990812,1694762,15685574,9063722,1483161,10546883,148920,0,180618,0,13951975,9247600
"2021-05-19",46744,38235,84979,0,31619,21539,53158,0,14037556,1732997,15770553,9085261,1514780,10600041,147779,0,119035,0,14099754,9366635
"2021-05-20",55641,39794,95435,0,33461,22280,55741,0,14093197,1772791,15865988,9107541,1548241,10655782,269479,0,169467,0,14369233,9536102
"2021-05-21",56598,35454,92052,0,30107,41668,71775,0,14149795,1808245,15958040,9149209,1578348,10727557,237098,0,175144,0,14606331,9711246
"2021-05-22",47721,34095,81816,0,19129,22636,41765,0,14197516,1842340,16039856,9171845,1597477,10769322,209335,0,114253,0,14815666,9825499
"2021-05-23",37476,35482,72958,0,29584,24095,53679,0,14234992,1877822,16112814,9195940,1627061,10823001,75267,0,46165,0,14890933,9871664
"2021-05-24",34132,31337,65469,0,25832,28574,54406,0,14269124,1909159,16178283,9224514,1652893,10877407,28656,0,25318,0,14919589,9896982
"2021-05-25",48738,35686,84424,0,30508,31353,61861,0,14317862,1944845,16262707,9255867,1683401,10939268,410717,0,228498,0,15330306,10125480
"2021-05-26",49814,32506,82320,0,27801,28517,56318,0,14367676,1977351,16345027,9284384,1711202,10995586,205692,0,99353,0,15535998,10224833
"2021-05-27",39585,41364,80949,0,35646,26740,62386,0,14407261,2018715,16425976,9311124,1746848,11057972,167585,0,135163,0,15703583,10359996
"2021-05-28",53372,57310,110682,0,49252,23840,73092,0,14460633,2076025,16536658,9334964,1796100,11131064,297364,0,126403,0,16000947,10486399
"2021-05-29",53554,52392,105946,0,45254,26580,71834,0,14514187,2128417,16642604,9361544,1841354,11202898,202882,0,68397,0,16203829,10554796
"2021-05-30",39960,31057,71017,0,26549,25583,52132,0,14554147,2159474,16713621,9387127,1867903,11255030,100871,0,29693,0,16304700,10584489
"2021-05-31",32857,35004,67861,0,29851,23640,53491,0,14587004,2194478,16781482,9410767,1897754,11308521,108972,0,47346,0,16413672,10631835
"2021-06-01",39592,36353,75945,0,30647,20953,51600,0,14626596,2230831,16857427,9431720,1928401,11360121,180909,0,82465,0,16594581,10714300
"2021-06-02",29718,35112,64830,0,29373,20358,49731,0,14656314,2265943,16922257,9452078,1957774,11409852,171682,0,138684,0,16766263,10852984
"2021-06-03",60088,45471,105559,0,37805,20562,58367,0,14716402,2311414,17027816,9472640,1995579,11468219,276587,0,131916,0,17042850,10984900
"2021-06-04",62325,45311,107636,0,37621,27586,65207,0,14778727,2356725,17135452,9500226,2033200,11533426,248654,0,70654,0,17291504,11055554
"2021-06-05",52509,36516,89025,0,30144,26628,56772,0,14831236,2393241,17224477,9526854,2063344,11590198,289960,0,65915,0,17581464,11121469
"2021-06-06",37536,26687,64223,0,22193,27047,49240,0,14868772,2419928,17288700,9553901,2085537,11639438,62139,0,5288,0,17643603,11126757
"2021-06-07",33092,30964,64056,0,25618,25877,51495,0,14901864,2450892,17352756,9579778,2111155,11690933,132315,0,70312,0,17775918,11197069
"2021-06-08",55606,46325,101931,0,38224,30960,69184,0,14957470,2497217,17454687,9610738,2149379,11760117,484564,0,158956,0,18260482,11356025
"2021-06-09",61413,46412,107825,0,38174,32359,70533,0,15018883,2543629,17562512,9643097,2187553,11830650,458287,0,80234,0,18718769,11436259
"2021-06-10",64100,46523,110623,0,38458,30579,69037,0,15082983,2590152,17673135,9673676,2226011,11899687,492664,0,52658,0,19211433,11488917
"2021-06-11",62520,53242,115762,0,44128,30016,74144,0,15145503,2643394,17788897,9703692,2270139,11973831,458535,0,36721,0,19669968,11525638
"2021-06-12",55455,42504,97959,0,35800,27364,63164,0,15200958,2685898,17886856,9731056,2305939,12036995,374219,0,33500,0,20044187,11559138
"2021-06-13",45425,25043,70468,0,20980,27370,48350,0,15246383,2710941,17957324,9758426,2326919,12085345,114750,0,9305,0,20158937,11568443
"2021-06-14",36603,32711,69314,0,27142,25571,52713,0,15282986,2743652,18026638,9783997,2354061,12138058,265111,0,47419,0,20424048,11615862
"2021-06-15",61064,47736,108800,0,39465,19688,59153,0,15344050,2791388,18135438,9803685,2393526,12197211,480675,0,83159,0,20904723,11699021
"2021-06-16",72595,20087,92682,0,15021,27051,42072,0,15416645,2811475,18228120,9830736,2408547,12239283,544051,0,116597,0,21448774,11815618
"2021-06-17",75965,54864,130829,0,46378,32944,79322,0,15492610,2866339,18358949,9863680,2454925,12318605,550482,0,147512,0,21999256,11963130
"2021-06-18",77633,54582,132215,0,45965,27840,73805,0,15570243,2920921,18491164,9891520,2500890,12392410,455911,0,132936,0,22455167,12096066
"2021-06-19",73136,49274,122410,0,41726,33879,75605,0,15643379,2970195,18613574,9925399,2542616,12468015,418175,0,116840,0,22873342,12212906
"2021-06-20",55720,33463,89183,0,28126,32103,60229,0,15699099,3003658,18702757,9957502,2570742,12528244,170030,0,26800,0,23043372,12239706
"2021-06-21",47757,36661,84418,0,30778,31583,62361,0,15746856,3040319,18787175,9989085,2601520,12590605,222401,0,80680,0,23265773,12320386
"2021-06-22",76060,54570,130630,0,45250,25492,70742,0,15822916,3094889,18917805,10014577,2646770,12661347,524111,0,194531,0,23789884,12514917
"2021-06-23",88289,52898,141187,0,44301,30090,74391,0,15911205,3147787,19058992,10044667,2691071,12735738,568972,0,125124,0,24358856,12640041
"2021-06-24",83430,53466,136896,0,44785,45718,90503,0,15994635,3201253,19195888,10090385,2735856,12826241,570586,0,129748,0,24929442,12769789
"2021-06-25",87831,53084,140915,0,44493,50958,95451,0,16082466,3254337,19336803,10141343,2780349,12921692,552594,0,142834,0,25482036,12912623
"2021-06-26",85073,50561,135634,0,42382,55892,98274,0,16167539,3304898,19472437,10197235,2822731,13019966,550095,0,105901,0,26032131,13018524
"2021-06-27",63238,35666,98904,0,29512,50021,79533,0,16230777,3340564,19571341,10247256,2852243,13099499,1083632,0,90507,0,27115763,13109031
"2021-06-28",59108,39079,98187,0,32260,48048,80308,0,16289885,3379643,19669528,10295304,2884503,13179807,304135,0,73003,0,27419898,13182034
"2021-06-29",86813,57144,143957,0,47401,55864,103265,0,16376698,3436787,19813485,10351168,2931904,13283072,884876,0,147704,0,28304774,13329738
"2021-06-30",85055,57676,142731,0,47880,52433,100313,0,16461753,3494463,19956216,10403601,2979784,13383385,974368,0,135761,0,29279142,13465499
"2021-07-01",98642,56549,155191,0,46873,51699,98572,0,16560395,3551012,20111407,10455300,3026657,13481957,905250,0,158658,0,30184392,13624157
"2021-07-02",93639,59969,153608,0,50037,52728,102765,0,16654034,3610981,20265015,10508028,3076694,13584722,707429,0,145950,0,30891821,13770107
"2021-07-03",103780,53447,157227,0,44369,66614,110983,0,16757814,3664428,20422242,10574642,3121063,13695705,681419,0,152625,0,31573240,13922732
"2021-07-04",81299,39535,120834,0,33198,53094,86292,0,16839113,3703963,20543076,10627736,3154261,13781997,490505,0,56832,0,32063745,13979564
"2021-07-05",72145,37970,110115,0,31680,60718,92398,0,16911258,3741933,20653191,10688454,3185941,13874395,238523,0,56370,0,32302268,14035934
"2021-07-06",119024,64029,183053,0,52846,83919,136765,0,17030282,3805962,20836244,10772373,3238787,14011160,873761,0,232046,0,33176029,14267980
"2021-07-07",133579,65564,199143,0,55165,86792,141957,0,17163861,3871526,21035387,10859165,3293952,14153117,863768,0,175833,0,34039797,14443813
"2021-07-08",134574,65807,200381,0,54452,81484,135936,0,17298435,3937333,21235768,10940649,3348404,14289053,820889,0,178689,0,34860686,14622502
"2021-07-09",152825,67090,219915,0,55476,86529,142005,0,17451260,4004423,21455683,11027178,3403880,14431058,914881,0,246075,0,35775567,14868577
"2021-07-10",122862,71697,194559,0,59738,85556,145294,0,17574122,4076120,21650242,11112734,3463618,14576352,417509,0,100753,0,36193076,14969330
"2021-07-11",101430,57789,159219,0,48263,79792,128055,0,17675552,4133909,21809461,11192526,3511881,14704407,73943,0,42018,0,36267019,15011348
"2021-07-12",98932,50812,149744,0,41872,81445,123317,0,17774484,4184721,21959205,11273971,3553753,14827724,101172,0,25120,0,36368191,15036468
"2021-07-13",151366,75717,227083,0,61938,97416,159354,0,17925850,4260438,22186288,11371387,3615691,14987078,546416,0,154530,0,36914607,15190998
"2021-07-14",167784,72940,240724,0,60547,112312,172859,0,18093634,4333378,22427012,11483699,3676238,15159937,1994826,0,420556,0,38909433,15611554
"2021-07-15",170491,78568,249059,0,65735,119586,185321,0,18264125,4411946,22676071,11603285,3741973,15345258,718716,0,198545,0,39628149,15810099
"2021-07-16",165870,92662,258532,0,76468,102748,179216,0,18429995,4504608,22934603,11706033,3818441,15524474,600662,0,130630,0,40228811,15940729
"2021-07-17",151852,99540,251392,0,82232,106319,188551,0,18581847,4604148,23185995,11812352,3900673,15713025,1039816,0,277126,0,41268627,16217855
"2021-07-18",126485,66952,193437,0,55252,82923,138175,0,18708332,4671100,23379432,11895275,3955925,15851200,404837,0,56295,0,41673464,16274150
"2021-07-19",92301,68385,160686,0,55545,71916,127461,0,18800633,4739485,23540118,11967191,4011470,15978661,422067,0,126201,0,42095531,16400351
"2021-07-20",122863,56412,179275,0,45043,69631,114674,0,18923496,4795897,23719393,12036822,4056513,16093335,249144,0,50937,0,42344675,16451288
"2021-07-21",92610,60720,153330,0,50920,65312,116232,0,19016106,4856617,23872723,12102134,4107433,16209567,266927,0,155387,0,42611602,16606675
"2021-07-22",160320,134150,294470,0,124350,104352,228702,0,19176426,4990767,24167193,12206486,4231783,16438269,544193,0,289525,0,43155795,16896200
"2021-07-23",160025,114221,274246,0,110743,91642,202385,0,19336451,5104988,24441439,12298128,4342526,16640654,561459,0,257945,0,43717254,17154145
"2021-07-24",144441,108255,252696,0,87035,92918,179953,0,19480892,5213243,24694135,12391046,4429561,16820607,390672,0,321851,0,44107926,17475996
"2021-07-25",109613,63859,173472,0,57884,66255,124139,0,19590505,5277102,24867607,12457301,4487445,16944746,362048,0,430508,0,44469974,17906504
"2021-07-26",79027,81562,160589,0,64900,56366,121266,0,19669532,5358664,25028196,12513667,4552345,17066012,258346,0,223374,0,44728320,18129878
"2021-07-27",141519,128915,270434,0,101530,78672,180202,0,19811051,5487579,25298630,12592339,4653875,17246214,550229,0,536465,0,45278549,18666343
"2021-07-28",151699,126110,277809,0,100719,84462,185181,0,19962750,5613689,25576439,12676801,4754594,17431395,456363,0,436819,0,45734912,19103162
"2021-07-29",139290,123664,262954,0,99653,73811,173464,0,20102040,5737353,25839393,12750612,4854247,17604859,555030,0,566060,0,46289942,19669222
"2021-07-30",132631,119553,252184,0,95345,69654,164999,0,20234671,5856906,26091577,12820266,4949592,17769858,516051,0,477199,0,46805993,20146421
"2021-07-31",128698,113067,241765,0,88605,61617,150222,0,20363369,5969973,26333342,12881883,5038197,17920080,420521,0,388402,0,47226514,20534823
"2021-08-01",98065,80310,178375,0,63706,48955,112661,0,20461434,6050283,26511717,12930838,5101903,18032741,251654,0,138256,0,47478168,20673079
"2021-08-02",70655,80561,151216,0,61988,44797,106785,0,20532089,6130844,26662933,12975635,5163891,18139526,208315,0,261346,0,47686483,20934425
"2021-08-03",125637,122589,248226,0,94130,57582,151712,0,20657726,6253433,26911159,13033217,5258021,18291238,419725,0,502483,0,48106208,21436908
"2021-08-04",128549,113779,242328,0,87771,61041,148812,0,20786275,6367212,27153487,13094258,5345792,18440050,379057,0,528458,0,48485265,21965366
"2021-08-05",128831,119725,248556,0,93234,60683,153917,0,20915106,6486937,27402043,13154941,5439026,18593967,348858,0,245013,0,48834123,22210379
"2021-08-06",123222,114334,237556,0,88867,60113,148980,0,21038328,6601271,27639599,13215054,5527893,18742947,556935,0,681445,0,49391058,22891824
"2021-08-07",119543,116424,235967,0,90737,53318,144055,0,21157871,6717695,27875566,13268372,5618630,18887002,410765,0,453440,0,49801823,23345264
"2021-08-08",90033,76731,166764,0,59253,43312,102565,0,21247904,6794426,28042330,13311684,5677883,18989567,696117,0,432059,0,50497940,23777323
"2021-08-09",65156,80046,145202,0,60202,39185,99387,0,21313060,6874472,28187532,13350869,5738085,19088954,132375,0,434701,0,50630315,24212024
"2021-08-10",121733,119419,241152,0,88549,57601,146150,0,21434793,6993891,28428684,13408470,5826634,19235104,565236,0,685556,0,51195551,24897580
"2021-08-11",117883,92932,210815,0,69335,66124,135459,0,21552676,7086823,28639499,13474594,5895969,19370563,510373,0,541720,0,51705924,25439300
"2021-08-12",74390,79327,153717,0,58873,77379,136252,0,21627066,7166150,28793216,13551973,5954842,19506815,188642,0,305550,0,51894566,25744850
"2021-08-13",115201,110830,226031,0,81016,65465,146481,0,21742267,7276980,29019247,13617438,6035858,19653296,1317784,0,1484073,0,53212350,27228923
"2021-08-14",112697,109885,222582,0,81514,44902,126416,0,21854964,7386865,29241829,13662340,6117372,19779712,406520,0,564633,0,53618870,27793556
"2021-08-15",84936,74242,159178,0,55019,34749,89768,0,21939900,7461107,29401007,13697089,6172391,19869480,69252,0,318729,0,53688122,28112285
"2021-08-16",55275,73735,129010,0,53394,24983,78377,0,21995175,7534842,29530017,13722072,6225785,19947857,694558,0,412701,0,54382680,28524986
"2021-08-17",97871,84345,182216,0,65277,36149,101426,0,22093046,7619187,29712233,13758221,6291062,20049283,599870,0,634063,0,54982550,29159049
"2021-08-18",63083,74099,137182,0,53625,25001,78626,0,22156129,7693286,29849415,13783222,6344687,20127909,209944,0,244296,0,55192494,29403345
"2021-08-19",103163,111247,214410,0,75375,39733,115108,0,22259292,7804533,30063825,13822955,6420062,20243017,853437,0,965180,0,56045931,30368525
"2021-08-20",101685,100799,202484,0,75752,38095,113847,0,22360977,7905332,30266309,13861050,6495814,20356864,458124,0,384612,0,56504055,30753137
"2021-08-21",94985,105265,200250,0,79031,37275,116306,0,22455962,8010597,30466559,13898325,6574845,20473170,482095,0,457785,0,56986150,31210922
"2021-08-22",76742,71668,148410,0,53525,31691,85216,0,22532704,8082265,30614969,13930016,6628370,20558386,353157,0,390946,0,57339307,31601868
"2021-08-23",49919,72818,122737,0,53146,21178,74324,0,22582623,8155083,30737706,13951194,6681516,20632710,440409,0,444356,0,57779716,32046224
"2021-08-24",94444,91408,185852,0,82724,41120,123844,0,22677067,8246491,30923558,13992314,6764240,20756554,689094,0,594774,0,58468810,32640998
"2021-08-25",97075,152190,249265,0,104837,41951,146788,0,22774142,8398681,31172823,14034265,6869077,20903342,542523,0,453507,0,59011333,33094505
"2021-08-26",90227,115547,205774,0,88300,40323,128623,0,22864369,8514228,31378597,14074588,6957377,21031965,415601,0,262744,0,59426934,33357249
"2021-08-27",88319,95796,184115,0,70568,36953,107521,0,22952688,8610024,31562712,14111541,7027945,21139486,1008621,0,763954,0,60435555,34121203
"2021-08-28",85153,96521,181674,0,70065,34249,104314,0,23037841,8706545,31744386,14145790,7098010,21243800,786703,0,581618,0,61222258,34702821
"2021-08-29",70917,83243,154160,0,62244,30287,92531,0,23108758,8789788,31898546,14176077,7160254,21336331,432418,0,155179,0,61654676,34858000
"2021-08-30",45940,79483,125423,0,58597,19458,78055,0,23154698,8869271,32023969,14195535,7218851,21414386,640220,0,456460,0,62294896,35314460
"2021-08-31",96012,128230,224242,0,90758,39766,130524,0,23250710,8997501,32248211,14235301,7309609,21544910,816392,0,540751,0,63111288,35855211
"2021-09-01",89375,130686,220061,0,95847,38232,134079,0,23340085,9128187,32468272,14273533,7405456,21678989,833667,0,488009,0,63944955,36343220
"2021-09-02",82052,126663,208715,0,93096,35757,128853,0,23422137,9254850,32676987,14309290,7498552,21807842,797646,0,516181,0,64742601,36859401
"2021-09-03",83534,125755,209289,0,93177,35166,128343,0,23505671,9380605,32886276,14344456,7591729,21936185,1152072,0,788632,0,65894673,37648033
"2021-09-04",85068,125363,210431,0,91399,36903,128302,0,23590739,9505968,33096707,14381359,7683128,22064487,458996,0,382619,0,66353669,38030652
"2021-09-05",73115,98770,171885,0,72115,32829,104944,0,23663854,9604738,33268592,14414188,7755243,22169431,429004,0,192501,0,66782673,38223153
"2021-09-06",44637,108305,152942,0,75934,20573,96507,0,23708491,9713043,33421534,14434761,7831177,22265938,372680,0,248938,0,67155353,38472091
"2021-09-07",136067,330163,466230,0,246819,64112,310931,0,23844558,10043206,33887764,14498873,8077996,22576869,1053235,0,693889,0,68208588,39165980
"2021-09-08",84905,147397,232302,0,107200,38460,145660,0,23929463,10190603,34120066,14537333,8185196,22722529,985951,0,555591,0,69194539,39721571
"2021-09-09",82021,149257,231278,0,110639,37819,148458,0,24011484,10339860,34351344,14575152,8295835,22870987,1128021,0,641249,0,70322560,40362820
"2021-09-10",84338,151343,235681,0,110144,39636,149780,0,24095822,10491203,34587025,14614788,8405979,23020767,852699,0,505173,0,71175259,40867993
"2021-09-11",87152,144418,231570,0,102884,40251,143135,0,24182974,10635621,34818595,14655039,8508863,23163902,1073461,0,666347,0,72248720,41534340
"2021-09-12",78263,119789,198052,0,87032,36984,124016,0,24261237,10755410,35016647,14692023,8595895,23287918,517475,0,200394,0,72766195,41734734
"2021-09-13",45981,131253,177234,0,98821,21708,120529,0,24307218,10886663,35193881,14713731,8694716,23408447,544368,0,370105,0,73310563,42104839
"2021-09-14",85520,193160,278680,0,145692,40030,185722,0,24392738,11079823,35472561,14753761,8840408,23594169,946952,0,460492,0,74257515,42565331
"2021-09-15",86083,146358,232441,0,112476,41017,153493,0,24478821,11226181,35705002,14794778,8952884,23747662,883209,0,397309,0,75140724,42962640
"2021-09-16",82824,16306,99130,0,15968,38798,54766,0,24561645,11242487,35804132,14833576,8968852,23802428,1012763,0,522331,0,76153487,43484971
"2021-09-17",80065,308227,388292,0,255869,37585,293454,0,24641710,11550714,36192424,14871161,9224721,24095882,1264001,0,639744,0,77417488,44124715
"2021-09-18",83204,192890,276094,0,161807,39331,201138,0,24724914,11743604,36468518,14910492,9386528,24297020,1123031,0,591855,0,78540519,44716570
"2021-09-19",73911,118502,192413,0,98988,34777,133765,0,24798825,11862106,36660931,14945269,9485516,24430785,974837,0,417624,0,79515356,45134194
"2021-09-20",45676,157119,202795,0,128712,22002,150714,0,24844501,12019225,36863726,14967271,9614228,24581499,142406,0,90456,0,79657762,45224650
"2021-09-21",81982,166675,248657,0,138408,38032,176440,0,24926483,12185900,37112383,15005303,9752636,24757939,750982,0,628383,0,80408744,45853033
"2021-09-22",82859,173304,256163,0,146812,38584,185396,0,25009342,12359204,37368546,15043887,9899448,24943335,1705044,0,643144,0,82113788,46496177
"2021-09-23",75925,172200,248125,0,136791,37123,173914,0,25085267,12531404,37616671,15081010,10036239,25117249,1134340,0,484170,0,83248128,46980347
"2021-09-24",78049,174547,252596,0,137244,35729,172973,0,25163316,12705951,37869267,15116739,10173483,25290222,1615771,0,727794,0,84863899,47708141
"2021-09-25",81093,176710,257803,0,143823,38038,181861,0,25244409,12882661,38127070,15154777,10317306,25472083,569619,0,287964,0,85433518,47996105
"2021-09-26",75830,141254,217084,0,111356,37387,148743,0,25320239,13023915,38344154,15192164,10428662,25620826,1027167,0,530543,0,86460685,48526648
"2021-09-27",0,0,0,0,0,0,0,0,25320239,13023915,38344154,15192164,10428662,25620826,701841,0,388828,0,87162526,48915476
"2021-09-28",79507,196261,275768,0,155480,38084,193564,0,25399746,13220176,38619922,15230248,10584142,25814390,1368611,0,740242,0,88531137,49655718
"2021-09-29",84522,194045,278567,0,155754,41556,197310,0,25484268,13414221,38898489,15271804,10739896,26011700,1291850,0,757275,0,89822987,50412993
"2021-09-30",80823,195312,276135,0,152344,41465,193809,0,25565091,13609533,39174624,15313269,10892240,26205509,1256014,0,700367,0,91079001,51113360
"2021-10-01",80061,171307,251368,0,131294,39852,171146,0,25645152,13780840,39425992,15353121,11023534,26376655,1082000,0,637337,0,92161001,51750697
"2021-10-02",83777,152876,236653,0,118866,41133,159999,0,25728929,13933716,39662645,15394254,11142400,26536654,905493,0,565869,0,93066494,52316566
"2021-10-03",82916,155142,238058,0,119227,41413,160640,0,25811845,14088858,39900703,15435667,11261627,26697294,713952,0,359486,0,93780446,52676052
"2021-10-04",54351,157163,211514,0,119679,27029,146708,0,25866196,14246021,40112217,15462696,11381306,26844002,443244,0,330871,0,94223690,53006923
"2021-10-05",86521,168965,255486,0,132925,43798,176723,0,25952717,14414986,40367703,15506494,11514231,27020725,715527,0,649998,0,94939217,53656921
"2021-10-06",90732,183707,274439,0,143879,46351,190230,0,26043449,14598693,40642142,15552845,11658110,27210955,842556,0,785058,0,95781773,54441979
"2021-10-07",84298,175257,259555,0,137310,43812,181122,0,26127747,14773950,40901697,15596657,11795420,27392077,710381,0,517566,0,96492154,54959545
"2021-10-08",86530,181616,268146,0,138513,42997,181510,0,26214277,14955566,41169843,15639654,11933933,27573587,1654154,0,1146461,0,98146308,56106006
"2021-10-09",87860,179190,267050,0,139092,43818,182910,0,26302137,15134756,41436893,15683472,12073025,27756497,1226986,0,802658,0,99373294,56908664
"2021-10-10",81082,138567,219649,0,104607,40063,144670,0,26383219,15273323,41656542,15723535,12177632,27901167,686187,0,500639,0,100059481,57409303
"2021-10-11",52960,172123,225083,0,126798,25172,151970,0,26436179,15445446,41881625,15748707,12304430,28053137,262894,0,197897,0,100322375,57607200
"2021-10-12",89364,186999,276363,0,145200,45203,190403,0,26525543,15632445,42157988,15793910,12449630,28243540,1040519,0,798380,0,101362894,58405580
"2021-10-13",85949,175782,261731,0,136842,44334,181176,0,26611492,15808227,42419719,15838244,12586472,28424716,1322923,0,1005918,0,102685817,59411498
"2021-10-14",86876,172069,258945,0,124048,41659,165707,0,26698368,15980296,42678664,15879903,12710520,28590423,1622885,0,1010575,0,104308702,60422073
"2021-10-15",91839,175499,267338,0,134291,46129,180420,0,26790207,16155795,42946002,15926032,12844811,28770843,1155984,0,974982,0,105464686,61397055
"2021-10-16",92838,177973,270811,0,134149,46081,180230,0,26883045,16333768,43216813,15972113,12978960,28951073,1205284,0,769861,0,106669970,62166916
"2021-10-17",83414,140515,223929,0,104822,42138,146960,0,26966459,16474283,43440742,16014251,13083782,29098033,833258,0,565652,0,107503228,62732568
"2021-10-18",53524,161689,215213,0,119285,26444,145729,0,27019983,16635972,43655955,16040695,13203067,29243762,477788,0,456232,0,107981016,63188800
"2021-10-19",81045,179298,260343,0,135138,40318,175456,0,27101028,16815270,43916298,16081013,13338205,29419218,1024611,0,820098,0,109005627,64008898
"2021-10-20",101455,146658,248113,0,105808,50538,156346,0,27202483,16961928,44164411,16131551,13444013,29575564,791239,0,613794,0,109796866,64622692
"2021-10-21",75348,143051,218399,0,108861,39631,148492,0,27277831,17104979,44382810,16171182,13552874,29724056,609911,0,550456,0,110406777,65173148
"2021-10-22",96807,153933,250740,0,117130,48117,165247,0,27374638,17258912,44633550,16219299,13670004,29889303,1089264,0,1143519,0,111496041,66316667
"2021-10-23",104490,146097,250587,0,111179,50685,161864,0,27479128,17405009,44884137,16269984,13781183,30051167,775887,0,849065,0,112271928,67165732
"2021-10-24",105211,109534,214745,0,82628,51654,134282,0,27584339,17514543,45098882,16321638,13863811,30185449,760840,0,749708,0,113032768,67915440
"2021-10-25",71208,144614,215822,0,103490,34127,137617,0,27655547,17659157,45314704,16355765,13967301,30323066,391611,0,348569,0,113424379,68264009
"2021-10-26",103057,156007,259064,0,122685,55392,178077,0,27758604,17815164,45573768,16411157,14089986,30501143,922722,0,866113,0,114347101,69130122
"2021-10-27",108860,151591,260451,0,125337,58482,183819,0,27867464,17966755,45834219,16469639,14215323,30684962,1155423,0,983496,0,115502524,70113618
"2021-10-28",108566,150975,259541,0,109438,54791,164229,0,27976030,18117730,46093760,16524430,14324761,30849191,1117757,0,986251,0,116620281,71099869
"2021-10-29",105381,139011,244392,0,108699,52042,160741,0,28081411,18256741,46338152,16576472,14433460,31009932,1068833,0,961208,0,117689114,72061077
"2021-10-30",111203,128183,239386,0,100029,56311,156340,0,28192614,18384924,46577538,16632783,14533489,31166272,1462704,0,1229611,0,119151818,73290688
"2021-10-31",103765,98308,202073,0,73685,53269,126954,0,28296379,18483232,46779611,16686052,14607174,31293226,510430,0,408295,0,119662248,73698983
"2021-11-01",71762,132054,203816,0,100099,37274,137373,0,28368141,18615286,46983427,16723326,14707273,31430599,390339,0,389944,0,120052587,74088927
"2021-11-02",105838,149726,255564,0,117242,58182,175424,0,28473979,18765012,47238991,16781508,14824515,31606023,835260,0,716740,0,120887847,74805667
"2021-11-03",103446,149677,253123,0,111928,55743,167671,0,28577425,18914689,47492114,16837251,14936443,31773694,1087906,0,1023523,0,121975753,75829190
"2021-11-04",80740,168500,249240,0,139241,44966,184207,0,28658165,19083189,47741354,16882217,15075684,31957901,876343,0,858560,0,122852096,76687750
"2021-11-05",70696,145905,216601,0,112537,36855,149392,0,28728861,19229094,47957955,16919072,15188221,32107293,972103,0,1000088,0,123824199,77687838
"2021-11-06",64763,191269,256032,0,143782,33063,176845,0,28793624,19420363,48213987,16952135,15332003,32284138,331968,0,426234,0,124156167,78114072
"2021-11-07",57838,162119,219957,0,117069,31092,148161,0,28851462,19582482,48433944,16983227,15449072,32432299,949796,0,880091,0,125105963,78994163
"2021-11-08",37794,150803,188597,0,109954,20237,130191,0,28889256,19733285,48622541,17003464,15559026,32562490,288524,0,218312,0,125394487,79212475
"2021-11-09",63730,184285,248015,0,140029,33038,173067,0,28952986,19917570,48870556,17036502,15699055,32735557,1064798,0,858050,0,126459285,80070525
"2021-11-10",64163,235437,299600,0,157955,34607,192562,0,29017149,20153007,49170156,17071109,15857010,32928119,875981,0,883614,0,127335266,80954139
"2021-11-11",62163,199865,262028,0,144386,32548,176934,0,29079312,20352872,49432184,17103657,16001396,33105053,812079,0,756960,0,128147345,81711099
"2021-11-12",54632,205185,259817,0,125782,29451,155233,0,29133944,20558057,49692001,17133108,16127178,33260286,942043,0,1107393,0,129089388,82818492
"2021-11-13",59387,207588,266975,0,153071,31624,184695,0,29193331,20765645,49958976,17164732,16280249,33444981,620802,0,599594,0,129710190,83418086
"2021-11-14",52548,180651,233199,0,126802,28499,155301,0,29245879,20946296,50192175,17193231,16407051,33600282,573155,0,743673,0,130283345,84161759
"2021-11-15",35377,208045,243422,0,149501,18448,167949,0,29281256,21154341,50435597,17211679,16556552,33768231,333169,0,390687,0,130616514,84552446
"2021-11-16",61363,217652,279015,0,161516,34065,195581,0,29342619,21371993,50714612,17245744,16718068,33963812,676357,0,818238,0,131292871,85370684
"2021-11-17",64815,214401,279216,0,157426,36404,193830,0,29407434,21586394,50993828,17282148,16875494,34157642,713506,0,909032,0,132006377,86279716
"2021-11-18",55910,214318,270228,0,157739,31189,188928,0,29463344,21800712,51264056,17313337,17033233,34346570,67609,0,56207,0,132073986,86335923
"2021-11-19",54202,218502,272704,0,155173,28624,183797,0,29517546,22019214,51536760,17341961,17188406,34530367,1328065,0,1624194,0,133402051,87960117
"2021-11-20",53321,221651,274972,0,156951,29280,186231,0,29570867,22240865,51811732,17371241,17345357,34716598,622958,0,800080,0,134025009,88760197
"2021-11-21",46929,192251,239180,0,127423,26393,153816,0,29617796,22433116,52050912,17397634,17472780,34870414,393277,0,460144,0,134418286,89220341
"2021-11-22",38013,213852,251865,0,146227,20458,166685,0,29655809,22646968,52302777,17418092,17619007,35037099,195850,0,206529,0,134614136,89426870
"2021-11-23",57759,223682,281441,0,162239,31681,193920,0,29713568,22870650,52584218,17449773,17781246,35231019,802927,0,800912,0,135417063,90227782
"2021-11-24",58738,230128,288866,0,167566,32846,200412,0,29772306,23100778,52873084,17482619,17948812,35431431,663785,0,987204,0,136080848,91214986
"2021-11-25",55294,230128,285422,0,167570,32189,199759,0,29827600,23330906,53158506,17514808,18116382,35631190,632299,0,1059576,0,136713147,92274562
"2021-11-26",57480,231140,288620,0,155777,31516,187293,0,29885080,23562046,53447126,17546324,18272159,35818483,792057,0,830467,0,137505204,93105029
"2021-11-27",53859,233541,287400,0,162776,30143,192919,0,29938939,23795587,53734526,17576467,18434935,36011402,614409,0,561810,0,138119613,93666839
"2021-11-28",46226,198773,244999,0,130090,25306,155396,0,29985165,23994360,53979525,17601773,18565025,36166798,410618,0,672898,0,138530231,94339737
"2021-11-29",35090,198773,233863,0,156528,19853,176381,0,30020255,24193133,54213388,17621626,18721553,36343179,378631,0,415923,0,138908862,94755660
"2021-11-30",55431,238794,294225,0,169306,31593,200899,0,30075686,24431927,54507613,17653219,18890859,36544078,456576,0,718208,0,139365438,95473868
"2021-12-01",55598,236545,292143,0,168166,31209,199375,0,30131284,24668472,54799756,17684428,19059025,36743453,839608,0,1045478,0,140205046,96519346
"2021-12-02",55473,235987,291460,0,168186,31472,199658,0,30186757,24904459,55091216,17715900,19227211,36943111,680183,0,799303,0,140885229,97318649
"2021-12-03",52404,230659,283063,0,163862,30237,194099,0,30239161,25135118,55374279,17746137,19391073,37137210,617863,0,728185,0,141503092,98046834
"2021-12-04",51886,240796,292682,0,167587,28799,196386,0,30291047,25375914,55666961,17774936,19558660,37333596,527878,0,576784,0,142030970,98623618
"2021-12-05",45709,203505,249214,0,132896,25713,158609,0,30336756,25579419,55916175,17800649,19691556,37492205,401377,0,385963,0,142432347,99009581
"2021-12-06",32279,257041,289320,0,183513,16947,200460,0,30369035,25836460,56205495,17817596,19875069,37692665,268593,0,215991,0,142700940,99225572
"2021-12-07",50441,325437,375878,0,252790,28242,281032,0,30419476,26161897,56581373,17845838,20127859,37973697,590412,0,599872,0,143291352,99825444
"2021-12-08",52460,325737,378197,0,253565,29420,282985,0,30471936,26487634,56959570,17875258,20381424,38256682,502690,0,633828,0,143794042,100459272
"2021-12-09",51176,309334,360510,0,237805,29314,267119,0,30523112,26796968,57320080,17904572,20619229,38523801,652282,0,690237,0,144446324,101149509
"2021-12-10",51340,278330,329670,0,198794,29931,228725,0,30574452,27075298,57649750,17934503,20818023,38752526,639588,0,645087,0,145085912,101794596
"2021-12-11",50702,253296,303998,0,175937,29510,205447,0,30625154,27328594,57953748,17964013,20993960,38957973,824107,0,650661,0,145910019,102445257
"2021-12-12",45864,215867,261731,0,142286,26161,168447,0,30671018,27544461,58215479,17990174,21136246,39126420,579619,0,464925,0,146489638,102910182
"2021-12-13",32910,236004,268914,0,158928,18831,177759,0,30703928,27780465,58484393,18009005,21295174,39304179,386321,0,188675,0,146875959,103098857
"2021-12-14",52589,246305,298894,0,172343,31549,203892,0,30756517,28026770,58783287,18040554,21467517,39508071,592437,0,539461,0,147468396,103638318
"2021-12-15",51237,257896,309133,0,182821,31037,213858,0,30807754,28284666,59092420,18071591,21650338,39721929,875819,0,883838,0,148344215,104522156
"2021-12-16",54713,249897,304610,0,178309,32802,211111,0,30862467,28534563,59397030,18104393,21828647,39933040,861356,0,715965,0,149205571,105238121
"2021-12-17",54555,254358,308913,0,181245,33022,214267,0,30917022,28788921,59705943,18137415,22009892,40147307,1043929,0,782417,0,150249500,106020538
"2021-12-18",53168,258851,312019,0,184663,31742,216405,0,30970190,29047772,60017962,18169157,22194555,40363712,996796,0,615635,0,151246296,106636173
"2021-12-19",46546,192670,239216,0,93858,27603,121461,0,31016736,29240442,60257178,18196760,22288413,40485173,171582,0,415390,0,151417878,107051563
"2021-12-20",35190,230922,266112,0,121058,20962,142020,0,31051926,29471364,60523290,18217722,22409471,40627193,357719,0,128615,0,151775597,107180178
"2021-12-21",55531,258655,314186,0,189648,32898,222546,0,31107457,29730019,60837476,18250620,22599119,40849739,820920,0,525835,0,152596517,107706013
"2021-12-22",53876,245046,298922,0,182792,32603,215395,0,31161333,29975065,61136398,18283223,22781911,41065134,907168,0,834042,0,153503685,108540055
"2021-12-23",50850,238235,289085,0,176423,31014,207437,0,31212183,30213300,61425483,18314237,22958334,41272571,990430,0,717016,0,154494115,109257071
"2021-12-24",45298,214671,259969,0,156416,28136,184552,0,31257481,30427971,61685452,18342373,23114750,41457123,920409,0,698681,0,155414524,109955752
"2021-12-25",43094,165493,208587,0,123822,25463,149285,0,31300575,30593464,61894039,18367836,23238572,41606408,768061,0,451535,0,156182585,110407287
"2021-12-26",28258,146560,174818,0,101768,18024,119792,0,31328833,30740024,62068857,18385860,23340340,41726200,459193,0,213520,0,156641778,110620807
"2021-12-27",31822,200067,231889,0,143687,20318,164005,0,31360655,30940091,62300746,18406178,23484027,41890205,353008,0,192049,0,156994786,110812856
"2021-12-28",45985,201062,247047,0,147173,29681,176854,0,31406640,31141153,62547793,18435859,23631200,42067059,810019,0,752446,0,157804805,111565302
"2021-12-29",41653,190127,231780,0,138677,24934,163611,0,31448293,31331280,62779573,18460793,23769877,42230670,1157437,0,712486,0,158962242,112277788
"2021-12-30",37537,192222,229759,0,140270,22765,163035,0,31485830,31523502,63009332,18483558,23910147,42393705,1050201,0,726580,0,160012443,113004368
"2021-12-31",36833,173517,210350,0,127463,22207,149670,0,31522663,31697019,63219682,18505765,24037610,42543375,1070414,0,661959,0,161082857,113666327
"2022-01-01",36677,140482,177159,0,104857,23340,128197,0,31559340,31837501,63396841,18529105,24142467,42671572,778365,0,364111,0,161861222,114030438
"2022-01-02",28574,172908,201482,0,122625,19185,141810,0,31587914,32010409,63598323,18548290,24265092,42813382,4039665,0,72924,0,165900887,114103362
"2022-01-03",32680,251733,284413,0,188237,21330,209567,0,31620594,32262142,63882736,18569620,24453329,43022949,203444,0,92977,0,166104331,114196339
"2022-01-04",51994,255633,307627,0,197818,34928,232746,0,31672588,32517775,64190363,18604548,24651147,43255695,549536,0,369597,0,166653867,114565936
"2022-01-05",52562,232582,285144,0,182321,34983,217304,0,31725150,32750357,64475507,18639531,24833468,43472999,572376,0,256668,0,167226243,114822604
"2022-01-06",45251,229476,274727,0,179678,29110,208788,0,31770401,32979833,64750234,18668641,25013146,43681787,773534,0,731980,0,167999777,115554584
"2022-01-07",49086,234176,283262,0,167993,30494,198487,0,31819487,33214009,65033496,18699135,25181139,43880274,819816,0,560300,0,168819593,116114884
"2022-01-08",51996,226692,278688,0,146611,31090,177701,0,31871483,33440701,65312184,18730225,25327750,44057975,760632,0,455024,0,169580225,116569908
"2022-01-09",45227,210655,255882,0,150089,27124,177213,0,31916710,33651356,65568066,18757349,25477839,44235188,563401,0,250044,0,170143626,116819952
"2022-01-10",33970,225575,259545,0,161752,19674,181426,0,31950680,33876931,65827611,18777023,25639591,44416614,392712,0,179332,0,170536338,116999284
"2022-01-11",48660,239807,288467,0,174113,29593,203706,0,31999340,34116738,66116078,18806616,25813704,44620320,519866,0,334376,0,171056204,117333660
"2022-01-12",45575,228231,273806,0,170600,28036,198636,0,32044915,34344969,66389884,18834652,25984304,44818956,1099390,0,613814,0,172155594,117947474
"2022-01-13",50405,227861,278266,0,166649,28878,195527,0,32095320,34572830,66668150,18863530,26150953,45014483,1092662,0,541455,0,173248256,118488929
"2022-01-14",50699,229864,280563,0,168304,30071,198375,0,32146019,34802694,66948713,18893601,26319257,45212858,1043329,0,463085,0,174291585,118952014
"2022-01-15",48836,229020,277856,0,166661,29759,196420,0,32194855,35031714,67226569,18923360,26485918,45409278,1353886,0,472567,0,175645471,119424581
"2022-01-16",46024,205464,251488,0,137644,28861,166505,0,32240879,35237178,67478057,18952221,26623562,45575783,656518,0,321951,0,176301989,119746532
"2022-01-17",33034,236479,269513,0,158988,19295,178283,0,32273913,35473657,67747570,18971516,26782550,45754066,327952,0,246320,0,176629941,119992852
"2022-01-18",50267,228660,278927,0,166012,28296,194308,0,32324180,35702317,68026497,18999812,26948562,45948374,629436,0,628236,0,177259377,120621088
"2022-01-19",53679,174181,227860,0,121465,30551,152016,0,32377859,35876498,68254357,19030363,27070027,46100390,1001759,0,945503,0,178261136,121566591
"2022-01-20",55804,270310,326114,0,151235,32296,183531,0,32433663,36146808,68580471,19062659,27221262,46283921,892608,0,811675,0,179153744,122378266
"2022-01-21",55526,236879,292405,0,168626,31554,200180,0,32489189,36383687,68872876,19094213,27389888,46484101,867910,0,789007,0,180021654,123167273
"2022-01-22",57265,223896,281161,0,160456,34044,194500,0,32546454,36607583,69154037,19128257,27550344,46678601,692896,0,615113,0,180714550,123782386
"2022-01-23",52763,199144,251907,0,133013,30813,163826,0,32599217,36806727,69405944,19159070,27683357,46842427,416783,0,298408,0,181131333,124080794
"2022-01-24",44981,213811,258792,0,150224,25539,175763,0,32644198,37020538,69664736,19184609,27833581,47018190,246186,0,253678,0,181377519,124334472
"2022-01-25",67395,192280,259675,0,138820,37587,176407,0,32711593,37212818,69924411,19222196,27972401,47194597,646501,0,772370,0,182024020,125106842
"2022-01-26",75055,273986,349041,0,201851,42562,244413,0,32786648,37486804,70273452,19264758,28174252,47439010,476807,0,566671,0,182500827,125673513
"2022-01-27",82151,264582,346733,0,190940,45711,236651,0,32868799,37751386,70620185,19310469,28365192,47675661,559208,0,739951,0,183060035,126413464
"2022-01-28",83786,289098,372884,0,209025,49120,258145,0,32952585,38040484,70993069,19359589,28574217,47933806,616997,0,751062,0,183677032,127164526
"2022-01-29",95402,287999,383401,0,207253,53797,261050,0,33047987,38328483,71376470,19413386,28781470,48194856,510006,0,562947,0,184187038,127727473
"2022-01-30",85670,228727,314397,0,155803,50000,205803,0,33133657,38557210,71690867,19463386,28937273,48400659,370677,0,278290,0,184557715,128005763
"2022-01-31",70089,245961,316050,0,164535,37858,202393,0,33203746,38803171,72006917,19501244,29101808,48603052,123282,0,22311,0,184680997,128028074
"2022-02-01",111453,266135,377588,0,176488,59417,235905,0,33315199,39069306,72384505,19560661,29278296,48838957,440655,0,627615,0,185121652,128655689
"2022-02-02",92954,261237,354191,0,176602,50356,226958,0,33408153,39330543,72738696,19611017,29454898,49065915,115894,0,81977,0,185237546,128737666
"2022-02-03",132486,340656,473142,0,235996,71991,307987,0,33540639,39671199,73211838,19683008,29690894,49373902,385020,0,667861,0,185622566,129405527
"2022-02-04",149246,331674,480920,0,229020,83957,312977,0,33689885,40002873,73692758,19766965,29919914,49686879,396673,0,716993,0,186019239,130122520
"2022-02-05",151143,323891,475034,0,221594,84648,306242,0,33841028,40326764,74167792,19851613,30141508,49993121,368832,0,661679,0,186388071,130784199
"2022-02-06",147613,277613,425226,0,182011,83548,265559,0,33988641,40604377,74593018,19935161,30323519,50258680,201679,0,296532,0,186589750,131080731
"2022-02-07",108256,177533,285789,0,118183,62784,180967,0,34096897,40781910,74878807,19997945,30441702,50439647,113640,0,38694,0,186703390,131119425
"2022-02-08",149422,305497,454919,0,201431,83207,284638,0,34246319,41087407,75333726,20081152,30643133,50724285,344172,0,970694,0,187047562,132090119
"2022-02-09",172084,232422,404506,0,150516,95309,245825,0,34418403,41319829,75738232,20176461,30793649,50970110,242445,0,577872,0,187290007,132667991
"2022-02-10",153861,232202,386063,0,156230,82458,238688,0,34572264,41552031,76124295,20258919,30949879,51208798,406703,0,1035757,0,187696710,133703748
"2022-02-11",140433,223132,363565,0,149132,77370,226502,0,34712697,41775163,76487860,20336289,31099011,51435300,222044,0,700241,0,187918754,134403989
"2022-02-12",202232,327809,530041,0,214329,106816,321145,0,34914929,42102972,77017901,20443105,31313340,51756445,141952,0,805244,0,188060706,135209233
"2022-02-13",168170,282870,451040,0,184834,87659,272493,0,35083099,42385842,77468941,20530764,31498174,52028938,222145,0,557443,0,188282851,135766676
"2022-02-14",119509,320689,440198,0,207857,66057,273914,0,35202608,42706531,77909139,20596821,31706031,52302852,55693,0,47353,0,188338544,135814029
"2022-02-15",180027,402801,582828,0,261820,96450,358270,0,35382635,43109332,78491967,20693271,31967851,52661122,252141,0,833899,0,188590685,136647928
"2022-02-16",194555,371495,566050,0,243225,104855,348080,0,35577190,43480827,79058017,20798126,32211076,53009202,242795,0,837447,0,188833480,137485375
"2022-02-17",204544,368311,572855,0,238156,106237,344393,0,35781734,43849138,79630872,20904363,32449232,53353595,233936,0,795584,0,189067416,138280959
"2022-02-18",191846,309781,501627,0,206541,101066,307607,0,35973580,44158919,80132499,21005429,32655773,53661202,239968,0,859508,0,189307384,139140467
"2022-02-19",176681,313099,489780,0,213476,95679,309155,0,36150261,44472018,80622279,21101108,32869249,53970357,226314,0,805661,0,189533698,139946128
"2022-02-20",167607,266928,434535,0,176764,89005,265769,0,36317868,44738946,81056814,21190113,33046013,54236126,113219,0,354959,0,189646917,140301087
"2022-02-21",112959,279601,392560,0,182653,60573,243226,0,36430827,45018547,81449374,21250686,33228666,54479352,47165,0,119384,0,189694082,140420471
"2022-02-22",179518,357563,537081,0,234655,91767,326422,0,36610345,45376110,81986455,21342453,33463321,54805774,191776,0,621930,0,189885858,141042401
"2022-02-23",177061,342471,519532,0,212200,97288,309488,0,36787406,45718581,82505987,21439741,33675521,55115262,207044,0,763929,0,190092902,141806330
"2022-02-24",166545,338845,505390,0,195082,92945,288027,0,36953951,46057426,83011377,21532686,33870603,55403289,217607,0,710916,0,190310509,142517246
"2022-02-25",158342,326190,484532,0,190313,85440,275753,0,37112293,46383616,83495909,21618126,34060916,55679042,220605,0,763049,0,190531114,143280295
"2022-02-26",151041,340089,491130,0,210713,82473,293186,0,37263334,46723705,83987039,21700599,34271629,55972228,141174,0,494396,0,190672288,143774691
"2022-02-27",130270,240342,370612,0,121502,73229,194731,0,37393604,46964047,84357651,21773828,34393131,56166959,269,0,3932,0,190672557,143778623
"2022-02-28",89532,186683,276215,0,82799,54770,137569,0,37483136,47150730,84633866,21828598,34475930,56304528,297042,0,680133,0,190969599,144458756
"2022-03-01",100562,338189,438751,0,146282,55723,202005,0,37583698,47488919,85072617,21884321,34622212,56506533,7235,0,47050,0,190976834,144505806
"2022-03-02",147609,453843,601452,0,180956,79118,260074,0,37731307,47942762,85674069,21963439,34803168,56766607,680,0,1191,0,190977514,144506997
"2022-03-03",137501,249795,387296,0,139277,74488,213765,0,37868808,48192557,86061365,22037927,34942445,56980372,132895,0,1697144,0,191110409,146204141
"2022-03-04",86665,254966,341631,0,144280,49701,193981,0,37955473,48447523,86402996,22087628,35086725,57174353,521033,0,350743,0,191631442,146554884
"2022-03-05",118278,281872,400150,0,153730,62708,216438,0,38073751,48729395,86803146,22150336,35240455,57390791,203986,0,725625,0,191835428,147280509
"2022-03-06",109466,247545,357011,0,143270,62272,205542,0,38183217,48976940,87160157,22212608,35383725,57596333,168062,0,577802,0,192003490,147858311
"2022-03-07",76388,298251,374639,0,169715,45681,215396,0,38259605,49275191,87534796,22258289,35553440,57811729,65273,0,163040,0,192068763,148021351
"2022-03-08",116877,293689,410566,0,161729,65527,227256,0,38376482,49568880,87945362,22323816,35715169,58038985,194941,0,566367,0,192263704,148587718
"2022-03-09",108394,218353,326747,0,127377,56947,184324,0,38484876,49787233,88272109,22380763,35842546,58223309,148944,0,402204,0,192412648,148989922
"2022-03-10",90508,167489,257997,0,90008,47756,137764,0,38575384,49954722,88530106,22428519,35932554,58361073,364313,0,803609,0,192776961,149793531
"2022-03-11",77713,144788,222501,0,36397,43384,79781,0,38653097,50099510,88752607,22471903,35968951,58440854,237353,0,487103,0,193014314,150280634
"2022-03-12",70718,140384,211102,0,58893,40325,99218,0,38723815,50239894,88963709,22512228,36027844,58540072,215164,0,493147,0,193229478,150773781
"2022-03-13",65293,105547,170840,0,62837,37341,100178,0,38789108,50345441,89134549,22549569,36090681,58640250,171016,0,604945,0,193400494,151378726
"2022-03-14",49488,145741,195229,0,91536,28271,119807,0,38838596,50491182,89329778,22577840,36182217,58760057,73543,0,107698,0,193474037,151486424
"2022-03-15",75730,160274,236004,0,105560,42476,148036,0,38914326,50651456,89565782,22620316,36287777,58908093,184827,0,335419,0,193658864,151821843
"2022-03-16",65465,140684,206149,0,94145,38014,132159,0,38979791,50792140,89771931,22658330,36381922,59040252,244613,0,583348,0,193903477,152405191
"2022-03-17",61634,132392,194026,0,88996,36007,125003,0,39041425,50924532,89965957,22694337,36470918,59165255,232651,0,324397,0,194136128,152729588
"2022-03-18",55325,120495,175820,0,83439,32064,115503,0,39096750,51045027,90141777,22726401,36554357,59280758,301391,0,718563,0,194437519,153448151
"2022-03-19",52244,102413,154657,0,68822,30899,99721,0,39148994,51147440,90296434,22757300,36623179,59380479,122093,0,201247,0,194559612,153649398
"2022-03-20",47758,74306,122064,0,48762,28528,77290,0,39196752,51221746,90418498,22785828,36671941,59457769,0,0,617951,0,194559612,154267349
"2022-03-21",34544,120065,154609,0,82146,21033,103179,0,39231296,51341811,90573107,22806861,36754087,59560948,225881,0,102731,0,194785493,154370080
"2022-03-22",54806,134562,189368,0,91813,31472,123285,0,39286102,51476373,90762475,22838333,36845900,59684233,121407,0,1021670,0,194906900,155391750
"2022-03-23",49878,116548,166426,0,80224,29470,109694,0,39335980,51592921,90928901,22867803,36926124,59793927,322631,0,747766,0,195229531,156139516
"2022-03-24",48013,111941,159954,0,80959,29368,110327,0,39383993,51704862,91088855,22897171,37007083,59904254,137294,0,196896,0,195366825,156336412
"2022-03-25",42907,101300,144207,0,73686,25552,99238,0,39426900,51806162,91233062,22922723,37080769,60003492,166512,0,299923,0,195533337,156636335
"2022-03-26",42109,86862,128971,0,64710,25719,90429,0,39469009,51893024,91362033,22948442,37145479,60093921,185728,0,933620,0,195719065,157569955
"2022-03-27",35471,60841,96312,0,43486,21914,65400,0,39504480,51953865,91458345,22970356,37188965,60159321,170150,0,270803,0,195889215,157840758
"2022-03-28",27692,102202,129894,0,72777,16890,89667,0,39532172,52056067,91588239,22987246,37261742,60248988,68824,0,133749,0,195958039,157974507
"2022-03-29",41880,116222,158102,0,81566,24875,106441,0,39574052,52172289,91746341,23012121,37343308,60355429,282832,0,855959,0,196240871,158830466
"2022-03-30",40562,93798,134360,0,62584,25026,87610,0,39614614,52266087,91880701,23037147,37405892,60443039,113796,0,195509,0,196354667,159025975
"2022-03-31",40125,93268,133393,0,59298,24965,84263,0,39654739,52359355,92014094,23062112,37465190,60527302,179599,0,299285,0,196534266,159325260
"2022-04-01",35344,81105,116449,0,51712,22809,74521,0,39690083,52440460,92130543,23084921,37516902,60601823,184834,0,361232,0,196719100,159686492
"2022-04-02",32294,66786,99080,0,41551,21266,62817,0,39722377,52507246,92229623,23106187,37558453,60664640,131237,0,264499,0,196850337,159950991
"2022-04-03",31364,51551,82915,0,31576,20721,52297,0,39753741,52558797,92312538,23126908,37590029,60716937,21872,0,37176,0,196872209,159988167
"2022-04-04",27184,102682,129866,0,61529,17390,78919,0,39780925,52661479,92442404,23144298,37651558,60795856,7907,0,118944,0,196880116,160107111
"2022-04-05",36171,116251,152422,0,71542,23061,94603,0,39817096,52777730,92594826,23167359,37723100,60890459,39,0,101,0,196880155,160107212
"2022-04-06",34181,111541,145722,0,71456,22117,93573,0,39851277,52889271,92740548,23189476,37794556,60984032,227752,0,634177,0,197107907,160741389
"2022-04-07",29586,100155,129741,0,64730,18970,83700,0,39880863,52989426,92870289,23208446,37859286,61067732,108988,0,194526,0,197216895,160935915
"2022-04-08",28638,101781,130419,0,66848,17916,84764,0,39909501,53091207,93000708,23226362,37926134,61152496,96668,0,183192,0,197313563,161119107
"2022-04-09",25895,95911,121806,0,68226,16563,84789,0,39935396,53187118,93122514,23242925,37994360,61237285,90829,0,213931,0,197404392,161333038
"2022-04-10",25444,76708,102152,0,58867,16230,75097,0,39960840,53263826,93224666,23259155,38053227,61312382,89019,0,90366,0,197493411,161423404
"2022-04-11",21339,108261,129600,0,83626,13288,96914,0,39982179,53372087,93354266,23272443,38136853,61409296,47031,0,110585,0,197540442,161533989
"2022-04-12",31500,119911,151411,0,86219,19368,105587,0,40013679,53491998,93505677,23291811,38223072,61514883,119894,0,227644,0,197660336,161761633
"2022-04-13",28577,112440,141017,0,79771,17978,97749,0,40042256,53604438,93646694,23309789,38302843,61612632,55216,0,170872,0,197715552,161932505
"2022-04-14",26936,104971,131907,0,81189,17083,98272,0,40069192,53709409,93778601,23326872,38384032,61710904,195213,0,272468,0,197910765,162204973
"2022-04-15",24511,83094,107605,0,57271,15713,72984,0,40093703,53792503,93886206,23342585,38441303,61783888,101354,0,167137,0,198012119,162372110
"2022-04-16",18694,79765,98459,0,52432,12820,65252,0,40112397,53872268,93984665,23355405,38493735,61849140,87890,0,188521,0,198100009,162560631
"2022-04-17",24580,78477,103057,0,50395,16140,66535,0,40136977,53950745,94087722,23371545,38544130,61915675,91829,0,189426,0,198191838,162750057
"2022-04-18",18581,110295,128876,0,81578,11578,93156,0,40155558,54061040,94216598,23383123,38625708,62008831,56228,0,129038,0,198248066,162879095
