"Date","jumlah_spesimen_pcr_tcm","jumlah_spesimen_antigen","jumlah_spesimen_total","jumlah_spesimen_avg7d","jumlah_orang_antigen","jumlah_orang_pcr_tcm","jumlah_orang_total","jumlah_orang_avg7d","jumlah_spesimen_pcr_tcm_kum","jumlah_spesimen_antigen_kum","jumlah_spesimen_total_kum","jumlah_orang_pcr_tcm_kum","jumlah_orang_antigen_kum","jumlah_orang_total_kum","jumlah_vaksinasi_1","jumlah_vaksinasi_1_avg7d","jumlah_vaksinasi_2","jumlah_vaksinasi_2_avg7d","jumlah_jumlah_vaksinasi_1_kum","jumlah_jumlah_vaksinasi_2_kum"
"2021-03-15",11438902,204952,11643854,0,192024,7589169,7781193,0,11438902,204952,11643854,7589169,192024,7781193,4166862,0,1572786,0,4166862,1572786
"2021-03-16",53586,22040,75626,0,20557,26507,47064,0,11492488,226992,11719480,7615676,212581,7828257,302089,0,143963,0,4468951,1716749
"2021-03-17",54353,21627,75980,0,31339,27413,58752,0,11546841,248619,11795460,7643089,243920,7887009,236297,0,159391,0,4705248,1876140
"2021-03-18",54815,20922,75737,0,8637,27306,35943,0,11601656,269541,11871197,7670395,252557,7922952,133504,0,72391,0,4838752,1948531
"2021-03-19",53760,19700,73460,0,18500,27463,45963,0,11655416,289241,11944657,7697858,271057,7968915,120311,0,119869,0,4959063,2068400
"2021-03-20",50547,19153,69700,0,17991,25816,43807,0,11705963,308394,12014357,7723674,289048,8012722,165885,0,152800,0,5124948,2221200
"2021-03-21",30215,11140,41355,0,10408,15896,26304,0,11736178,319534,12055712,7739570,299456,8039026,408431,0,80778,0,5533379,2301978
"2021-03-22",34113,9642,43755,0,8892,28690,37582,0,11770291,329176,12099467,7768260,308348,8076608,33901,0,10623,0,5567280,2312601
"2021-03-23",52146,25256,77402,0,23267,26858,50125,0,11822437,354432,12176869,7795118,331615,8126733,164930,0,181821,0,5732210,2494422
"2021-03-24",49919,22359,72278,0,20544,29244,49788,0,11872356,376791,12249147,7824362,352159,8176521,246041,0,215123,0,5978251,2709545
"2021-03-25",55783,25308,81091,0,23386,29776,53162,0,11928139,402099,12330238,7854138,375545,8229683,411586,0,231471,0,6389837,2941016
"2021-03-26",49643,21916,71559,0,19952,31667,51619,0,11977782,424015,12401797,7885805,395497,8281302,579364,0,207595,0,6969201,3148611
"2021-03-27",45708,21840,67548,0,20224,25657,45881,0,12023490,445855,12469345,7911462,415721,8327183,209813,0,85199,0,7179014,3233810
"2021-03-28",30289,12396,42685,0,11402,19236,30638,0,12053779,458251,12512030,7930698,427123,8357821,64188,0,12645,0,7243202,3246455
"2021-03-29",29334,17599,46933,0,15986,23056,39042,0,12083113,475850,12558963,7953754,443109,8396863,151219,0,67039,0,7394421,3313494
"2021-03-30",50271,26633,76904,0,23956,24331,48287,0,12133384,502483,12635867,7978085,467065,8445150,335161,0,186770,0,7729582,3500264
"2021-03-31",48128,23312,71440,0,20752,24962,45714,0,12181512,525795,12707307,8003047,487817,8490864,366135,0,209333,0,8095717,3709597
"2021-04-01",47905,24889,72794,0,22237,32529,54766,0,12229417,550684,12780101,8035576,510054,8545630,253758,0,141194,0,8349475,3850791
"2021-04-02",35633,16862,52495,0,15036,26370,41406,0,12265050,567546,12832596,8061946,525090,8587036,69114,0,16775,0,8418589,3867566
"2021-04-03",28807,15259,44066,0,13839,22206,36045,0,12293857,582805,12876662,8084152,538929,8623081,114833,0,84303,0,8533422,3951869
"2021-04-04",21231,15259,36490,0,13451,20430,33881,0,12315088,598064,12913152,8104582,552380,8656962,95760,0,62532,0,8629182,4014401
"2021-04-05",27719,17238,44957,0,15384,22963,38347,0,12342807,615302,12958109,8127545,567764,8695309,208899,0,193925,0,8838081,4208326
"2021-04-06",49408,28634,78042,0,25395,24364,49759,0,12392215,643936,13036151,8151909,593159,8745068,137285,0,170025,0,8975366,4378351
"2021-04-07",51040,26456,77496,0,23580,29877,53457,0,12443255,670392,13113647,8181786,616739,8798525,212391,0,169229,0,9187757,4547580
"2021-04-08",46789,26627,73416,0,23514,30739,54253,0,12490044,697019,13187063,8212525,640253,8852778,122052,0,117611,0,9309809,4665191
"2021-04-09",47128,25584,72712,0,22564,25616,48180,0,12537172,722603,13259775,8238141,662817,8900958,474469,0,278040,0,9784278,4943231
"2021-04-10",40539,23552,64091,0,20810,22897,43707,0,12577711,746155,13323866,8261038,683627,8944665,171155,0,107293,0,9955433,5050524
"2021-04-11",27733,14373,42106,0,12773,18145,30918,0,12605444,760528,13365972,8279183,696400,8975583,90142,0,49466,0,10045575,5099990
"2021-04-12",28327,18004,46331,0,15790,18644,34434,0,12633771,778532,13412303,8297827,712190,9010017,216216,0,210749,0,10261791,5310739
"2021-04-13",47584,29938,77522,0,25010,25631,50641,0,12681355,808470,13489825,8323458,737200,9060658,112172,0,121258,0,10373963,5431997
"2021-04-14",46491,27667,74158,0,23654,20632,44286,0,12727846,836137,13563983,8344090,760854,9104944,103543,0,136860,0,10477506,5568857
"2021-04-15",49727,24856,74583,0,21078,27650,48728,0,12777573,860993,13638566,8371740,781932,9153672,118867,0,144547,0,10596373,5713404
"2021-04-16",46636,26770,73406,0,23076,27022,50098,0,12824209,887763,13711972,8398762,805008,9203770,109811,0,106542,0,10706184,5819946
"2021-04-17",41273,23565,64838,0,20374,24581,44955,0,12865482,911328,13776810,8423343,825382,9248725,95060,0,69770,0,10801244,5889716
"2021-04-18",25512,13107,38619,0,11327,19953,31280,0,12890994,924435,13815429,8443296,836709,9280005,27175,0,21205,0,10828419,5910921
"2021-04-19",35052,19676,54728,0,16845,20422,37267,0,12926046,944111,13870157,8463718,853554,9317272,138515,0,139811,0,10966934,6050732
"2021-04-20",40470,28737,69207,0,24488,23619,48107,0,12966516,972848,13939364,8487337,878042,9365379,134357,0,81155,0,11101291,6131887
"2021-04-21",45591,26970,72561,0,22860,24188,47048,0,13012107,999818,14011925,8511525,900902,9412427,167922,0,190116,0,11269213,6322003
"2021-04-22",46879,31714,78593,0,26544,29137,55681,0,13058986,1031532,14090518,8540662,927446,9468108,163498,0,166194,0,11432711,6488197
"2021-04-23",44717,18906,63623,0,16007,25552,41559,0,13103703,1050438,14154141,8566214,943453,9509667,155168,0,188951,0,11587879,6677148
"2021-04-24",41484,26267,67751,0,22271,19992,42263,0,13145187,1076705,14221892,8586206,965724,9551930,111706,0,107446,0,11699585,6784594
"2021-04-25",27046,15673,42719,0,13427,19098,32525,0,13172233,1092378,14264611,8605304,979151,9584455,34338,0,37710,0,11733923,6822304
"2021-04-26",30464,21414,51878,0,18282,18585,36867,0,13202697,1113792,14316489,8623889,997433,9621322,110656,0,176000,0,11844579,6998304
"2021-04-27",44443,32178,76621,0,27150,24745,51895,0,13247140,1145970,14393110,8648634,1024583,9673217,136455,0,180464,0,11981034,7178768
"2021-04-28",45360,27923,73283,0,23122,17935,41057,0,13292500,1173893,14466393,8666569,1047705,9714274,131854,0,195690,0,12112888,7374458
"2021-04-29",47043,28777,75820,0,24236,31247,55483,0,13339543,1202670,14542213,8697816,1071941,9769757,167877,0,191913,0,12280765,7566371
"2021-04-30",48373,28853,77226,0,24479,27185,51664,0,13387916,1231523,14619439,8725001,1096420,9821421,105121,0,63488,0,12385886,7629859
"2021-05-01",43594,19623,63217,0,16685,25037,41722,0,13431510,1251146,14682656,8750038,1113105,9863143,57377,0,37724,0,12443263,7667583
"2021-05-02",27283,12675,39958,0,10987,21402,32389,0,13458793,1263821,14722614,8771440,1124092,9895532,13901,0,10902,0,12457164,7678485
"2021-05-03",28611,19588,48199,0,16526,19187,35713,0,13487404,1283409,14770813,8790627,1140618,9931245,88208,0,148711,0,12545372,7827196
"2021-05-04",45888,29997,75885,0,24746,26790,51536,0,13533292,1313406,14846698,8817417,1165364,9982781,127492,0,153859,0,12672864,7981055
"2021-05-05",48729,30589,79318,0,25827,25349,51176,0,13582021,1343995,14926016,8842766,1191191,10033957,160022,0,170887,0,12832886,8151942
"2021-05-06",46540,29733,76273,0,24523,25599,50122,0,13628561,1373728,15002289,8868365,1215714,10084079,162824,0,166002,0,12995710,8317944
"2021-05-07",50207,25783,75990,0,21490,25145,46635,0,13678768,1399511,15078279,8893510,1237204,10130714,140976,0,138315,0,13136686,8456259
"2021-05-08",49036,25511,74547,0,21459,23246,44705,0,13727804,1425022,15152826,8916756,1258663,10175419,147736,0,127595,0,13284422,8583854
"2021-05-09",32981,15920,48901,0,13263,16986,30249,0,13760785,1440942,15201727,8933742,1271926,10205668,56535,0,50692,0,13340957,8634546
"2021-05-10",34046,15437,49483,0,13062,18901,31963,0,13794831,1456379,15251210,8952643,1284988,10237631,134130,0,120710,0,13475087,8755256
"2021-05-11",47560,27856,75416,0,23116,21974,45090,0,13842391,1484235,15326626,8974617,1308104,10282721,140226,0,115168,0,13615313,8870424
"2021-05-12",41184,22074,63258,0,18618,20022,38640,0,13883575,1506309,15389884,8994639,1326722,10321361,63010,0,37841,0,13678323,8908265
"2021-05-13",22395,9155,31550,0,7906,13807,21713,0,13905970,1515464,15421434,9008446,1334628,10343074,17230,0,11292,0,13695553,8919557
"2021-05-14",12141,6399,18540,0,5545,10400,15945,0,13918111,1521863,15439974,9018846,1340173,10359019,3840,0,1874,0,13699393,8921431
"2021-05-15",16517,13070,29587,0,11273,11246,22519,0,13934628,1534933,15469561,9030092,1351446,10381538,22234,0,32869,0,13721627,8954300
"2021-05-16",22097,15376,37473,0,13054,14586,27640,0,13956725,1550309,15507034,9044678,1364500,10409178,15969,0,16415,0,13737596,8970715
"2021-05-17",24905,20748,45653,0,17395,19593,36988,0,13981630,1571057,15552687,9064271,1381895,10446166,65459,0,96267,0,13803055,9066982
"2021-05-18",45416,34332,79748,0,28325,15179,43504,0,14027046,1605389,15632435,9079450,1410220,10489670,148920,0,180618,0,13951975,9247600
"2021-05-19",46744,38235,84979,0,31619,21539,53158,0,14073790,1643624,15717414,9100989,1441839,10542828,147779,0,119035,0,14099754,9366635
"2021-05-20",55641,39794,95435,0,33461,22280,55741,0,14129431,1683418,15812849,9123269,1475300,10598569,269479,0,169467,0,14369233,9536102
"2021-05-21",56598,35454,92052,0,30107,41668,71775,0,14186029,1718872,15904901,9164937,1505407,10670344,237098,0,175144,0,14606331,9711246
"2021-05-22",47721,34095,81816,0,19129,22636,41765,0,14233750,1752967,15986717,9187573,1524536,10712109,209335,0,114253,0,14815666,9825499
"2021-05-23",37476,35482,72958,0,29584,24095,53679,0,14271226,1788449,16059675,9211668,1554120,10765788,75267,0,46165,0,14890933,9871664
"2021-05-24",34132,31337,65469,0,25832,28574,54406,0,14305358,1819786,16125144,9240242,1579952,10820194,28656,0,25318,0,14919589,9896982
"2021-05-25",48738,35686,84424,0,30508,31353,61861,0,14354096,1855472,16209568,9271595,1610460,10882055,410717,0,228498,0,15330306,10125480
"2021-05-26",49814,32506,82320,0,27801,28517,56318,0,14403910,1887978,16291888,9300112,1638261,10938373,205692,0,99353,0,15535998,10224833
"2021-05-27",39585,41364,80949,0,35646,26740,62386,0,14443495,1929342,16372837,9326852,1673907,11000759,167585,0,135163,0,15703583,10359996
"2021-05-28",53372,57310,110682,0,49252,23840,73092,0,14496867,1986652,16483519,9350692,1723159,11073851,297364,0,126403,0,16000947,10486399
"2021-05-29",53554,52392,105946,0,45254,26580,71834,0,14550421,2039044,16589465,9377272,1768413,11145685,202882,0,68397,0,16203829,10554796
"2021-05-30",39960,31057,71017,0,26549,25583,52132,0,14590381,2070101,16660482,9402855,1794962,11197817,100871,0,29693,0,16304700,10584489
"2021-05-31",32857,35004,67861,0,29851,23640,53491,0,14623238,2105105,16728343,9426495,1824813,11251308,108972,0,47346,0,16413672,10631835
"2021-06-01",39592,36353,75945,0,30647,20953,51600,0,14662830,2141458,16804288,9447448,1855460,11302908,180909,0,82465,0,16594581,10714300
"2021-06-02",29718,35112,64830,0,29373,20358,49731,0,14692548,2176570,16869118,9467806,1884833,11352639,171682,0,138684,0,16766263,10852984
"2021-06-03",60088,45471,105559,0,37805,20562,58367,0,14752636,2222041,16974677,9488368,1922638,11411006,276587,0,131916,0,17042850,10984900
"2021-06-04",62325,45311,107636,0,37621,27586,65207,0,14814961,2267352,17082313,9515954,1960259,11476213,248654,0,70654,0,17291504,11055554
"2021-06-05",52509,36516,89025,0,30144,26628,56772,0,14867470,2303868,17171338,9542582,1990403,11532985,289960,0,65915,0,17581464,11121469
"2021-06-06",37536,26687,64223,0,22193,27047,49240,0,14905006,2330555,17235561,9569629,2012596,11582225,62139,0,5288,0,17643603,11126757
"2021-06-07",33092,30964,64056,0,25618,25877,51495,0,14938098,2361519,17299617,9595506,2038214,11633720,132315,0,70312,0,17775918,11197069
"2021-06-08",55606,46325,101931,0,38224,30960,69184,0,14993704,2407844,17401548,9626466,2076438,11702904,484564,0,158956,0,18260482,11356025
"2021-06-09",61413,46412,107825,0,38174,32359,70533,0,15055117,2454256,17509373,9658825,2114612,11773437,458287,0,80234,0,18718769,11436259
"2021-06-10",64100,46523,110623,0,38458,30538,68996,0,15119217,2500779,17619996,9689363,2153070,11842433,492664,0,52658,0,19211433,11488917
"2021-06-11",62520,53242,115762,0,44148,30037,74185,0,15181737,2554021,17735758,9719400,2197218,11916618,458535,0,36721,0,19669968,11525638
"2021-06-12",55455,42504,97959,0,35800,27364,63164,0,15237192,2596525,17833717,9746764,2233018,11979782,374219,0,33500,0,20044187,11559138
"2021-06-13",45425,25043,70468,0,20980,27370,48350,0,15282617,2621568,17904185,9774134,2253998,12028132,114750,0,9305,0,20158937,11568443
"2021-06-14",36603,32711,69314,0,27142,25571,52713,0,15319220,2654279,17973499,9799705,2281140,12080845,265111,0,47419,0,20424048,11615862
"2021-06-15",61064,47736,108800,0,39465,19688,59153,0,15380284,2702015,18082299,9819393,2320605,12139998,480675,0,83159,0,20904723,11699021
"2021-06-16",72595,20087,92682,0,15021,27051,42072,0,15452879,2722102,18174981,9846444,2335626,12182070,544051,0,116597,0,21448774,11815618
"2021-06-17",75965,54864,130829,0,46378,32944,79322,0,15528844,2776966,18305810,9879388,2382004,12261392,550482,0,147512,0,21999256,11963130
"2021-06-18",77633,54582,132215,0,45965,27840,73805,0,15606477,2831548,18438025,9907228,2427969,12335197,455911,0,132936,0,22455167,12096066
"2021-06-19",73136,49274,122410,0,41726,33879,75605,0,15679613,2880822,18560435,9941107,2469695,12410802,418175,0,116840,0,22873342,12212906
"2021-06-20",55720,33463,89183,0,28126,32103,60229,0,15735333,2914285,18649618,9973210,2497821,12471031,170030,0,26800,0,23043372,12239706
"2021-06-21",47757,36661,84418,0,30778,31583,62361,0,15783090,2950946,18734036,10004793,2528599,12533392,222401,0,80680,0,23265773,12320386
"2021-06-22",76060,54570,130630,0,45250,25492,70742,0,15859150,3005516,18864666,10030285,2573849,12604134,524111,0,194531,0,23789884,12514917
"2021-06-23",88289,52898,141187,0,44301,30090,74391,0,15947439,3058414,19005853,10060375,2618150,12678525,568972,0,125124,0,24358856,12640041
"2021-06-24",83430,53466,136896,0,44785,45718,90503,0,16030869,3111880,19142749,10106093,2662935,12769028,570586,0,129748,0,24929442,12769789
"2021-06-25",87831,53084,140915,0,44493,50958,95451,0,16118700,3164964,19283664,10157051,2707428,12864479,552594,0,142834,0,25482036,12912623
"2021-06-26",85073,50561,135634,0,42382,55892,98274,0,16203773,3215525,19419298,10212943,2749810,12962753,550095,0,105901,0,26032131,13018524
"2021-06-27",63238,35666,98904,0,29512,50021,79533,0,16267011,3251191,19518202,10262964,2779322,13042286,1083632,0,90507,0,27115763,13109031
"2021-06-28",59108,39079,98187,0,32260,48048,80308,0,16326119,3290270,19616389,10311012,2811582,13122594,304135,0,73003,0,27419898,13182034
"2021-06-29",86813,57144,143957,0,47401,55864,103265,0,16412932,3347414,19760346,10366876,2858983,13225859,884876,0,147704,0,28304774,13329738
"2021-06-30",85055,57676,142731,0,47880,52433,100313,0,16497987,3405090,19903077,10419309,2906863,13326172,974368,0,135761,0,29279142,13465499
"2021-07-01",98642,56549,155191,0,46873,51699,98572,0,16596629,3461639,20058268,10471008,2953736,13424744,905250,0,158658,0,30184392,13624157
"2021-07-02",93639,59969,153608,0,50037,52728,102765,0,16690268,3521608,20211876,10523736,3003773,13527509,707429,0,145950,0,30891821,13770107
"2021-07-03",103780,53447,157227,0,44369,66614,110983,0,16794048,3575055,20369103,10590350,3048142,13638492,681419,0,152625,0,31573240,13922732
"2021-07-04",81299,39535,120834,0,33198,53094,86292,0,16875347,3614590,20489937,10643444,3081340,13724784,490505,0,56832,0,32063745,13979564
"2021-07-05",72145,37970,110115,0,31680,60718,92398,0,16947492,3652560,20600052,10704162,3113020,13817182,238523,0,56370,0,32302268,14035934
"2021-07-06",119024,64029,183053,0,52846,83919,136765,0,17066516,3716589,20783105,10788081,3165866,13953947,873761,0,232046,0,33176029,14267980
"2021-07-07",133579,65564,199143,0,55165,86792,141957,0,17200095,3782153,20982248,10874873,3221031,14095904,863768,0,175833,0,34039797,14443813
"2021-07-08",134574,65807,200381,0,54452,81484,135936,0,17334669,3847960,21182629,10956357,3275483,14231840,820889,0,178689,0,34860686,14622502
"2021-07-09",152825,67090,219915,0,55476,86529,142005,0,17487494,3915050,21402544,11042886,3330959,14373845,914881,0,246075,0,35775567,14868577
"2021-07-10",122862,71697,194559,0,59738,85556,145294,0,17610356,3986747,21597103,11128442,3390697,14519139,417509,0,100753,0,36193076,14969330
"2021-07-11",101430,57789,159219,0,48263,79792,128055,0,17711786,4044536,21756322,11208234,3438960,14647194,73943,0,42018,0,36267019,15011348
"2021-07-12",98932,50812,149744,0,41872,81445,123317,0,17810718,4095348,21906066,11289679,3480832,14770511,101172,0,25120,0,36368191,15036468
"2021-07-13",151366,75717,227083,0,61938,97416,159354,0,17962084,4171065,22133149,11387095,3542770,14929865,546416,0,154530,0,36914607,15190998
"2021-07-14",167784,72940,240724,0,60547,112312,172859,0,18129868,4244005,22373873,11499407,3603317,15102724,1994826,0,420556,0,38909433,15611554
"2021-07-15",170491,78568,249059,0,65735,119586,185321,0,18300359,4322573,22622932,11618993,3669052,15288045,718716,0,198545,0,39628149,15810099
"2021-07-16",165870,92662,258532,0,76468,102748,179216,0,18466229,4415235,22881464,11721741,3745520,15467261,600662,0,130630,0,40228811,15940729
"2021-07-17",151852,99540,251392,0,82232,106319,188551,0,18618081,4514775,23132856,11828060,3827752,15655812,1039816,0,277126,0,41268627,16217855
"2021-07-18",126485,66952,193437,0,55252,82923,138175,0,18744566,4581727,23326293,11910983,3883004,15793987,404837,0,56295,0,41673464,16274150
"2021-07-19",92301,68385,160686,0,55545,71916,127461,0,18836867,4650112,23486979,11982899,3938549,15921448,422067,0,126201,0,42095531,16400351
"2021-07-20",122863,56412,179275,0,45043,69631,114674,0,18959730,4706524,23666254,12052530,3983592,16036122,249144,0,50937,0,42344675,16451288
"2021-07-21",92610,60720,153330,0,50920,65312,116232,0,19052340,4767244,23819584,12117842,4034512,16152354,266927,0,155387,0,42611602,16606675
"2021-07-22",160320,134150,294470,0,124350,104352,228702,0,19212660,4901394,24114054,12222194,4158862,16381056,544193,0,289525,0,43155795,16896200
"2021-07-23",160025,114221,274246,0,110743,91642,202385,0,19372685,5015615,24388300,12313836,4269605,16583441,561459,0,257945,0,43717254,17154145
"2021-07-24",144441,108255,252696,0,87035,92918,179953,0,19517126,5123870,24640996,12406754,4356640,16763394,390672,0,321851,0,44107926,17475996
"2021-07-25",109613,63859,173472,0,57884,66255,124139,0,19626739,5187729,24814468,12473009,4414524,16887533,362048,0,430508,0,44469974,17906504
"2021-07-26",79027,81562,160589,0,64900,56366,121266,0,19705766,5269291,24975057,12529375,4479424,17008799,258346,0,223374,0,44728320,18129878
"2021-07-27",141519,128915,270434,0,101530,78672,180202,0,19847285,5398206,25245491,12608047,4580954,17189001,550229,0,536465,0,45278549,18666343
"2021-07-28",151699,126110,277809,0,100719,84462,185181,0,19998984,5524316,25523300,12692509,4681673,17374182,456363,0,436819,0,45734912,19103162
"2021-07-29",139290,123664,262954,0,99653,73811,173464,0,20138274,5647980,25786254,12766320,4781326,17547646,555030,0,566060,0,46289942,19669222
"2021-07-30",132631,119553,252184,0,95345,69654,164999,0,20270905,5767533,26038438,12835974,4876671,17712645,516051,0,477199,0,46805993,20146421
"2021-07-31",128698,113067,241765,0,88605,61617,150222,0,20399603,5880600,26280203,12897591,4965276,17862867,420521,0,388402,0,47226514,20534823
"2021-08-01",98065,80310,178375,0,63706,48955,112661,0,20497668,5960910,26458578,12946546,5028982,17975528,251654,0,138256,0,47478168,20673079
"2021-08-02",70655,80561,151216,0,61988,44797,106785,0,20568323,6041471,26609794,12991343,5090970,18082313,208315,0,261346,0,47686483,20934425
"2021-08-03",125637,122589,248226,0,94130,57582,151712,0,20693960,6164060,26858020,13048925,5185100,18234025,419725,0,502483,0,48106208,21436908
"2021-08-04",128549,113779,242328,0,87771,61041,148812,0,20822509,6277839,27100348,13109966,5272871,18382837,379057,0,528458,0,48485265,21965366
"2021-08-05",128831,119725,248556,0,93234,60683,153917,0,20951340,6397564,27348904,13170649,5366105,18536754,348858,0,245013,0,48834123,22210379
"2021-08-06",123222,114334,237556,0,88867,60113,148980,0,21074562,6511898,27586460,13230762,5454972,18685734,556935,0,681445,0,49391058,22891824
"2021-08-07",119543,116424,235967,0,90737,53318,144055,0,21194105,6628322,27822427,13284080,5545709,18829789,410765,0,453440,0,49801823,23345264
"2021-08-08",90033,76731,166764,0,59253,43312,102565,0,21284138,6705053,27989191,13327392,5604962,18932354,696117,0,432059,0,50497940,23777323
"2021-08-09",65156,80046,145202,0,60202,39185,99387,0,21349294,6785099,28134393,13366577,5665164,19031741,132375,0,434701,0,50630315,24212024
"2021-08-10",121733,119419,241152,0,88549,57601,146150,0,21471027,6904518,28375545,13424178,5753713,19177891,565236,0,685556,0,51195551,24897580
"2021-08-11",117883,92932,210815,0,69335,66124,135459,0,21588910,6997450,28586360,13490302,5823048,19313350,510373,0,541720,0,51705924,25439300
"2021-08-12",74390,79327,153717,0,58873,77379,136252,0,21663300,7076777,28740077,13567681,5881921,19449602,188642,0,305550,0,51894566,25744850
"2021-08-13",115201,110830,226031,0,81016,65465,146481,0,21778501,7187607,28966108,13633146,5962937,19596083,1317784,0,1484073,0,53212350,27228923
"2021-08-14",112697,109885,222582,0,81514,44902,126416,0,21891198,7297492,29188690,13678048,6044451,19722499,406520,0,564633,0,53618870,27793556
"2021-08-15",84936,74242,159178,0,55019,34749,89768,0,21976134,7371734,29347868,13712797,6099470,19812267,69252,0,318729,0,53688122,28112285
"2021-08-16",55275,73735,129010,0,53394,24983,78377,0,22031409,7445469,29476878,13737780,6152864,19890644,694558,0,412701,0,54382680,28524986
"2021-08-17",97871,84345,182216,0,65277,36149,101426,0,22129280,7529814,29659094,13773929,6218141,19992070,599870,0,634063,0,54982550,29159049
"2021-08-18",63083,74099,137182,0,53625,25001,78626,0,22192363,7603913,29796276,13798930,6271766,20070696,209944,0,244296,0,55192494,29403345
"2021-08-19",103163,111247,214410,0,75375,39733,115108,0,22295526,7715160,30010686,13838663,6347141,20185804,853437,0,965180,0,56045931,30368525
"2021-08-20",101685,100799,202484,0,75752,38095,113847,0,22397211,7815959,30213170,13876758,6422893,20299651,458124,0,384612,0,56504055,30753137
"2021-08-21",94985,105265,200250,0,79031,37275,116306,0,22492196,7921224,30413420,13914033,6501924,20415957,482095,0,457785,0,56986150,31210922
"2021-08-22",76742,71668,148410,0,53525,31691,85216,0,22568938,7992892,30561830,13945724,6555449,20501173,353157,0,390946,0,57339307,31601868
"2021-08-23",49919,72818,122737,0,53146,21178,74324,0,22618857,8065710,30684567,13966902,6608595,20575497,440409,0,444356,0,57779716,32046224
"2021-08-24",94444,91408,185852,0,82724,41120,123844,0,22713301,8157118,30870419,14008022,6691319,20699341,689094,0,594774,0,58468810,32640998
"2021-08-25",97075,152190,249265,0,104837,41951,146788,0,22810376,8309308,31119684,14049973,6796156,20846129,542523,0,453507,0,59011333,33094505
"2021-08-26",90227,115547,205774,0,88300,40323,128623,0,22900603,8424855,31325458,14090296,6884456,20974752,415601,0,262744,0,59426934,33357249
"2021-08-27",88319,95796,184115,0,70568,36953,107521,0,22988922,8520651,31509573,14127249,6955024,21082273,1008621,0,763954,0,60435555,34121203
"2021-08-28",85153,96521,181674,0,70065,34249,104314,0,23074075,8617172,31691247,14161498,7025089,21186587,786703,0,581618,0,61222258,34702821
"2021-08-29",70917,83243,154160,0,62244,30287,92531,0,23144992,8700415,31845407,14191785,7087333,21279118,432418,0,155179,0,61654676,34858000
"2021-08-30",45940,79483,125423,0,58597,19458,78055,0,23190932,8779898,31970830,14211243,7145930,21357173,640220,0,456460,0,62294896,35314460
"2021-08-31",96012,128230,224242,0,90758,39766,130524,0,23286944,8908128,32195072,14251009,7236688,21487697,816392,0,540751,0,63111288,35855211
"2021-09-01",89375,130686,220061,0,95847,38232,134079,0,23376319,9038814,32415133,14289241,7332535,21621776,833667,0,488009,0,63944955,36343220
"2021-09-02",82052,126663,208715,0,93096,35757,128853,0,23458371,9165477,32623848,14324998,7425631,21750629,797646,0,516181,0,64742601,36859401
"2021-09-03",83534,125755,209289,0,93177,35166,128343,0,23541905,9291232,32833137,14360164,7518808,21878972,1152072,0,788632,0,65894673,37648033
"2021-09-04",85068,125363,210431,0,91399,36903,128302,0,23626973,9416595,33043568,14397067,7610207,22007274,458996,0,382619,0,66353669,38030652
"2021-09-05",73115,98770,171885,0,72115,32829,104944,0,23700088,9515365,33215453,14429896,7682322,22112218,429004,0,192501,0,66782673,38223153
"2021-09-06",44637,108305,152942,0,75934,20573,96507,0,23744725,9623670,33368395,14450469,7758256,22208725,372680,0,248938,0,67155353,38472091
"2021-09-07",90044,161595,251639,0,116547,42418,158965,0,23834769,9785265,33620034,14492887,7874803,22367690,1053235,0,693889,0,68208588,39165980
"2021-09-08",84905,147397,232302,0,107200,38460,145660,0,23919674,9932662,33852336,14531347,7982003,22513350,985951,0,555591,0,69194539,39721571
"2021-09-09",82021,149257,231278,0,110639,37819,148458,0,24001695,10081919,34083614,14569166,8092642,22661808,1128021,0,641249,0,70322560,40362820
"2021-09-10",84338,151343,235681,0,110144,39636,149780,0,24086033,10233262,34319295,14608802,8202786,22811588,852699,0,505173,0,71175259,40867993
"2021-09-11",87152,144418,231570,0,102884,40251,143135,0,24173185,10377680,34550865,14649053,8305670,22954723,1073461,0,666347,0,72248720,41534340
"2021-09-12",78263,119789,198052,0,87032,36984,124016,0,24251448,10497469,34748917,14686037,8392702,23078739,517475,0,200394,0,72766195,41734734
"2021-09-13",45981,131253,177234,0,98821,21708,120529,0,24297429,10628722,34926151,14707745,8491523,23199268,544368,0,370105,0,73310563,42104839
"2021-09-14",85520,193160,278680,0,145692,40030,185722,0,24382949,10821882,35204831,14747775,8637215,23384990,946952,0,460492,0,74257515,42565331
"2021-09-15",86083,146358,232441,0,112476,41017,153493,0,24469032,10968240,35437272,14788792,8749691,23538483,883209,0,397309,0,75140724,42962640
"2021-09-16",82824,16306,99130,0,15968,38798,54766,0,24551856,10984546,35536402,14827590,8765659,23593249,1012763,0,522331,0,76153487,43484971
"2021-09-17",80065,308227,388292,0,255869,37585,293454,0,24631921,11292773,35924694,14865175,9021528,23886703,1264001,0,639744,0,77417488,44124715
"2021-09-18",83204,192890,276094,0,161807,39331,201138,0,24715125,11485663,36200788,14904506,9183335,24087841,1123031,0,591855,0,78540519,44716570
"2021-09-19",73911,118502,192413,0,98988,34777,133765,0,24789036,11604165,36393201,14939283,9282323,24221606,974837,0,417624,0,79515356,45134194
"2021-09-20",45676,157119,202795,0,128712,22002,150714,0,24834712,11761284,36595996,14961285,9411035,24372320,142406,0,90456,0,79657762,45224650
"2021-09-21",81982,166675,248657,0,138408,38032,176440,0,24916694,11927959,36844653,14999317,9549443,24548760,750982,0,628383,0,80408744,45853033
"2021-09-22",82859,173304,256163,0,146812,38584,185396,0,24999553,12101263,37100816,15037901,9696255,24734156,1705044,0,643144,0,82113788,46496177
"2021-09-23",75925,172200,248125,0,136791,37123,173914,0,25075478,12273463,37348941,15075024,9833046,24908070,1134340,0,484170,0,83248128,46980347
"2021-09-24",78049,174547,252596,0,137244,35729,172973,0,25153527,12448010,37601537,15110753,9970290,25081043,1615771,0,727794,0,84863899,47708141
"2021-09-25",81093,176710,257803,0,143823,38038,181861,0,25234620,12624720,37859340,15148791,10114113,25262904,569619,0,287964,0,85433518,47996105
"2021-09-26",75830,141254,217084,0,111356,37387,148743,0,25310450,12765974,38076424,15186178,10225469,25411647,1027167,0,530543,0,86460685,48526648
"2021-09-27",46023,168568,214591,0,130272,21694,151966,0,25356473,12934542,38291015,15207872,10355741,25563613,701841,0,388828,0,87162526,48915476
"2021-09-28",79507,196261,275768,0,155480,38084,193564,0,25435980,13130803,38566783,15245956,10511221,25757177,1368611,0,740242,0,88531137,49655718
"2021-09-29",84522,194045,278567,0,155754,41556,197310,0,25520502,13324848,38845350,15287512,10666975,25954487,1291850,0,757275,0,89822987,50412993
"2021-09-30",80823,195312,276135,0,152344,41465,193809,0,25601325,13520160,39121485,15328977,10819319,26148296,1256014,0,700367,0,91079001,51113360
"2021-10-01",80061,171307,251368,0,131294,39852,171146,0,25681386,13691467,39372853,15368829,10950613,26319442,1082000,0,637337,0,92161001,51750697
"2021-10-02",83777,152876,236653,0,118866,41133,159999,0,25765163,13844343,39609506,15409962,11069479,26479441,905493,0,565869,0,93066494,52316566
"2021-10-03",82916,155142,238058,0,119227,41413,160640,0,25848079,13999485,39847564,15451375,11188706,26640081,713952,0,359486,0,93780446,52676052
"2021-10-04",54351,157163,211514,0,119679,27029,146708,0,25902430,14156648,40059078,15478404,11308385,26786789,443244,0,330871,0,94223690,53006923
"2021-10-05",86521,168965,255486,0,132925,43798,176723,0,25988951,14325613,40314564,15522202,11441310,26963512,715527,0,649998,0,94939217,53656921
"2021-10-06",90732,183707,274439,0,143879,46351,190230,0,26079683,14509320,40589003,15568553,11585189,27153742,842556,0,785058,0,95781773,54441979
"2021-10-07",84298,175257,259555,0,137310,43812,181122,0,26163981,14684577,40848558,15612365,11722499,27334864,710381,0,517566,0,96492154,54959545
"2021-10-08",86530,181616,268146,0,138513,42997,181510,0,26250511,14866193,41116704,15655362,11861012,27516374,1654154,0,1146461,0,98146308,56106006
"2021-10-09",87860,179190,267050,0,139092,43818,182910,0,26338371,15045383,41383754,15699180,12000104,27699284,1226986,0,802658,0,99373294,56908664
"2021-10-10",81082,138567,219649,0,104607,40063,144670,0,26419453,15183950,41603403,15739243,12104711,27843954,686187,0,500639,0,100059481,57409303
"2021-10-11",52960,172123,225083,0,126798,25172,151970,0,26472413,15356073,41828486,15764415,12231509,27995924,262894,0,197897,0,100322375,57607200
"2021-10-12",89364,186999,276363,0,145200,45203,190403,0,26561777,15543072,42104849,15809618,12376709,28186327,1040519,0,798380,0,101362894,58405580
"2021-10-13",85949,175782,261731,0,136842,44334,181176,0,26647726,15718854,42366580,15853952,12513551,28367503,1322923,0,1005918,0,102685817,59411498
"2021-10-14",86876,172069,258945,0,124048,41659,165707,0,26734602,15890923,42625525,15895611,12637599,28533210,1622885,0,1010575,0,104308702,60422073
"2021-10-15",91839,175499,267338,0,134291,46129,180420,0,26826441,16066422,42892863,15941740,12771890,28713630,1155984,0,974982,0,105464686,61397055
"2021-10-16",92838,177973,270811,0,134149,46081,180230,0,26919279,16244395,43163674,15987821,12906039,28893860,1205284,0,769861,0,106669970,62166916
"2021-10-17",83414,140515,223929,0,104822,42138,146960,0,27002693,16384910,43387603,16029959,13010861,29040820,833258,0,565652,0,107503228,62732568
"2021-10-18",53524,161689,215213,0,119285,26444,145729,0,27056217,16546599,43602816,16056403,13130146,29186549,477788,0,456232,0,107981016,63188800
"2021-10-19",81045,179298,260343,0,135138,40318,175456,0,27137262,16725897,43863159,16096721,13265284,29362005,1024611,0,820098,0,109005627,64008898
"2021-10-20",101455,146658,248113,0,105808,50538,156346,0,27238717,16872555,44111272,16147259,13371092,29518351,791239,0,613794,0,109796866,64622692
"2021-10-21",75348,143051,218399,0,108861,39631,148492,0,27314065,17015606,44329671,16186890,13479953,29666843,609911,0,550456,0,110406777,65173148
"2021-10-22",96807,153933,250740,0,117130,48117,165247,0,27410872,17169539,44580411,16235007,13597083,29832090,1089264,0,1143519,0,111496041,66316667
"2021-10-23",104490,146097,250587,0,111179,50685,161864,0,27515362,17315636,44830998,16285692,13708262,29993954,775887,0,849065,0,112271928,67165732
"2021-10-24",105211,109534,214745,0,82628,51654,134282,0,27620573,17425170,45045743,16337346,13790890,30128236,760840,0,749708,0,113032768,67915440
"2021-10-25",71208,144614,215822,0,103490,34127,137617,0,27691781,17569784,45261565,16371473,13894380,30265853,391611,0,348569,0,113424379,68264009
"2021-10-26",103057,156007,259064,0,122685,55392,178077,0,27794838,17725791,45520629,16426865,14017065,30443930,922722,0,866113,0,114347101,69130122
"2021-10-27",108860,151591,260451,0,125337,58482,183819,0,27903698,17877382,45781080,16485347,14142402,30627749,1155423,0,983496,0,115502524,70113618
"2021-10-28",108566,150975,259541,0,109438,54791,164229,0,28012264,18028357,46040621,16540138,14251840,30791978,1117757,0,986251,0,116620281,71099869
"2021-10-29",105381,139011,244392,0,108699,52042,160741,0,28117645,18167368,46285013,16592180,14360539,30952719,1068833,0,961208,0,117689114,72061077
"2021-10-30",111203,128183,239386,0,100029,56311,156340,0,28228848,18295551,46524399,16648491,14460568,31109059,1462704,0,1229611,0,119151818,73290688
"2021-10-31",103765,98308,202073,0,73685,53269,126954,0,28332613,18393859,46726472,16701760,14534253,31236013,510430,0,408295,0,119662248,73698983
"2021-11-01",71762,132054,203816,0,100099,37274,137373,0,28404375,18525913,46930288,16739034,14634352,31373386,390339,0,389944,0,120052587,74088927
"2021-11-02",105838,149726,255564,0,117242,58182,175424,0,28510213,18675639,47185852,16797216,14751594,31548810,835260,0,716740,0,120887847,74805667
"2021-11-03",103446,149677,253123,0,111928,55743,167671,0,28613659,18825316,47438975,16852959,14863522,31716481,1087906,0,1023523,0,121975753,75829190
"2021-11-04",80740,168500,249240,0,139241,44966,184207,0,28694399,18993816,47688215,16897925,15002763,31900688,876343,0,858560,0,122852096,76687750
"2021-11-05",70696,145905,216601,0,112537,36855,149392,0,28765095,19139721,47904816,16934780,15115300,32050080,972103,0,1000088,0,123824199,77687838
"2021-11-06",64763,191269,256032,0,143782,33063,176845,0,28829858,19330990,48160848,16967843,15259082,32226925,331968,0,426234,0,124156167,78114072
"2021-11-07",57838,162119,219957,0,117069,31092,148161,0,28887696,19493109,48380805,16998935,15376151,32375086,949796,0,880091,0,125105963,78994163
"2021-11-08",37794,150803,188597,0,109954,20237,130191,0,28925490,19643912,48569402,17019172,15486105,32505277,288524,0,218312,0,125394487,79212475
"2021-11-09",63730,184285,248015,0,140029,33038,173067,0,28989220,19828197,48817417,17052210,15626134,32678344,1064798,0,858050,0,126459285,80070525
"2021-11-10",64163,235437,299600,0,157955,34607,192562,0,29053383,20063634,49117017,17086817,15784089,32870906,875981,0,883614,0,127335266,80954139
"2021-11-11",62163,199865,262028,0,144386,32548,176934,0,29115546,20263499,49379045,17119365,15928475,33047840,812079,0,756960,0,128147345,81711099
"2021-11-12",54632,205185,259817,0,125782,29451,155233,0,29170178,20468684,49638862,17148816,16054257,33203073,942043,0,1107393,0,129089388,82818492
"2021-11-13",59387,207588,266975,0,153071,31624,184695,0,29229565,20676272,49905837,17180440,16207328,33387768,620802,0,599594,0,129710190,83418086
"2021-11-14",52548,180651,233199,0,126802,28499,155301,0,29282113,20856923,50139036,17208939,16334130,33543069,573155,0,743673,0,130283345,84161759
"2021-11-15",35377,208045,243422,0,149501,18448,167949,0,29317490,21064968,50382458,17227387,16483631,33711018,333169,0,390687,0,130616514,84552446
"2021-11-16",61363,217652,279015,0,161516,34065,195581,0,29378853,21282620,50661473,17261452,16645147,33906599,676357,0,818238,0,131292871,85370684
"2021-11-17",64815,214401,279216,0,157426,36404,193830,0,29443668,21497021,50940689,17297856,16802573,34100429,713506,0,909032,0,132006377,86279716
"2021-11-18",55910,214318,270228,0,157739,31189,188928,0,29499578,21711339,51210917,17329045,16960312,34289357,67609,0,56207,0,132073986,86335923
"2021-11-19",54202,218502,272704,0,155173,28624,183797,0,29553780,21929841,51483621,17357669,17115485,34473154,1328065,0,1624194,0,133402051,87960117
"2021-11-20",53321,221651,274972,0,156951,29280,186231,0,29607101,22151492,51758593,17386949,17272436,34659385,622958,0,800080,0,134025009,88760197
"2021-11-21",46929,192251,239180,0,127423,26393,153816,0,29654030,22343743,51997773,17413342,17399859,34813201,393277,0,460144,0,134418286,89220341
"2021-11-22",38013,213852,251865,0,146227,20458,166685,0,29692043,22557595,52249638,17433800,17546086,34979886,195850,0,206529,0,134614136,89426870
"2021-11-23",57759,223682,281441,0,162239,31681,193920,0,29749802,22781277,52531079,17465481,17708325,35173806,802927,0,800912,0,135417063,90227782
"2021-11-24",58738,230128,288866,0,167566,32846,200412,0,29808540,23011405,52819945,17498327,17875891,35374218,663785,0,987204,0,136080848,91214986
"2021-11-25",55294,230128,285422,0,167570,32189,199759,0,29863834,23241533,53105367,17530516,18043461,35573977,632299,0,1059576,0,136713147,92274562
"2021-11-26",57480,231140,288620,0,155777,31516,187293,0,29921314,23472673,53393987,17562032,18199238,35761270,792057,0,830467,0,137505204,93105029
"2021-11-27",53859,233541,287400,0,162776,30143,192919,0,29975173,23706214,53681387,17592175,18362014,35954189,614409,0,561810,0,138119613,93666839
"2021-11-28",46226,198773,244999,0,130090,25306,155396,0,30021399,23904987,53926386,17617481,18492104,36109585,410618,0,672898,0,138530231,94339737
"2021-11-29",35090,198773,233863,0,156528,19853,176381,0,30056489,24103760,54160249,17637334,18648632,36285966,378631,0,415923,0,138908862,94755660
"2021-11-30",55431,238794,294225,0,169306,31593,200899,0,30111920,24342554,54454474,17668927,18817938,36486865,456576,0,718208,0,139365438,95473868
"2021-12-01",55598,236545,292143,0,168166,31209,199375,0,30167518,24579099,54746617,17700136,18986104,36686240,839608,0,1045478,0,140205046,96519346
"2021-12-02",55473,235987,291460,0,168186,31472,199658,0,30222991,24815086,55038077,17731608,19154290,36885898,680183,0,799303,0,140885229,97318649
"2021-12-03",52404,230659,283063,0,163862,30237,194099,0,30275395,25045745,55321140,17761845,19318152,37079997,617863,0,728185,0,141503092,98046834
"2021-12-04",51886,240796,292682,0,167587,28799,196386,0,30327281,25286541,55613822,17790644,19485739,37276383,527878,0,576784,0,142030970,98623618
"2021-12-05",45709,203505,249214,0,132896,25713,158609,0,30372990,25490046,55863036,17816357,19618635,37434992,401377,0,385963,0,142432347,99009581
"2021-12-06",32279,257041,289320,0,183513,16947,200460,0,30405269,25747087,56152356,17833304,19802148,37635452,268593,0,215991,0,142700940,99225572
"2021-12-07",50441,325437,375878,0,252790,28242,281032,0,30455710,26072524,56528234,17861546,20054938,37916484,590412,0,599872,0,143291352,99825444
"2021-12-08",52460,325737,378197,0,253565,29420,282985,0,30508170,26398261,56906431,17890966,20308503,38199469,502690,0,633828,0,143794042,100459272
"2021-12-09",51176,309334,360510,0,237805,29314,267119,0,30559346,26707595,57266941,17920280,20546308,38466588,652282,0,690237,0,144446324,101149509
"2021-12-10",51340,278330,329670,0,198794,29931,228725,0,30610686,26985925,57596611,17950211,20745102,38695313,639588,0,645087,0,145085912,101794596
"2021-12-11",50702,253296,303998,0,175937,29510,205447,0,30661388,27239221,57900609,17979721,20921039,38900760,824107,0,650661,0,145910019,102445257
"2021-12-12",45864,215867,261731,0,142286,26161,168447,0,30707252,27455088,58162340,18005882,21063325,39069207,579619,0,464925,0,146489638,102910182
"2021-12-13",32910,236004,268914,0,158928,18831,177759,0,30740162,27691092,58431254,18024713,21222253,39246966,386321,0,188675,0,146875959,103098857
"2021-12-14",52589,246305,298894,0,172343,31549,203892,0,30792751,27937397,58730148,18056262,21394596,39450858,592437,0,539461,0,147468396,103638318
"2021-12-15",51237,257896,309133,0,182821,31037,213858,0,30843988,28195293,59039281,18087299,21577417,39664716,875819,0,883838,0,148344215,104522156
"2021-12-16",54713,249897,304610,0,178309,32802,211111,0,30898701,28445190,59343891,18120101,21755726,39875827,861356,0,715965,0,149205571,105238121
"2021-12-17",54555,254358,308913,0,181245,33022,214267,0,30953256,28699548,59652804,18153123,21936971,40090094,1043929,0,782417,0,150249500,106020538
"2021-12-18",53168,258851,312019,0,184663,31742,216405,0,31006424,28958399,59964823,18184865,22121634,40306499,996796,0,615635,0,151246296,106636173
"2021-12-19",46546,192670,239216,0,93858,27603,121461,0,31052970,29151069,60204039,18212468,22215492,40427960,171582,0,415390,0,151417878,107051563
"2021-12-20",35190,230922,266112,0,121058,20962,142020,0,31088160,29381991,60470151,18233430,22336550,40569980,357719,0,128615,0,151775597,107180178
"2021-12-21",55531,258655,314186,0,189648,32898,222546,0,31143691,29640646,60784337,18266328,22526198,40792526,820920,0,525835,0,152596517,107706013
"2021-12-22",53876,245046,298922,0,182792,32603,215395,0,31197567,29885692,61083259,18298931,22708990,41007921,907168,0,834042,0,153503685,108540055
"2021-12-23",50850,238235,289085,0,176423,31014,207437,0,31248417,30123927,61372344,18329945,22885413,41215358,990430,0,717016,0,154494115,109257071
"2021-12-24",45298,214671,259969,0,156416,28136,184552,0,31293715,30338598,61632313,18358081,23041829,41399910,920409,0,698681,0,155414524,109955752
"2021-12-25",43094,165493,208587,0,123822,25463,149285,0,31336809,30504091,61840900,18383544,23165651,41549195,768061,0,451535,0,156182585,110407287
"2021-12-26",28258,146560,174818,0,101768,18024,119792,0,31365067,30650651,62015718,18401568,23267419,41668987,459193,0,213520,0,156641778,110620807
"2021-12-27",31822,200067,231889,0,143687,20318,164005,0,31396889,30850718,62247607,18421886,23411106,41832992,353008,0,192049,0,156994786,110812856
"2021-12-28",45985,201062,247047,0,147173,29681,176854,0,31442874,31051780,62494654,18451567,23558279,42009846,810019,0,752446,0,157804805,111565302
"2021-12-29",41653,190127,231780,0,138677,24934,163611,0,31484527,31241907,62726434,18476501,23696956,42173457,1157437,0,712486,0,158962242,112277788
"2021-12-30",37537,192222,229759,0,140270,22765,163035,0,31522064,31434129,62956193,18499266,23837226,42336492,1050201,0,726580,0,160012443,113004368
"2021-12-31",36833,173517,210350,0,127463,22207,149670,0,31558897,31607646,63166543,18521473,23964689,42486162,1070414,0,661959,0,161082857,113666327
"2022-01-01",36677,140482,177159,0,104857,23340,128197,0,31595574,31748128,63343702,18544813,24069546,42614359,778365,0,364111,0,161861222,114030438
"2022-01-02",28574,172908,201482,0,122625,19185,141810,0,31624148,31921036,63545184,18563998,24192171,42756169,4039665,0,72924,0,165900887,114103362
"2022-01-03",32680,251733,284413,0,188237,21330,209567,0,31656828,32172769,63829597,18585328,24380408,42965736,203444,0,92977,0,166104331,114196339
"2022-01-04",51994,255633,307627,0,197818,34928,232746,0,31708822,32428402,64137224,18620256,24578226,43198482,549536,0,369597,0,166653867,114565936
"2022-01-05",52562,232582,285144,0,182321,34983,217304,0,31761384,32660984,64422368,18655239,24760547,43415786,572376,0,256668,0,167226243,114822604
"2022-01-06",45251,229476,274727,0,179678,29110,208788,0,31806635,32890460,64697095,18684349,24940225,43624574,773534,0,731980,0,167999777,115554584
"2022-01-07",49086,234176,283262,0,167993,30494,198487,0,31855721,33124636,64980357,18714843,25108218,43823061,819816,0,560300,0,168819593,116114884
"2022-01-08",51996,226692,278688,0,146611,31090,177701,0,31907717,33351328,65259045,18745933,25254829,44000762,760632,0,455024,0,169580225,116569908
"2022-01-09",45227,210655,255882,0,150089,27124,177213,0,31952944,33561983,65514927,18773057,25404918,44177975,563401,0,250044,0,170143626,116819952
"2022-01-10",33970,225575,259545,0,161752,19674,181426,0,31986914,33787558,65774472,18792731,25566670,44359401,392712,0,179332,0,170536338,116999284
"2022-01-11",48660,239807,288467,0,174113,29593,203706,0,32035574,34027365,66062939,18822324,25740783,44563107,519866,0,334376,0,171056204,117333660
"2022-01-12",45575,228231,273806,0,170600,28036,198636,0,32081149,34255596,66336745,18850360,25911383,44761743,1099390,0,613814,0,172155594,117947474
"2022-01-13",50405,227861,278266,0,166649,28878,195527,0,32131554,34483457,66615011,18879238,26078032,44957270,1092662,0,541455,0,173248256,118488929
"2022-01-14",50699,229864,280563,0,168304,30071,198375,0,32182253,34713321,66895574,18909309,26246336,45155645,1043329,0,463085,0,174291585,118952014
"2022-01-15",48836,229020,277856,0,166661,29759,196420,0,32231089,34942341,67173430,18939068,26412997,45352065,1353886,0,472567,0,175645471,119424581
"2022-01-16",46024,205464,251488,0,137644,28861,166505,0,32277113,35147805,67424918,18967929,26550641,45518570,656518,0,321951,0,176301989,119746532
"2022-01-17",33034,236479,269513,0,158988,19295,178283,0,32310147,35384284,67694431,18987224,26709629,45696853,327952,0,246320,0,176629941,119992852
"2022-01-18",50267,228660,278927,0,166012,28296,194308,0,32360414,35612944,67973358,19015520,26875641,45891161,629436,0,628236,0,177259377,120621088
"2022-01-19",53679,174181,227860,0,121465,30551,152016,0,32414093,35787125,68201218,19046071,26997106,46043177,1001759,0,945503,0,178261136,121566591
"2022-01-20",55804,270310,326114,0,151235,32296,183531,0,32469897,36057435,68527332,19078367,27148341,46226708,892608,0,811675,0,179153744,122378266
"2022-01-21",55526,236879,292405,0,168626,31554,200180,0,32525423,36294314,68819737,19109921,27316967,46426888,867910,0,789007,0,180021654,123167273
"2022-01-22",57265,223896,281161,0,160456,34044,194500,0,32582688,36518210,69100898,19143965,27477423,46621388,692896,0,615113,0,180714550,123782386
"2022-01-23",52763,199144,251907,0,133013,30813,163826,0,32635451,36717354,69352805,19174778,27610436,46785214,416783,0,298408,0,181131333,124080794
"2022-01-24",44981,213811,258792,0,150224,25539,175763,0,32680432,36931165,69611597,19200317,27760660,46960977,246186,0,253678,0,181377519,124334472
"2022-01-25",67395,192280,259675,0,138820,37587,176407,0,32747827,37123445,69871272,19237904,27899480,47137384,646501,0,772370,0,182024020,125106842
"2022-01-26",75055,273986,349041,0,201851,42562,244413,0,32822882,37397431,70220313,19280466,28101331,47381797,476807,0,566671,0,182500827,125673513
"2022-01-27",82151,264582,346733,0,190940,45711,236651,0,32905033,37662013,70567046,19326177,28292271,47618448,559208,0,739951,0,183060035,126413464
"2022-01-28",83786,289098,372884,0,209025,49120,258145,0,32988819,37951111,70939930,19375297,28501296,47876593,616997,0,751062,0,183677032,127164526
"2022-01-29",95402,287999,383401,0,207253,53797,261050,0,33084221,38239110,71323331,19429094,28708549,48137643,510006,0,562947,0,184187038,127727473
"2022-01-30",85670,228727,314397,0,155803,50000,205803,0,33169891,38467837,71637728,19479094,28864352,48343446,370677,0,278290,0,184557715,128005763
"2022-01-31",70089,245961,316050,0,164535,37858,202393,0,33239980,38713798,71953778,19516952,29028887,48545839,123282,0,22311,0,184680997,128028074
"2022-02-01",111453,266135,377588,0,176488,59417,235905,0,33351433,38979933,72331366,19576369,29205375,48781744,440655,0,627615,0,185121652,128655689
"2022-02-02",92954,261237,354191,0,176602,50356,226958,0,33444387,39241170,72685557,19626725,29381977,49008702,115894,0,81977,0,185237546,128737666
"2022-02-03",132486,340656,473142,0,235996,71991,307987,0,33576873,39581826,73158699,19698716,29617973,49316689,385020,0,667861,0,185622566,129405527
"2022-02-04",149246,331674,480920,0,229020,83957,312977,0,33726119,39913500,73639619,19782673,29846993,49629666,396673,0,716993,0,186019239,130122520
"2022-02-05",151143,323891,475034,0,221594,84648,306242,0,33877262,40237391,74114653,19867321,30068587,49935908,368832,0,661679,0,186388071,130784199
"2022-02-06",147613,277613,425226,0,182011,83548,265559,0,34024875,40515004,74539879,19950869,30250598,50201467,201679,0,296532,0,186589750,131080731
"2022-02-07",108256,177533,285789,0,118183,62784,180967,0,34133131,40692537,74825668,20013653,30368781,50382434,113640,0,38694,0,186703390,131119425
"2022-02-08",149422,305497,454919,0,201431,83207,284638,0,34282553,40998034,75280587,20096860,30570212,50667072,344172,0,970694,0,187047562,132090119
"2022-02-09",172084,232422,404506,0,150516,95309,245825,0,34454637,41230456,75685093,20192169,30720728,50912897,242445,0,577872,0,187290007,132667991
"2022-02-10",153861,232202,386063,0,156230,82458,238688,0,34608498,41462658,76071156,20274627,30876958,51151585,406703,0,1035757,0,187696710,133703748
"2022-02-11",140433,223132,363565,0,149132,77370,226502,0,34748931,41685790,76434721,20351997,31026090,51378087,222044,0,700241,0,187918754,134403989
"2022-02-12",202232,327809,530041,0,214329,106816,321145,0,34951163,42013599,76964762,20458813,31240419,51699232,141952,0,805244,0,188060706,135209233
"2022-02-13",168170,282870,451040,0,184834,87659,272493,0,35119333,42296469,77415802,20546472,31425253,51971725,222145,0,557443,0,188282851,135766676
"2022-02-14",119509,320689,440198,0,207857,66057,273914,0,35238842,42617158,77856000,20612529,31633110,52245639,55693,0,47353,0,188338544,135814029
"2022-02-15",180027,402801,582828,0,261820,96450,358270,0,35418869,43019959,78438828,20708979,31894930,52603909,252141,0,833899,0,188590685,136647928
"2022-02-16",194555,371495,566050,0,243225,104855,348080,0,35613424,43391454,79004878,20813834,32138155,52951989,242795,0,837447,0,188833480,137485375
"2022-02-17",204544,368311,572855,0,238156,106237,344393,0,35817968,43759765,79577733,20920071,32376311,53296382,233936,0,795584,0,189067416,138280959
"2022-02-18",191846,309781,501627,0,206541,101066,307607,0,36009814,44069546,80079360,21021137,32582852,53603989,239968,0,859508,0,189307384,139140467
"2022-02-19",176681,313099,489780,0,213476,95679,309155,0,36186495,44382645,80569140,21116816,32796328,53913144,226314,0,805661,0,189533698,139946128
"2022-02-20",167607,266928,434535,0,176764,89005,265769,0,36354102,44649573,81003675,21205821,32973092,54178913,113219,0,354959,0,189646917,140301087
"2022-02-21",112959,279601,392560,0,182653,60573,243226,0,36467061,44929174,81396235,21266394,33155745,54422139,47165,0,119384,0,189694082,140420471
"2022-02-22",179518,357563,537081,0,234655,91767,326422,0,36646579,45286737,81933316,21358161,33390400,54748561,191776,0,621930,0,189885858,141042401
"2022-02-23",177061,342471,519532,0,212200,97288,309488,0,36823640,45629208,82452848,21455449,33602600,55058049,207044,0,763929,0,190092902,141806330
"2022-02-24",166545,338845,505390,0,195082,92945,288027,0,36990185,45968053,82958238,21548394,33797682,55346076,217607,0,710916,0,190310509,142517246
"2022-02-25",158342,326190,484532,0,190313,85440,275753,0,37148527,46294243,83442770,21633834,33987995,55621829,220605,0,763049,0,190531114,143280295
"2022-02-26",151041,340089,491130,0,210713,82473,293186,0,37299568,46634332,83933900,21716307,34198708,55915015,141174,0,494396,0,190672288,143774691
"2022-02-27",130270,240342,370612,0,121502,73229,194731,0,37429838,46874674,84304512,21789536,34320210,56109746,269,0,3932,0,190672557,143778623
"2022-02-28",89532,186683,276215,0,82779,54790,137569,0,37519370,47061357,84580727,21844326,34402989,56247315,297042,0,680133,0,190969599,144458756
"2022-03-01",100562,338189,438751,0,146282,55723,202005,0,37619932,47399546,85019478,21900049,34549271,56449320,7235,0,47050,0,190976834,144505806
"2022-03-02",147609,453843,601452,0,180956,79118,260074,0,37767541,47853389,85620930,21979167,34730227,56709394,680,0,1191,0,190977514,144506997
"2022-03-03",137501,249795,387296,0,139277,74488,213765,0,37905042,48103184,86008226,22053655,34869504,56923159,132895,0,1697144,0,191110409,146204141
"2022-03-04",86665,254966,341631,0,144280,49701,193981,0,37991707,48358150,86349857,22103356,35013784,57117140,521033,0,350743,0,191631442,146554884
"2022-03-05",118278,281872,400150,0,153730,62708,216438,0,38109985,48640022,86750007,22166064,35167514,57333578,203986,0,725625,0,191835428,147280509
"2022-03-06",109466,247545,357011,0,143270,62272,205542,0,38219451,48887567,87107018,22228336,35310784,57539120,168062,0,577802,0,192003490,147858311
"2022-03-07",76388,298251,374639,0,169715,45681,215396,0,38295839,49185818,87481657,22274017,35480499,57754516,65273,0,163040,0,192068763,148021351
"2022-03-08",116877,293689,410566,0,161729,65527,227256,0,38412716,49479507,87892223,22339544,35642228,57981772,194941,0,566367,0,192263704,148587718
"2022-03-09",108394,218353,326747,0,127377,56947,184324,0,38521110,49697860,88218970,22396491,35769605,58166096,148944,0,402204,0,192412648,148989922
"2022-03-10",90508,167489,257997,0,90008,47756,137764,0,38611618,49865349,88476967,22444247,35859613,58303860,364313,0,803609,0,192776961,149793531
"2022-03-11",77713,144788,222501,0,36397,43384,79781,0,38689331,50010137,88699468,22487631,35896010,58383641,237353,0,487103,0,193014314,150280634
"2022-03-12",70718,140384,211102,0,58893,40325,99218,0,38760049,50150521,88910570,22527956,35954903,58482859,215164,0,493147,0,193229478,150773781
"2022-03-13",65293,105547,170840,0,62837,37341,100178,0,38825342,50256068,89081410,22565297,36017740,58583037,171016,0,604945,0,193400494,151378726
"2022-03-14",49488,145741,195229,0,91536,28271,119807,0,38874830,50401809,89276639,22593568,36109276,58702844,73543,0,107698,0,193474037,151486424
"2022-03-15",75730,160274,236004,0,105560,42476,148036,0,38950560,50562083,89512643,22636044,36214836,58850880,184827,0,335419,0,193658864,151821843
"2022-03-16",65465,140684,206149,0,94145,38014,132159,0,39016025,50702767,89718792,22674058,36308981,58983039,244613,0,583348,0,193903477,152405191
"2022-03-17",61634,132392,194026,0,88996,36007,125003,0,39077659,50835159,89912818,22710065,36397977,59108042,232651,0,324397,0,194136128,152729588
"2022-03-18",55325,120495,175820,0,83439,32064,115503,0,39132984,50955654,90088638,22742129,36481416,59223545,301391,0,718563,0,194437519,153448151
"2022-03-19",52244,102413,154657,0,68822,30899,99721,0,39185228,51058067,90243295,22773028,36550238,59323266,122093,0,201247,0,194559612,153649398
"2022-03-20",47758,74306,122064,0,48762,28528,77290,0,39232986,51132373,90365359,22801556,36599000,59400556,0,0,617951,0,194559612,154267349
"2022-03-21",34544,120065,154609,0,82146,21033,103179,0,39267530,51252438,90519968,22822589,36681146,59503735,225881,0,102731,0,194785493,154370080
"2022-03-22",54806,134562,189368,0,91813,31472,123285,0,39322336,51387000,90709336,22854061,36772959,59627020,121407,0,1021670,0,194906900,155391750
"2022-03-23",49878,116548,166426,0,80224,29470,109694,0,39372214,51503548,90875762,22883531,36853183,59736714,322631,0,747766,0,195229531,156139516
"2022-03-24",48013,111941,159954,0,80959,29368,110327,0,39420227,51615489,91035716,22912899,36934142,59847041,137294,0,196896,0,195366825,156336412
"2022-03-25",42907,101300,144207,0,73686,25552,99238,0,39463134,51716789,91179923,22938451,37007828,59946279,166512,0,299923,0,195533337,156636335
"2022-03-26",42109,86862,128971,0,64710,25719,90429,0,39505243,51803651,91308894,22964170,37072538,60036708,185728,0,933620,0,195719065,157569955
"2022-03-27",35471,60841,96312,0,43486,21914,65400,0,39540714,51864492,91405206,22986084,37116024,60102108,170150,0,270803,0,195889215,157840758
"2022-03-28",27692,102202,129894,0,72777,16890,89667,0,39568406,51966694,91535100,23002974,37188801,60191775,68824,0,133749,0,195958039,157974507
"2022-03-29",41880,116222,158102,0,81566,24875,106441,0,39610286,52082916,91693202,23027849,37270367,60298216,282832,0,855959,0,196240871,158830466
"2022-03-30",40562,93798,134360,0,62584,25026,87610,0,39650848,52176714,91827562,23052875,37332951,60385826,113796,0,195509,0,196354667,159025975
"2022-03-31",40125,93268,133393,0,59298,24965,84263,0,39690973,52269982,91960955,23077840,37392249,60470089,179599,0,299285,0,196534266,159325260
"2022-04-01",35344,81105,116449,0,51712,22809,74521,0,39726317,52351087,92077404,23100649,37443961,60544610,184834,0,361232,0,196719100,159686492
"2022-04-02",32294,66786,99080,0,41551,21266,62817,0,39758611,52417873,92176484,23121915,37485512,60607427,131237,0,264499,0,196850337,159950991
"2022-04-03",31364,51551,82915,0,31576,20721,52297,0,39789975,52469424,92259399,23142636,37517088,60659724,21872,0,37176,0,196872209,159988167
"2022-04-04",27184,102682,129866,0,61529,17390,78919,0,39817159,52572106,92389265,23160026,37578617,60738643,7907,0,118944,0,196880116,160107111
"2022-04-05",36171,116251,152422,0,71542,23061,94603,0,39853330,52688357,92541687,23183087,37650159,60833246,39,0,101,0,196880155,160107212
"2022-04-06",34181,111541,145722,0,71456,22117,93573,0,39887511,52799898,92687409,23205204,37721615,60926819,227752,0,634177,0,197107907,160741389
"2022-04-07",29586,100155,129741,0,64730,18970,83700,0,39917097,52900053,92817150,23224174,37786345,61010519,108988,0,194526,0,197216895,160935915
"2022-04-08",28638,101781,130419,0,66848,17916,84764,0,39945735,53001834,92947569,23242090,37853193,61095283,96668,0,183192,0,197313563,161119107
"2022-04-09",25895,95911,121806,0,68226,16563,84789,0,39971630,53097745,93069375,23258653,37921419,61180072,90829,0,213931,0,197404392,161333038
"2022-04-10",25444,76708,102152,0,58867,16230,75097,0,39997074,53174453,93171527,23274883,37980286,61255169,89019,0,90366,0,197493411,161423404
"2022-04-11",21339,108261,129600,0,83626,13288,96914,0,40018413,53282714,93301127,23288171,38063912,61352083,47031,0,110585,0,197540442,161533989
"2022-04-12",31500,119911,151411,0,86219,19368,105587,0,40049913,53402625,93452538,23307539,38150131,61457670,119894,0,227644,0,197660336,161761633
"2022-04-13",28577,112440,141017,0,79771,17978,97749,0,40078490,53515065,93593555,23325517,38229902,61555419,55216,0,170872,0,197715552,161932505
"2022-04-14",26936,104971,131907,0,81189,17083,98272,0,40105426,53620036,93725462,23342600,38311091,61653691,195213,0,272468,0,197910765,162204973
"2022-04-15",24511,83094,107605,0,57271,15713,72984,0,40129937,53703130,93833067,23358313,38368362,61726675,101354,0,167137,0,198012119,162372110
"2022-04-16",18694,79765,98459,0,52432,12820,65252,0,40148631,53782895,93931526,23371133,38420794,61791927,87890,0,188521,0,198100009,162560631
"2022-04-17",24580,78477,103057,0,50395,16140,66535,0,40173211,53861372,94034583,23387273,38471189,61858462,91829,0,189426,0,198191838,162750057
"2022-04-18",18581,110295,128876,0,81578,11578,93156,0,40191792,53971667,94163459,23398851,38552767,61951618,56228,0,129038,0,198248066,162879095
"2022-04-19",29204,117601,146805,0,91499,18546,110045,0,40220996,54089268,94310264,23417397,38644266,62061663,103372,0,157719,0,198351438,163036814
"2022-04-20",28185,104920,133105,0,83485,18245,101730,0,40249181,54194188,94443369,23435642,38727751,62163393,127225,0,143314,0,198478663,163180128
"2022-04-21",26394,105692,132086,0,84273,17030,101303,0,40275575,54299880,94575455,23452672,38812024,62264696,118342,0,178519,0,198597005,163358647
"2022-04-22",23986,95707,119693,0,72234,15239,87473,0,40299561,54395587,94695148,23467911,38884258,62352169,142661,0,351045,0,198739666,163709692
"2022-04-23",24033,91037,115070,0,67605,15745,83350,0,40323594,54486624,94810218,23483656,38951863,62435519,91448,0,165150,0,198831114,163874842
"2022-04-24",21790,72798,94588,0,58001,14898,72899,0,40345384,54559422,94904806,23498554,39009864,62508418,69208,0,79188,0,198900322,163954030
"2022-04-25",18808,100949,119757,0,77493,11672,89165,0,40364192,54660371,95024563,23510226,39087357,62597583,46039,0,69653,0,198946361,164023683
"2022-04-26",27603,103654,131257,0,81279,17805,99084,0,40391795,54764025,95155820,23528031,39168636,62696667,93272,0,156473,0,199039633,164180156
"2022-04-27",25562,98242,123804,0,78939,16797,95736,0,40417357,54862267,95279624,23544828,39247575,62792403,74081,0,158697,0,199113714,164338853
"2022-04-28",24299,93967,118266,0,65580,15389,80969,0,40441656,54956234,95397890,23560217,39313155,62873372,78179,0,318457,0,199191893,164657310
"2022-04-29",20138,77747,97885,0,58607,13266,71873,0,40461794,55033981,95495775,23573483,39371762,62945245,104265,0,394979,0,199296158,165052289
"2022-04-30",17956,67929,85885,0,52732,11766,64498,0,40479750,55101910,95581660,23585249,39424494,63009743,50370,0,81970,0,199346528,165134259
"2022-05-01",12752,52784,65536,0,43289,9149,52438,0,40492502,55154694,95647196,23594398,39467783,63062181,0,0,95801,0,199346528,165230060
"2022-05-02",8565,37393,45958,0,29655,6179,35834,0,40501067,55192087,95693154,23600577,39497438,63098015,0,0,146931,0,199346528,165376991
"2022-05-03",6176,40602,46778,0,33581,4390,37971,0,40507243,55232689,95739932,23604967,39531019,63135986,0,0,48264,0,199346528,165425255
"2022-05-04",10559,59207,69766,0,42281,7369,49650,0,40517802,55291896,95809698,23612336,39573300,63185636,0,0,0,0,199346528,165425255
"2022-05-05",15808,72998,88806,0,56504,11018,67522,0,40533610,55364894,95898504,23623354,39629804,63253158,0,0,175678,0,199346528,165600933
"2022-05-06",17218,78846,96064,0,51269,11987,63256,0,40550828,55443740,95994568,23635341,39681073,63316414,0,0,12828,0,199346528,165613761
"2022-05-07",21192,86399,107591,0,45970,15286,61256,0,40572020,55530139,96102159,23650627,39727043,63377670,0,0,18407,0,199346528,165632168
"2022-05-08",26054,93505,119559,0,45964,18708,64672,0,40598074,55623644,96221718,23669335,39773007,63442342,0,0,9823,0,199346528,165641991
"2022-05-09",26209,178129,204338,0,104251,18986,123237,0,40624283,55801773,96426056,23688321,39877258,63565579,0,0,14112,0,199346528,165656103
"2022-05-10",35483,172665,208148,0,102563,24648,127211,0,40659766,55974438,96634204,23712969,39979821,63692790,6037,0,51584,0,199352565,165707687
"2022-05-11",29707,137314,167021,0,55058,19270,74328,0,40689473,56111752,96801225,23732239,40034879,63767118,43289,0,132169,0,199395854,165839856
"2022-05-12",26248,141091,167339,0,60364,17739,78103,0,40715721,56252843,96968564,23749978,40095243,63845221,54813,0,129279,0,199450667,165969135
"2022-05-13",25596,120883,146479,0,94962,16491,111453,0,40741317,56373726,97115043,23766469,40190205,63956674,62878,0,111396,0,199513545,166080531
"2022-05-14",24907,105441,130348,0,87506,15527,103033,0,40766224,56479167,97245391,23781996,40277711,64059707,42913,0,79967,0,199556458,166160498
"2022-05-15",21454,79447,100901,0,61139,13936,75075,0,40787678,56558614,97346292,23795932,40338850,64134782,48035,0,91850,0,199604493,166252348
"2022-05-16",15234,72911,88145,0,57469,10258,67727,0,40802912,56631525,97434437,23806190,40396319,64202509,20913,0,20831,0,199625406,166273179
"2022-05-17",21290,115087,136377,0,92391,14223,106614,0,40824202,56746612,97570814,23820413,40488710,64309123,19065,0,17579,0,199644471,166290758
"2022-05-18",29421,122751,152172,0,97127,19136,116263,0,40853623,56869363,97722986,23839549,40585837,64425386,70974,0,116223,0,199715445,166406981
"2022-05-19",26085,101379,127464,0,76910,16294,93204,0,40879708,56970742,97850450,23855843,40662747,64518590,26357,0,85293,0,199741802,166492274
"2022-05-20",20913,77972,98885,0,54016,12665,66681,0,40900621,57048714,97949335,23868508,40716763,64585271,56909,0,140428,0,199798711,166632702
"2022-05-21",17528,61086,78614,0,43847,11203,55050,0,40918149,57109800,98027949,23879711,40760610,64640321,45565,0,132018,0,199844276,166764720
"2022-05-22",17013,45648,62661,0,34956,11262,46218,0,40935162,57155448,98090610,23890973,40795566,64686539,39277,0,72895,0,199883553,166837615
"2022-05-23",13636,67561,81197,0,52622,8179,60801,0,40948798,57223009,98171807,23899152,40848188,64747340,33777,0,73842,0,199917330,166911457
"2022-05-24",22177,77712,99889,0,57088,14160,71248,0,40970975,57300721,98271696,23913312,40905276,64818588,37740,0,60416,0,199955070,166971873
"2022-05-25",23866,62154,86020,0,43935,15889,59824,0,40994841,57362875,98357716,23929201,40949211,64878412,60675,0,96507,0,200015745,167068380
"2022-05-26",18127,39776,57903,0,28588,12496,41084,0,41012968,57402651,98415619,23941697,40977799,64919496,68335,0,88476,0,200084080,167156856
"2022-05-27",14872,48759,63631,0,29866,9111,38977,0,41027840,57451410,98479250,23950808,41007665,64958473,28782,0,41281,0,200112862,167198137
"2022-05-28",17522,47834,65356,0,25429,10785,36214,0,41045362,57499244,98544606,23961593,41033094,64994687,50664,0,66252,0,200163526,167264389
"2022-05-29",13435,34125,47560,0,17026,9186,26212,0,41058797,57533369,98592166,23970779,41050120,65020899,34662,0,60741,0,200198188,167325130
"2022-05-30",11447,58546,69993,0,27228,7108,34336,0,41070244,57591915,98662159,23977887,41077348,65055235,3994,0,5002,0,200202182,167330132
"2022-05-31",19510,57209,76719,0,35070,12620,47690,0,41089754,57649124,98738878,23990507,41112418,65102925,65226,0,90678,0,200267408,167420810
"2022-06-01",19143,38436,57579,0,28677,13158,41835,0,41108897,57687560,98796457,24003665,41141095,65144760,60417,0,86435,0,200327825,167507245
"2022-06-02",12727,46796,59523,0,34438,8587,43025,0,41121624,57734356,98855980,24012252,41175533,65187785,0,0,0,0,200327825,167507245
"2022-06-03",18066,54420,72486,0,39195,12244,51439,0,41139690,57788776,98928466,24024496,41214728,65239224,66963,0,91160,0,200394788,167598405
"2022-06-04",19444,41487,60931,0,30787,14328,45115,0,41159134,57830263,98989397,24038824,41245515,65284339,42960,0,46298,0,200437748,167644703
"2022-06-05",16339,28518,44857,0,22412,11482,33894,0,41175473,57858781,99034254,24050306,41267927,65318233,34777,0,54325,0,200472525,167699028
"2022-06-06",12072,55983,68055,0,43548,8347,51895,0,41187545,57914764,99102309,24058653,41311475,65370128,17735,0,31046,0,200490260,167730074
"2022-06-07",19511,59768,79279,0,45603,13404,59007,0,41207056,57974532,99181588,24072057,41357078,65429135,138916,0,66246,0,200629176,167796320
"2022-06-08",19185,53713,72898,0,38795,12263,51058,0,41226241,58028245,99254486,24084320,41395873,65480193,52727,0,63238,0,200681903,167859558
"2022-06-09",19690,51342,71032,0,34748,13435,48183,0,41245931,58079587,99325518,24097755,41430621,65528376,50217,0,62639,0,200732120,167922197
"2022-06-10",18712,46929,65641,0,31769,11929,43698,0,41264643,58126516,99391159,24109684,41462390,65572074,61052,0,75602,0,200793172,167997799
"2022-06-11",16967,39183,56150,0,32221,11586,43807,0,41281610,58165699,99447309,24121270,41494611,65615881,25369,0,33136,0,200818541,168030935
"2022-06-12",16313,29486,45799,0,21669,12250,33919,0,41297923,58195185,99493108,24133520,41516280,65649800,27225,0,37681,0,200845766,168068616
"2022-06-13",13423,52877,66300,0,35190,9377,44567,0,41311346,58248062,99559408,24142897,41551470,65694367,20962,0,27810,0,200866728,168096426
"2022-06-14",22778,56742,79520,0,35796,16009,51805,0,41334124,58304804,99638928,24158906,41587266,65746172,53964,0,63431,0,200920692,168159857
"2022-06-15",24323,54678,79001,0,40334,17482,57816,0,41358447,58359482,99717929,24176388,41627600,65803988,20948,0,24085,0,200941640,168183942
"2022-06-16",22434,54025,76459,0,39234,15942,55176,0,41380881,58413507,99794388,24192330,41666834,65859164,58920,0,67853,0,201000560,168251795
"2022-06-17",24981,50624,75605,0,35099,17710,52809,0,41405862,58464131,99869993,24210040,41701933,65911973,95152,0,126731,0,201095712,168378526
"2022-06-18",20216,42893,63109,0,32516,13748,46264,0,41426078,58507024,99933102,24223788,41734449,65958237,35392,0,50544,0,201131104,168429070
"2022-06-19",19779,31272,51051,0,17792,14494,32286,0,41445857,58538296,99984153,24238282,41752241,65990523,14389,0,18668,0,201145493,168447738
"2022-06-20",17866,54157,72023,0,38910,12766,51676,0,41463723,58592453,100056176,24251048,41791151,66042199,31745,0,55674,0,201177238,168503412
"2022-06-21",25185,65915,91100,0,44960,16361,61321,0,41488908,58658368,100147276,24267409,41836111,66103520,10257,0,8148,0,201187495,168511560
"2022-06-22",26397,56447,82844,0,41213,18934,60147,0,41515305,58714815,100230120,24286343,41877324,66163667,55196,0,78485,0,201242691,168590045
"2022-06-23",24394,53027,77421,0,32516,16015,48531,0,41539699,58767842,100307541,24302358,41909840,66212198,34693,0,54171,0,201277384,168644216
"2022-06-24",25048,51945,76993,0,32926,17239,50165,0,41564747,58819787,100384534,24319597,41942766,66262363,19362,0,16758,0,201296746,168660974
"2022-06-25",22421,42079,64500,0,32666,15538,48204,0,41587168,58861866,100449034,24335135,41975432,66310567,53486,0,123200,0,201350232,168784174
"2022-06-26",19900,30985,50885,0,24348,14498,38846,0,41607068,58892851,100499919,24349633,41999780,66349413,16044,0,39601,0,201366276,168823775
"2022-06-27",17576,55348,72924,0,41881,11990,53871,0,41624644,58948199,100572843,24361623,42041661,66403284,13271,0,37068,0,201379547,168860843
"2022-06-28",27925,60793,88718,0,43810,18877,62687,0,41652569,59008992,100661561,24380500,42085471,66465971,38513,0,39738,0,201418060,168900581
"2022-06-29",25685,54335,80020,0,37650,17067,54717,0,41678254,59063327,100741581,24397567,42123121,66520688,36112,0,64285,0,201454172,168964866
"2022-06-30",25894,53490,79384,0,40857,17279,58136,0,41704148,59116817,100820965,24414846,42163978,66578824,18684,0,16030,0,201472856,168980896
"2022-07-01",23772,54918,78690,0,40929,14926,55855,0,41727920,59171735,100899655,24429772,42204907,66634679,61939,0,90969,0,201534795,169071865
"2022-07-02",19727,43499,63226,0,33196,12690,45886,0,41747647,59215234,100962881,24442462,42238103,66680565,22606,0,39889,0,201557401,169111754
"2022-07-03",16645,30068,46713,0,20710,10698,31408,0,41764292,59245302,101009594,24453160,42258813,66711973,7905,0,5803,0,201565306,169117557
"2022-07-04",13818,56410,70228,0,36364,8874,45238,0,41778110,59301712,101079822,24462034,42295177,66757211,24294,0,50940,0,201589600,169168497
"2022-07-05",25504,65514,91018,0,50319,16422,66741,0,41803614,59367226,101170840,24478456,42345496,66823952,26800,0,23950,0,201616400,169192447
"2022-07-06",24331,55044,79375,0,42302,14820,57122,0,41827945,59422270,101250215,24493276,42387798,66881074,27297,0,39727,0,201643697,169232174
"2022-07-07",22864,53643,76507,0,41643,14295,55938,0,41850809,59475913,101326722,24507571,42429441,66937012,6353,0,2942,0,201650050,169235116
"2022-07-08",22097,49810,71907,0,36758,12670,49428,0,41872906,59525723,101398629,24520241,42466199,66986440,0,0,0,0,201650050,169235116
"2022-07-09",20669,34375,55044,0,22732,12398,35130,0,41893575,59560098,101453673,24532639,42488931,67021570,90812,0,43333,0,201740862,169278449
"2022-07-10",15798,25904,41702,0,19791,10522,30313,0,41909373,59586002,101495375,24543161,42508722,67051883,8395,0,81010,0,201749257,169359459
"2022-07-11",13045,58050,71095,0,45128,8052,53180,0,41922418,59644052,101566470,24551213,42553850,67105063,12525,0,15909,0,201761782,169375368
"2022-07-12",26343,71592,97935,0,56244,16116,72360,0,41948761,59715644,101664405,24567329,42610094,67177423,5376,0,3218,0,201767158,169378586
"2022-07-13",25337,63517,88854,0,48493,16460,64953,0,41974098,59779161,101753259,24583789,42658587,67242376,55163,0,39074,0,201822321,169417660
"2022-07-14",25348,61164,86512,0,46879,15880,62759,0,41999446,59840325,101839771,24599669,42705466,67305135,10118,0,5575,0,201832439,169423235
"2022-07-15",24615,58802,83417,0,47618,15601,63219,0,42024061,59899127,101923188,24615270,42753084,67368354,59646,0,82305,0,201892085,169505540
"2022-07-16",33707,51089,84796,0,40605,21970,62575,0,42057768,59950216,102007984,24637240,42793689,67430929,15249,0,8704,0,201907334,169514244
"2022-07-17",28275,52079,80354,0,41342,19506,60848,0,42086043,60002295,102088338,24656746,42835031,67491777,37530,0,51165,0,201944864,169565409
"2022-07-18",20117,85048,105165,0,64308,13162,77470,0,42106160,60087343,102193503,24669908,42899339,67569247,21952,0,16642,0,201966816,169582051
"2022-07-19",34241,92792,127033,0,66319,21397,87716,0,42140401,60180135,102320536,24691305,42965658,67656963,27325,0,31117,0,201994141,169613168
"2022-07-20",34926,83980,118906,0,65351,22080,87431,0,42175327,60264115,102439442,24713385,43031009,67744394,51940,0,51141,0,202046081,169664309
"2022-07-21",37474,85512,122986,0,65219,24893,90112,0,42212801,60349627,102562428,24738278,43096228,67834506,33916,0,39635,0,202079997,169703944
"2022-07-22",34124,78666,112790,0,58848,21969,80817,0,42246925,60428293,102675218,24760247,43155076,67915323,23686,0,15488,0,202103683,169719432
"2022-07-23",32541,72099,104640,0,48654,19832,68486,0,42279466,60500392,102779858,24780079,43203730,67983809,59709,0,63732,0,202163392,169783164
"2022-07-24",28211,55963,84174,0,41284,16366,57650,0,42307677,60556355,102864032,24796445,43245014,68041459,34340,0,34768,0,202197732,169817932
"2022-07-25",23794,86725,110519,0,63716,14302,78018,0,42331471,60643080,102974551,24810747,43308730,68119477,23016,0,20876,0,202220748,169838808
"2022-07-26",37375,104586,141961,0,79713,23529,103242,0,42368846,60747666,103116512,24834276,43388443,68222719,47980,0,43577,0,202268728,169882385
"2022-07-27",38422,85924,124346,0,38496,23355,61851,0,42407268,60833590,103240858,24857631,43426939,68284570,65063,0,54087,0,202333791,169936472
"2022-07-28",35550,86679,122229,0,33029,22130,55159,0,42442818,60920269,103363087,24879761,43459968,68339729,11583,0,6007,0,202345374,169942479
"2022-07-29",34851,74665,109516,0,30182,21560,51742,0,42477669,60994934,103472603,24901321,43490150,68391471,75765,0,79406,0,202421139,170021885
"2022-07-30",33539,57726,91265,0,22780,20621,43401,0,42511208,61052660,103563868,24921942,43512930,68434872,22072,0,13809,0,202443211,170035694
"2022-07-31",24893,49746,74639,0,20272,14954,35226,0,42536101,61102406,103638507,24936896,43533202,68470098,35497,0,43905,0,202478708,170079599
"2022-08-01",23974,89056,113030,0,37773,14085,51858,0,42560075,61191462,103751537,24950981,43570975,68521956,6960,0,4803,0,202485668,170084402
"2022-08-02",38600,94611,133211,0,39567,23277,62844,0,42598675,61286073,103884748,24974258,43610542,68584800,61000,0,52209,0,202546668,170136611
"2022-08-03",35416,86120,121536,0,38750,21412,60162,0,42634091,61372193,104006284,24995670,43649292,68644962,16721,0,6768,0,202563389,170143379
"2022-08-04",39021,86735,125756,0,37419,23516,60935,0,42673112,61458928,104132040,25019186,43686711,68705897,59996,0,58270,0,202623385,170201649
"2022-08-05",34475,77744,112219,0,34731,20614,55345,0,42707587,61536672,104244259,25039800,43721442,68761242,64113,0,49029,0,202687498,170250678
"2022-08-06",33950,68850,102800,0,29290,20630,49920,0,42741537,61605522,104347059,25060430,43750732,68811162,0,0,0,0,202687498,170250678
"2022-08-07",29418,52497,81915,0,19337,16700,36037,0,42770955,61658019,104428974,25077130,43770069,68847199,47630,0,48126,0,202735128,170298804
"2022-08-08",23221,84467,107688,0,30530,14835,45365,0,42794176,61742486,104536662,25091965,43800599,68892564,0,0,0,0,202735128,170298804
"2022-08-09",39176,89327,128503,0,33454,24331,57785,0,42833352,61831813,104665165,25116296,43834053,68950349,36886,0,23459,0,202772014,170322263
"2022-08-10",38110,83799,121909,0,33018,22564,55582,0,42871462,61915612,104787074,25138860,43867071,69005931,41301,0,34186,0,202813315,170356449
"2022-08-11",36647,86872,123519,0,32759,21735,54494,0,42908109,62002484,104910593,25160595,43899830,69060425,28430,0,36155,0,202841745,170392604
"2022-08-12",33739,85207,118946,0,31227,20733,51960,0,42941848,62087691,105029539,25181328,43931057,69112385,50151,0,40042,0,202891896,170432646
"2022-08-13",31356,65376,96732,0,21942,18279,40221,0,42973204,62153067,105126271,25199607,43952999,69152606,57419,0,52505,0,202949315,170485151
"2022-08-14",27452,48270,75722,0,15007,16476,31483,0,43000656,62201337,105201993,25216083,43968006,69184089,2523,0,1604,0,202951838,170486755
"2022-08-15",23089,77216,100305,0,25295,14858,40153,0,43023745,62278553,105302298,25230941,43993301,69224242,14732,0,14786,0,202966570,170501541
"2022-08-16",36742,75667,112409,0,26358,23089,49447,0,43060487,62354220,105414707,25254030,44019659,69273689,51172,0,42667,0,203017742,170544208
"2022-08-17",35765,49415,85180,0,15555,22549,38104,0,43096252,62403635,105499887,25276579,44035214,69311793,9852,0,5459,0,203027594,170549667
"2022-08-18",24963,56734,81697,0,19277,16048,35325,0,43121215,62460369,105581584,25292627,44054491,69347118,10286,0,8577,0,203037880,170558244
"2022-08-19",33215,67198,100413,0,26173,21679,47852,0,43154430,62527567,105681997,25314306,44080664,69394970,44739,0,31653,0,203082619,170589897
"2022-08-20",31383,51752,83135,0,18387,19623,38010,0,43185813,62579319,105765132,25333929,44099051,69432980,19071,0,15206,0,203101690,170605103
"2022-08-21",27023,37226,64249,0,12407,17333,29740,0,43212836,62616545,105829381,25351262,44111458,69462720,14318,0,9168,0,203116008,170614271
"2022-08-22",22110,69425,91535,0,26995,14336,41331,0,43234946,62685970,105920916,25365598,44138453,69504051,12720,0,7542,0,203128728,170621813
"2022-08-23",36096,76875,112971,0,29440,22053,51493,0,43271042,62762845,106033887,25387651,44167893,69555544,17680,0,105654,0,203146408,170727467
"2022-08-24",33721,68496,102217,0,23914,22193,46107,0,43304763,62831341,106136104,25409844,44191807,69601651,14665,0,23628,0,203161073,170751095
"2022-08-25",34151,65075,99226,0,22988,21895,44883,0,43338914,62896416,106235330,25431739,44214795,69646534,37035,0,50669,0,203198108,170801764
"2022-08-26",30521,58743,89264,0,19992,19812,39804,0,43369435,62955159,106324594,25451551,44234787,69686338,34188,0,30817,0,203232296,170832581
"2022-08-27",29232,52343,81575,0,19232,18570,37802,0,43398667,63007502,106406169,25470121,44254019,69724140,41332,0,31540,0,203273628,170864121
"2022-08-28",24558,34005,58563,0,13208,15817,29025,0,43423225,63041507,106464732,25485938,44267227,69753165,10976,0,14253,0,203284604,170878374
"2022-08-29",18361,63359,81720,0,24379,11667,36046,0,43441586,63104866,106546452,25497605,44291606,69789211,29945,0,16917,0,203314549,170895291
"2022-08-30",31890,66659,98549,0,26049,19662,45711,0,43473476,63171525,106645001,25517267,44317655,69834922,36949,0,27535,0,203351498,170922826
"2022-08-31",28458,59211,87669,0,23819,18287,42106,0,43501934,63230736,106732670,25535554,44341474,69877028,17017,0,38841,0,203368515,170961667
"2022-09-01",27431,59519,86950,0,24105,17397,41502,0,43529365,63290255,106819620,25552951,44365579,69918530,4880,0,5136,0,203373395,170966803
"2022-09-02",24694,51819,76513,0,20936,15074,36010,0,43554059,63342074,106896133,25568025,44386515,69954540,16177,0,93908,0,203389572,171060711
"2022-09-03",22248,41367,63615,0,16019,13545,29564,0,43576307,63383441,106959748,25581570,44402534,69984104,7632,0,4162,0,203397204,171064873
"2022-09-04",18709,29985,48694,0,10846,11598,22444,0,43595016,63413426,107008442,25593168,44413380,70006548,20322,0,22894,0,203417526,171087767
"2022-09-05",15945,56691,72636,0,21674,10273,31947,0,43610961,63470117,107081078,25603441,44435054,70038495,17848,0,24210,0,203435374,171111977
"2022-09-06",26406,64511,90917,0,23130,15790,38920,0,43637367,63534628,107171995,25619231,44458184,70077415,0,0,0,0,203435374,171111977
"2022-09-07",23700,56532,80232,0,22349,14769,37118,0,43661067,63591160,107252227,25634000,44480533,70114533,0,0,0,0,203435374,171111977
"2022-09-08",22358,54679,77037,0,17639,13351,30990,0,43683425,63645839,107329264,25647351,44498172,70145523,0,0,0,0,203435374,171111977
"2022-09-09",19798,49304,69102,0,18902,12248,31150,0,43703223,63695143,107398366,25659599,44517074,70176673,0,0,0,0,203435374,171111977
"2022-09-10",18252,38799,57051,0,13111,11434,24545,0,43721475,63733942,107455417,25671033,44530185,70201218,0,0,0,0,203435374,171111977
"2022-09-11",15877,27294,43171,0,8068,9358,17426,0,43737352,63761236,107498588,25680391,44538253,70218644,0,0,0,0,203435374,171111977
"2022-09-12",12395,51476,63871,0,20086,7717,27803,0,43749747,63812712,107562459,25688108,44558339,70246447,0,0,0,0,203435374,171111977
"2022-09-13",22664,57275,79939,0,24461,13665,38126,0,43772411,63869987,107642398,25701773,44582800,70284573,792540,0,-272304,0,204227914,170839673
"2022-09-14",20396,54131,74527,0,23464,12966,36430,0,43792807,63924118,107716925,25714739,44606264,70321003,0,0,0,0,204227914,170839673
"2022-09-15",20261,48774,69035,0,21374,12401,33775,0,43813068,63972892,107785960,25727140,44627638,70354778,4587,0,3697,0,204232501,170843370
"2022-09-16",18009,45113,63122,0,20871,11368,32239,0,43831077,64018005,107849082,25738508,44648509,70387017,35909,0,36661,0,204268410,170880031
"2022-09-17",16555,36567,53122,0,16331,10367,26698,0,43847632,64054572,107902204,25748875,44664840,70413715,33364,0,30226,0,204301774,170910257
"2022-09-18",14235,25620,39855,0,10792,8809,19601,0,43861867,64080192,107942059,25757684,44675632,70433316,21723,0,20469,0,204323497,170930726
"2022-09-19",12204,49139,61343,0,20226,7781,28007,0,43874071,64129331,108003402,25765465,44695858,70461323,16066,0,18526,0,204339563,170949252
"2022-09-20",21759,56217,77976,0,23817,13900,37717,0,43895830,64185548,108081378,25779365,44719675,70499040,21739,0,21044,0,204361302,170970296
"2022-09-21",21091,49229,70320,0,21645,13901,35546,0,43916921,64234777,108151698,25793266,44741320,70534586,27235,0,26706,0,204388537,170997002
"2022-09-22",18827,50104,68931,0,22684,11586,34270,0,43935748,64284881,108220629,25804852,44764004,70568856,16387,0,21807,0,204404924,171018809
"2022-09-23",15513,44063,59576,0,18999,10012,29011,0,43951261,64328944,108280205,25814864,44783003,70597867,17069,0,21632,0,204421993,171040441
"2022-09-24",15290,35086,50376,0,14822,9561,24383,0,43966551,64364030,108330581,25824425,44797825,70622250,26143,0,22232,0,204448136,171062673
"2022-09-25",12814,29493,42307,0,10221,8017,18238,0,43979365,64393523,108372888,25832442,44808046,70640488,28067,0,15152,0,204476203,171077825
"2022-09-26",11641,52548,64189,0,20250,7374,27624,0,43991006,64446071,108437077,25839816,44828296,70668112,14900,0,17097,0,204491103,171094922
"2022-09-27",19547,60333,79880,0,22362,12199,34561,0,44010553,64506404,108516957,25852015,44850658,70702673,20549,0,22191,0,204511652,171117113
"2022-09-28",18800,55191,73991,0,22773,12409,35182,0,44029353,64561595,108590948,25864424,44873431,70737855,23797,0,23508,0,204535449,171140621
"2022-09-29",18455,47586,66041,0,20751,12184,32935,0,44047808,64609181,108656989,25876608,44894182,70770790,21071,0,20905,0,204556520,171161526
"2022-09-30",16837,49629,66466,0,20657,10780,31437,0,44064645,64658810,108723455,25887388,44914839,70802227,22271,0,24537,0,204578791,171186063
"2022-10-01",15405,37878,53283,0,15468,9331,24799,0,44080050,64696688,108776738,25896719,44930307,70827026,15383,0,19076,0,204594174,171205139
"2022-10-02",12153,21958,34111,0,9369,7888,17257,0,44092203,64718646,108810849,25904607,44939676,70844283,10910,0,11602,0,204605084,171216741
"2022-10-03",10385,51806,62191,0,19590,6728,26318,0,44102588,64770452,108873040,25911335,44959266,70870601,11049,0,9568,0,204616133,171226309
"2022-10-04",18247,53444,71691,0,19536,11319,30855,0,44120835,64823896,108944731,25922654,44978802,70901456,15412,0,20962,0,204631545,171247271
"2022-10-05",18373,48362,66735,0,18612,11757,30369,0,44139208,64872258,109011466,25934411,44997414,70931825,9385,0,9014,0,204640930,171256285
"2022-10-06",16280,44205,60485,0,15114,10148,25262,0,44155488,64916463,109071951,25944559,45012528,70957087,26292,0,30561,0,204667222,171286846
"2022-10-07",14294,46344,60638,0,16920,8936,25856,0,44169782,64962807,109132589,25953495,45029448,70982943,10782,0,11050,0,204678004,171297896
"2022-10-08",12198,31481,43679,0,10597,7612,18209,0,44181980,64994288,109176268,25961107,45040045,71001152,12334,0,12204,0,204690338,171310100
"2022-10-09",9327,20030,29357,0,8331,6021,14352,0,44191307,65014318,109205625,25967128,45048376,71015504,0,0,0,0,204690338,171310100
"2022-10-10",10325,52106,62431,0,20797,6691,27488,0,44201632,65066424,109268056,25973819,45069173,71042992,10591,0,11893,0,204700929,171321993
"2022-10-11",18262,55311,73573,0,22130,11456,33586,0,44219894,65121735,109341629,25985275,45091303,71076578,21456,0,23148,0,204722385,171345141
"2022-10-12",17908,43412,61320,0,19291,11812,31103,0,44237802,65165147,109402949,25997087,45110594,71107681,0,0,0,0,204722385,171345141
